35.01 -12.1414 247.814
35.057 -12.119 247.65
35.1128 -12.1297 247.584
35.0083 -12.0793 246.152
35.2733 -12.1457 247.544
35.2016 -12.1056 246.38
35.2167 -12.0922 246.001
35.3156 -12.0891 246.36
35.4889 -12.1016 247.217
35.502 -12.0963 247.033
35.5364 -12.1226 247.064
35.577 -12.1477 247.134
35.541 -12.0949 246.369
35.5927 -12.0817 246.499
35.6196 -12.0858 246.498
35.7283 -12.1071 247.043
35.7627 -12.1381 247.153
35.8159 -12.1704 247.4
35.7953 -12.1421 247.053
35.8144 -12.1339 247.044
35.8159 -12.1282 246.859
35.8455 -12.1339 246.876
35.8555 -12.1065 246.785
35.8848 -12.1108 246.874
35.8764 -12.0883 246.739
35.8593 -12.0742 246.557
35.8969 -12.0911 246.817
35.8687 -12.0914 246.619
35.8776 -12.0943 246.693
35.8941 -12.0958 246.816
35.8966 -12.0879 246.818
35.8684 -12.0809 246.559
35.865 -12.08 246.547
35.8818 -12.089 246.727
35.8611 -12.0734 246.52
35.8678 -12.0746 246.619
35.872 -12.0834 246.66
35.8655 -12.0814 246.618
35.8572 -12.0902 246.606
35.854 -12.0886 246.603
35.7475 -12.0357 246.084
35.7615 -12.1468 246.9
35.7 -12.1184 246.816
35.601 -12.0775 246.322
35.5129 -12.0402 245.892
35.5952 -12.149 247.166
35.4539 -12.0944 246.41
35.3592 -12.0631 246.256
35.2936 -12.0759 246.144
35.2158 -12.0939 246.233
35.1891 -12.0741 246.278
35.1101 -12.0533 246.234
35.0356 -12.0759 246.092
34.8375 -12.0429 245.765
34.691 -12.0751 245.965
34.8024 -12.1491 247.802
34.3465 -12.038 245.581
34.2057 -12.0276 245.326
34.1019 -12.0253 245.204
34.1958 -12.1241 247.167
34.0853 -12.1709 247.823
33.6681 -12.0231 245.497
33.4173 -12.0257 245.192
33.2301 -12.0485 245.259
33.0626 -11.9752 244.735
33.1936 -12.1237 247.348
32.7755 -12.0502 245.157
32.9264 -12.1959 248.021
32.4325 -12.0569 245.212
32.1619 -12.0259 244.9
32.2265 -12.1139 247.031
32.1543 -12.1456 247.639
31.6798 -12.0135 245.057
31.4945 -11.9659 244.581
31.4398 -12.0718 245.322
31.2021 -12.0623 245.295
30.668 -11.8813 241.939
30.7632 -11.9947 244.734
30.4834 -12.0397 244.716
30.2877 -11.9792 244.226
30.1539 -12.0072 244.472
29.7984 -11.9525 244.047
29.91 -12.1815 247.715
29.3854 -12.0014 244.58
29.1626 -12.0512 245.173
29.1954 -12.1803 247.74
28.6902 -12.0259 244.656
28.7521 -12.1749 247.865
28.2287 -12.0349 244.706
28.2804 -12.1728 247.979
27.7798 -12.0612 245.207
27.8117 -12.1748 248.232
27.2636 -12.0549 244.937
27.2999 -12.1452 248.038
26.6769 -11.9847 244.057
26.556 -12.0141 244.466
26.1594 -11.9541 243.885
26.2206 -12.1844 247.879
25.6845 -12.0304 244.557
25.4663 -11.948 243.931
25.5351 -12.2267 248.263
25.1675 -12.1716 248.102
24.548 -11.938 243.649
24.2192 -11.9797 244.032
24.2732 -12.2018 248.539
23.682 -11.9879 244.227
23.3192 -11.9907 244.182
22.9231 -11.9859 244.132
22.3476 -11.7431 239.831
22.3509 -11.973 244.017
21.9613 -11.9722 243.886
21.9679 -12.1944 248.401
21.3946 -11.9574 243.983
21.0035 -11.9737 243.966
20.8233 -11.9901 244.196
20.4392 -12.0045 244.298
20.0221 -11.9517 243.822
19.6183 -11.9493 243.733
19.5721 -12.1919 248.276
19.0145 -11.9718 243.643
18.9334 -12.1629 247.712
18.4458 -11.9754 244.09
18.0486 -11.9694 244.22
17.8231 -11.9563 243.719
17.4075 -11.9478 243.582
17.0277 -11.9886 243.967
16.6528 -12.0012 244.483
16.533 -12.1885 248.619
16.0142 -11.9447 243.761
15.6033 -11.9574 243.525
15.4053 -11.9745 243.907
15.0077 -12.0039 244.165
14.893 -12.2028 248.775
14.4126 -11.978 244.229
13.9894 -11.9829 244.155
13.8399 -12.2007 248.459
13.3918 -11.9821 243.992
13.1759 -12.007 244.144
12.7774 -12.0308 244.372
12.6103 -12.2149 248.8
12.1712 -11.9737 243.757
11.7628 -11.9752 244.029
11.3625 -12.0099 244.292
10.9657 -12.0441 244.531
10.7666 -11.9835 244.086
10.3697 -11.9804 244.411
10.1757 -12.0498 244.727
9.95956 -12.0048 244.243
9.55965 -12.0177 244.34
9.33681 -12.2469 249.07
8.69704 -11.896 242.348
8.53322 -12.2025 248.868
8.35445 -12.2252 249.162
7.99879 -12.0174 244.587
7.60297 -12.0671 245.034
7.2281 -12.0079 244.705
6.83808 -12.024 244.569
6.44732 -12.0644 244.989
6.25208 -12.0917 244.93
5.88356 -12.0082 244.633
5.59987 -12.2149 248.943
5.31305 -12.0518 244.826
5.1331 -12.066 245.355
4.76566 -11.9858 244.541
4.39346 -12.0646 245.48
4.08324 -12.277 249.301
3.84558 -11.9897 244.632
3.517 -12.2365 248.928
3.29187 -12.0785 245.361
3.11425 -12.0944 245.734
2.81022 -12.2477 249.002
2.41392 -12.0698 245.524
2.09365 -12.242 249.2
1.75747 -12.2646 249.317
1.54736 -12.0864 245.583
1.2209 -12.0778 245.817
1.0533 -12.0878 245.511
0.728279 -12.0467 245.322
0.395723 -12.2823 249.791
0.237946 -12.0602 245.629
-0.0774231 -12.2297 248.88
-0.230553 -12.0555 245.565
-0.560139 -12.0885 245.802
-0.853947 -12.0643 245.628
-1.14261 -12.0026 245.541
-1.30888 -12.0428 245.537
-1.62929 -12.2112 249.015
-1.94046 -12.288 249.47
-2.2352 -12.2754 249.13
-2.5121 -12.2556 249.314
-2.62706 -12.1419 246.523
-2.89278 -12.1169 246.158
-3.04957 -12.162 246.676
-3.31347 -12.1644 246.779
-3.62444 -12.3165 249.817
-3.73189 -12.2676 249.396
-3.83463 -12.153 247.167
-4.06311 -12.1015 246.56
-4.34158 -12.2166 248.902
-4.44898 -12.1646 247.014
-4.66206 -12.1289 246.538
-4.85145 -12.0088 244.275
-5.11945 -12.1301 246.537
-5.35764 -12.1548 246.91
-5.64281 -12.2989 250.011
-5.83935 -12.2855 249.536
-6.04808 -12.2934 249.567
-6.08954 -12.1746 247.361
-6.27472 -12.1618 247.097
-6.46457 -12.161 246.911
-6.55634 -12.1532 247.251
-6.75074 -12.1831 247.238
-6.93183 -12.1778 247.203
-7.08174 -12.1679 247.379
-7.24191 -12.1486 247.456
-7.38131 -12.1618 247.007
-7.4219 -12.1072 245.936
-7.69125 -12.1722 247.39
-7.747 -12.1375 247.499
-7.89737 -12.2001 247.68
-8.08169 -12.3024 249.223
-8.08973 -12.2194 247.798
-8.22764 -12.2377 248.9
-8.31292 -12.2291 247.976
-8.37589 -12.1768 247.494
-8.54351 -12.2774 249.081
-8.53668 -12.2073 247.833
-8.6209 -12.1826 247.839
-8.76364 -12.2334 248.885
-8.77587 -12.222 248.21
-8.81709 -12.2156 248.284
-8.88623 -12.2349 248.736
-8.90231 -12.2152 248.298
-8.95296 -12.2148 248.394
-9.01108 -12.2576 248.696
-9.05298 -12.2565 248.632
-9.07332 -12.2492 248.356
-9.10834 -12.24 248.39
-9.1177 -12.2008 247.894
-9.17591 -12.2265 248.528
-9.16777 -12.215 248.204
-9.2442 -12.2519 248.739
-9.2472 -12.2443 248.742
-9.25788 -12.2493 248.911
-9.26475 -12.2746 249.013
-9.2604 -12.2674 248.909
-9.26422 -12.2757 249.01
-9.26363 -12.2842 249.03
-9.25947 -12.273 248.935
-9.26892 -12.2633 249.027
-9.25641 -12.2026 248.203
-9.35889 -12.2456 248.917
-9.34404 -12.2828 249.614
-9.26267 -12.2888 249.34
-9.10412 -12.1677 247.967
-9.10507 -12.2317 248.555
-9.08718 -12.2634 249.314
-9.05243 -12.2841 249.448
-8.91151 -12.2138 248.963
-8.80211 -12.2221 248.119
-8.79729 -12.3064 249.471
-8.68581 -12.2886 249.632
-8.56633 -12.3162 249.871
-8.46216 -12.2381 249.22
-8.38301 -12.3479 249.888
-8.21493 -12.2882 249.629
-8.02847 -12.2368 249.188
-7.9247 -12.3276 250.046
-7.76024 -12.3115 249.954
-7.55667 -12.2423 249.411
-7.50168 -12.2986 250.001
-7.30141 -12.2625 249.805
-7.11176 -12.2525 249.625
-6.88585 -12.2094 248.031
-6.83015 -12.2909 249.918
-6.61967 -12.2549 249.556
-6.27427 -12.1961 247.731
-6.21218 -12.2922 250.076
-5.99601 -12.2883 250.033
-5.72283 -12.1978 247.915
-5.67046 -12.3398 250.581
-5.44012 -12.3511 250.613
-5.13303 -12.1989 247.367
-5.13063 -12.474 253.483
-4.81956 -12.3238 250.677
-4.56481 -12.3264 250.373
-4.24483 -12.179 247.333
-4.02772 -12.3385 250.636
-3.76114 -12.3385 250.612
-3.40748 -12.1437 247.303
-3.34322 -12.3907 251.059
-3.17606 -12.3168 250.521
-2.88646 -12.3319 250.461
-2.5368 -12.1453 247.035
-2.41483 -12.2103 247.701
-2.27044 -12.3054 250.243
-1.96626 -12.323 250.315
-1.79414 -12.279 250.127
-1.48993 -12.1988 247.61
-1.33107 -12.297 250.303
-1.15162 -12.2825 250.464
-0.839775 -12.3235 250.578
-0.501562 -12.1395 246.876
-0.354948 -12.3575 251.097
0.00866318 -12.3111 250.758
0.323345 -12.3233 250.592
0.521231 -12.244 249.842
0.851032 -12.3482 251.067
1.21074 -12.3074 250.849
1.38829 -12.3015 250.411
1.56273 -12.3259 251.034
1.95101 -12.2848 250.374
2.31495 -12.3016 250.408
2.64996 -12.3404 250.866
2.99652 -12.1084 246.563
3.23443 -12.2655 250.255
3.53287 -12.1421 246.8
3.78732 -12.317 250.572
3.9861 -12.2833 250.634
4.35704 -12.3179 250.682
4.65803 -12.0877 246.143
5.0507 -12.0783 246.109
5.42849 -12.0799 246.144
5.72697 -12.3713 251.252
6.0257 -12.0746 246.071
6.40647 -12.0493 245.766
6.79764 -12.1033 246.062
7.21103 -12.1393 246.495
7.52942 -12.3225 250.794
7.94791 -12.2861 250.538
8.3575 -12.2804 250.34
8.76992 -12.3129 250.563
9.19217 -12.325 250.674
9.40758 -12.359 251.127
9.79975 -12.3003 250.569
10.2177 -12.2809 250.376
10.4313 -12.2567 250.122
10.638 -12.2699 250.282
11.0546 -12.3676 250.916
11.4805 -12.3508 250.882
12.0506 -12.2476 249.649
12.5121 -12.2649 250.226
12.6838 -12.0701 245.589
13.1462 -12.2471 250.03
13.5757 -12.311 250.827
13.7854 -12.3017 250.579
14.1803 -12.2824 250.136
14.3328 -12.0293 245.403
15.2385 -12.4041 253.475
15.4871 -12.2691 250.58
15.8674 -12.2974 250.374
15.9965 -12.0856 245.91
16.1877 -12.0398 245.531
16.6999 -12.2608 250.192
17.1179 -12.2623 250.278
17.5369 -12.2467 250.2
17.9563 -12.3302 250.432
18.36 -12.2915 250.202
18.7687 -12.2516 249.956
19.1402 -12.2189 249.338
19.5658 -12.2652 249.749
19.8244 -12.3296 250.558
20.2073 -12.2849 250.222
20.5757 -12.2351 249.548
21.0107 -12.2591 249.827
21.4155 -12.2959 250.098
21.8048 -12.319 249.96
21.9865 -12.2483 249.697
22.1883 -12.237 249.747
22.5812 -12.2789 249.806
22.9415 -12.2733 249.689
23.1185 -12.0097 245.09
23.5244 -12.0649 245.618
24.1033 -12.2753 249.74
24.6982 -12.4595 253.786
24.6317 -12.2282 249.232
25.0278 -12.2808 249.779
25.3598 -12.2105 249.22
25.7012 -12.1712 248.922
25.672 -12.0237 245.405
26.2565 -12.21 249.236
26.6305 -12.2677 249.484
26.5821 -12.0325 245.712
26.8961 -12.0626 245.714
27.4507 -12.2022 249.155
27.8741 -12.3212 250.185
28.0627 -12.1769 248.608
28.391 -12.2114 248.908
28.9911 -12.37 252.653
28.9232 -12.2369 249.328
29.2077 -12.2366 249.126
29.0812 -12.0248 245.417
29.6644 -12.2135 249.094
29.9504 -12.1999 248.947
30.2315 -12.2154 248.979
30.2369 -12.0223 245.472
30.8061 -12.2414 249.074
31.1516 -12.2011 248.488
31.091 -12.0914 245.967
31.5399 -12.1824 248.357
31.8172 -12.2154 248.594
32.0757 -12.2151 248.661
32.6896 -12.3731 251.584
32.5434 -12.2146 248.631
32.7581 -12.2096 248.512
32.9654 -12.2006 248.376
33.0929 -12.1901 248.508
33.3032 -12.2086 248.471
33.1786 -12.0843 245.99
33.6742 -12.1768 248.252
33.6404 -12.092 245.888
33.9726 -12.1237 247.617
34.2025 -12.1748 248.193
34.3842 -12.2125 248.298
34.4835 -12.172 247.815
34.4249 -12.0526 246.219
34.7259 -12.1532 247.902
34.8598 -12.1305 247.776
35.0135 -12.1894 248.068
35.0952 -12.1717 247.701
35.153 -12.1515 247.747
35.2123 -12.1075 247.185
35.3895 -12.2033 247.922
35.2927 -12.1065 246.444
35.3515 -12.0848 246.459
35.4308 -12.0935 246.49
35.5807 -12.1158 246.98
35.5974 -12.1044 246.69
35.6847 -12.0928 246.709
35.7599 -12.129 246.964
35.7761 -12.119 246.829
35.859 -12.1261 247.168
35.839 -12.0992 246.731
35.8649 -12.1029 246.835
35.8741 -12.1122 246.824
35.867 -12.108 246.673
35.8674 -12.1015 246.684
35.8735 -12.101 246.727
35.8711 -12.0954 246.681
35.8582 -12.0888 246.57
35.8697 -12.0842 246.681
35.8603 -12.0721 246.631
35.8509 -12.0783 246.566
35.8686 -12.106 246.76
35.8462 -12.103 246.644
35.7958 -12.0906 246.378
35.6773 -12.06 245.771
35.7123 -12.1217 246.533
35.7171 -12.1034 246.818
35.5862 -12.0624 246.14
35.7014 -12.1555 247.496
35.4636 -12.1128 246.161
35.4788 -12.1675 246.684
35.3858 -12.063 246.283
35.2616 -12.0673 245.917
35.3434 -12.155 247.074
35.307 -12.1539 247.339
35.0473 -12.0417 245.765
34.9163 -12.0619 245.743
34.69 -12.0091 245.128
34.6085 -12.048 245.812
34.2885 -11.9624 244.045
34.3529 -12.0559 245.621
34.1696 -12.0665 245.574
33.9668 -12.0813 245.493
34.0678 -12.1392 247.513
33.7065 -12.0719 245.698
33.7483 -12.1542 247.425
33.2884 -11.9875 244.713
33.481 -12.1523 247.713
33.3323 -12.1868 247.595
32.8543 -12.0151 244.751
32.4419 -11.9421 242.674
32.3909 -12.0076 244.76
31.9947 -11.9443 242.835
32.0923 -12.0402 245.301
31.806 -12.0315 245.05
31.1776 -11.8713 242.143
31.1749 -12.0552 245.263
30.7987 -11.9811 244.337
30.5523 -11.9751 244.56
30.715 -12.171 248.15
30.1263 -11.962 244.421
30.0021 -12.0202 244.684
30.0401 -12.1427 247.36
29.5859 -12.047 244.87
29.3748 -12.0698 245.387
29.0276 -11.994 244.602
28.7117 -12.0535 244.727
28.5239 -11.981 244.274
28.404 -12.0219 244.739
28.0134 -11.95 243.962
27.7473 -11.9811 244.512
27.5375 -11.9278 244.014
27.6417 -12.2116 248.25
27.4614 -12.1553 247.977
26.8575 -11.9595 244.022
26.5565 -12.0167 244.425
26.6149 -12.2104 248.209
26.233 -12.1886 248.045
25.6246 -11.9607 243.705
25.2726 -11.9529 243.817
25.0466 -11.9279 243.283
24.7583 -11.9916 244.035
24.6013 -12.0119 244.366
24.1883 -11.9576 243.714
24.23 -12.1946 248.173
23.673 -11.9865 244.105
23.2617 -11.9189 243.564
23.0922 -11.9815 243.932
22.7421 -11.9726 244.099
22.3409 -11.9779 243.911
22.1601 -11.9973 244.095
21.777 -12.0035 244.195
21.5585 -12.0003 243.852
21.1762 -11.9495 243.763
20.7925 -11.9692 243.909
20.5955 -11.9772 243.861
20.2166 -11.9941 244.009
19.9774 -12.179 248.362
19.4065 -11.9138 243.649
18.9901 -11.9555 243.531
18.5922 -11.9685 243.643
18.2029 -11.9686 243.924
17.792 -11.9227 243.719
17.3916 -11.9598 243.985
17.3043 -12.2365 248.641
16.7707 -11.9888 243.738
16.6843 -12.2226 248.735
16.1936 -12.0165 244.441
15.7716 -11.9678 243.911
15.3533 -11.9759 244.027
14.9394 -11.9898 243.939
14.5229 -11.9731 243.798
14.3998 -12.2337 248.99
13.9397 -12.009 244.364
13.527 -11.9799 244.237
13.3665 -12.2138 248.895
12.8996 -11.9871 244.196
12.7155 -12.2198 248.67
12.2844 -11.9924 243.962
11.8858 -12.0116 244.391
11.4742 -12.0295 244.489
11.2827 -12.0129 244.448
11.0633 -11.9566 243.751
10.6607 -11.9993 244.251
10.2696 -12.0017 244.457
9.87281 -11.9961 244.489
9.66133 -11.9775 244.173
9.27683 -11.9903 244.451
9.04501 -12.2596 249.438
8.67467 -12.0317 244.616
8.29277 -12.0151 244.83
7.89394 -12.0062 244.489
7.63638 -12.2302 249.142
7.30404 -11.9975 244.57
6.91951 -11.992 244.559
6.53486 -12.0544 245.028
6.16176 -11.9985 244.358
5.961 -12.03 244.689
5.7775 -12.0376 244.778
5.40163 -12.0461 244.996
5.03351 -12.0031 244.59
4.64887 -12.0531 245.028
4.27922 -12.0625 245.077
3.92136 -12.0069 244.803
3.73793 -12.0542 244.842
3.37444 -12.0331 245.127
3.18932 -12.068 245.375
2.89121 -12.2246 248.794
2.66829 -12.0268 245.046
2.31673 -12.0327 245.267
1.95896 -12.1032 245.716
1.62394 -12.0464 245.327
1.43058 -11.9063 242.121
1.11968 -12.0433 245.335
0.788456 -12.255 249.08
0.604839 -12.0867 245.836
0.287195 -12.026 245.058
-0.0327969 -12.0745 245.616
-0.531321 -12.2909 249.535
-0.833391 -12.2243 248.944
-0.966984 -12.0479 245.381
-1.28411 -12.0698 245.831
-1.58498 -12.0696 245.505
-1.88876 -12.126 246.192
-2.2098 -12.2857 249.408
-2.32105 -12.118 246.021
-2.48435 -12.1656 246.048
-2.74456 -12.1015 245.959
-3.03742 -12.1532 246.663
-3.32534 -12.2564 249.08
-3.5842 -12.224 248.916
-3.68888 -12.1162 246.279
-3.94127 -12.0904 246.151
-4.02909 -12.0027 243.864
-4.31197 -12.1227 246.407
-4.55851 -12.1392 246.627
-4.77916 -12.1087 246.497
-5.19186 -12.268 249.296
-5.24128 -12.1329 246.771
-5.46216 -12.1342 246.74
-5.69449 -12.1663 247.125
-5.89115 -12.1553 247.004
-6.00227 -12.1508 247.228
-6.19614 -12.1696 247.188
-6.39115 -12.1955 247.424
-6.57942 -12.1797 247.209
-6.6623 -12.1523 247.251
-6.85329 -12.1612 247.252
-6.95795 -12.1953 247.776
-7.2474 -12.2809 249.53
-7.27412 -12.1847 247.562
-7.4311 -12.1986 247.568
-7.5844 -12.2026 247.894
-7.71756 -12.1837 247.583
-7.85287 -12.2022 247.659
-7.95513 -12.1636 247.404
-8.04246 -12.1964 248.024
-8.17651 -12.221 247.99
-8.25527 -12.1721 248
-8.37988 -12.2244 247.931
-8.48126 -12.2371 248.026
-8.52847 -12.2406 248.292
-8.5768 -12.2594 248.217
-8.69519 -12.2228 248.574
-8.80244 -12.2772 249.301
-8.81036 -12.2507 248.51
-8.85918 -12.235 248.121
-8.90003 -12.1967 248.076
-8.94499 -12.2227 248.285
-9.01345 -12.2715 248.74
-9.06801 -12.2947 249.389
-9.01806 -12.1938 247.529
-9.11764 -12.2243 247.976
-9.14401 -12.1731 247.891
-9.27892 -12.3256 249.42
-9.27417 -12.2919 249.108
-9.27457 -12.2796 249.09
-9.27773 -12.273 249.152
-9.2791 -12.2808 249.148
-9.28573 -12.2917 249.216
-9.28325 -12.2827 249.227
-9.27615 -12.2902 249.16
-9.26217 -12.2771 248.918
-9.24641 -12.2539 248.692
-9.23016 -12.2024 247.552
-9.31772 -12.221 248.261
-9.35402 -12.2618 249.113
-9.28025 -12.266 248.668
-9.24817 -12.2693 249.073
-9.23366 -12.3008 249.37
-9.13028 -12.2476 249.247
-9.09411 -12.343 249.943
-8.95171 -12.2862 249.207
-8.87526 -12.3046 249.871
-8.75729 -12.2985 249.636
-8.57785 -12.2232 248.391
-8.55692 -12.3033 249.59
-8.43506 -12.2853 249.733
-8.28331 -12.2882 249.804
-8.10733 -12.2497 248.516
-8.07745 -12.3085 249.715
-7.91161 -12.3104 249.962
-7.73528 -12.2888 249.779
-7.66411 -12.3004 249.736
-7.50639 -12.3121 250.383
-7.29001 -12.2755 249.753
-7.0772 -12.2013 248.047
-6.90037 -12.2184 247.974
-6.84962 -12.3159 250.174
-6.64036 -12.2794 249.893
-6.45677 -12.3077 250.169
-6.16387 -12.177 247.757
-6.13277 -12.3375 250.514
-6.0028 -12.3051 249.929
-5.78992 -12.288 250.191
-5.54122 -12.2752 249.98
-5.29798 -12.251 249.6
-5.07041 -12.2733 249.815
-4.83325 -12.2804 249.712
-4.56001 -12.1883 247.842
-4.46009 -12.28 250.314
-4.20077 -12.3115 250.352
-4.08336 -12.3256 250.655
-3.82896 -12.3712 251.147
-3.48516 -12.1824 247.445
-3.38924 -12.3407 250.741
-3.10981 -12.3387 250.738
-2.81491 -12.3399 250.667
-2.4593 -12.1376 247.077
-2.36632 -12.3418 250.687
-2.06792 -12.3524 250.65
-1.75104 -12.3283 250.765
-1.58574 -12.2992 250.455
-1.28797 -12.3454 251.065
-0.960342 -12.3629 250.883
-0.793451 -12.3389 250.691
-0.621784 -12.3029 250.912
-0.29917 -12.3615 251.006
0.0581932 -12.2819 250.156
0.377785 -12.1313 246.946
0.544111 -12.1562 247.22
0.741016 -12.3065 250.568
1.0775 -12.3786 251.321
1.43813 -12.3118 250.748
1.63825 -12.2833 250.599
1.99003 -12.3442 250.924
2.29464 -12.1146 246.379
2.67536 -12.1467 246.819
2.91923 -12.3287 250.833
3.27965 -12.2855 250.412
3.65301 -12.3869 251.2
4.04076 -12.3151 250.439
4.42898 -12.2341 250.12
4.80696 -12.3483 250.987
5.20227 -12.2708 250.282
5.58883 -12.2811 250.416
5.88159 -12.1198 246.303
6.27572 -12.1342 246.713
6.6725 -12.0997 246.305
7.0619 -12.0733 245.868
7.39841 -12.3091 250.573
7.66654 -12.1334 246.664
8.02025 -12.3481 251.074
8.4161 -12.3227 250.542
8.82452 -12.3336 250.866
9.08034 -12.0253 245.62
9.48215 -12.1027 246.286
9.89558 -12.1098 246.378
10.2844 -12.2994 250.514
10.6966 -12.2593 250.03
11.1276 -12.248 250.149
11.5608 -12.2596 250.327
11.7732 -12.0829 245.969
12.1932 -12.3138 250.422
12.5994 -12.3204 250.699
13.0137 -12.2756 250.197
13.2377 -12.264 250.225
13.6492 -12.2624 250.213
14.0632 -12.271 250.097
14.4939 -12.297 250.497
14.906 -12.255 250.086
15.1383 -12.2897 250.576
15.5528 -12.2947 250.533
15.9696 -12.2685 250.368
16.3814 -12.262 250.157
16.4982 -12.0617 245.816
17.0295 -12.3208 250.705
17.4481 -12.3045 250.615
17.8455 -12.2627 250.199
18.0275 -12.226 249.609
18.3297 -12.0153 245.268
18.771 -12.0884 245.846
19.2964 -12.2896 250.06
19.701 -12.2554 249.922
19.9649 -12.0783 245.781
20.39 -12.1107 246.095
20.7385 -12.0526 245.384
21.3039 -12.2546 249.614
21.7366 -12.2808 250.087
21.9181 -12.2615 249.862
22.2869 -12.2347 249.627
22.2742 -12.0273 245.193
22.6718 -12.0655 245.501
23.2828 -12.2731 249.905
23.4331 -12.2348 249.518
23.9797 -12.2072 249.208
24.4639 -12.3192 250.454
24.3572 -12.0537 245.623
24.9193 -12.2231 249.301
25.4519 -12.2596 249.266
25.6905 -12.2521 249.708
26.0616 -12.2573 249.865
26.3919 -12.2784 249.71
26.7486 -12.2512 249.654
27.0878 -12.2295 249.538
27.4245 -12.2355 249.487
27.5957 -12.2424 249.378
27.9065 -12.213 249.297
28.2473 -12.2302 249.434
28.118 -12.0373 245.494
28.6634 -12.1817 248.559
28.6154 -12.0288 245.591
29.1586 -12.1688 248.838
29.4983 -12.2039 249.216
29.793 -12.2086 249.164
30.0535 -12.2037 248.934
30.2245 -12.2204 249.22
30.4628 -12.1803 248.698
30.4067 -12.0814 246.127
30.8773 -12.1966 248.692
31.1576 -12.2199 248.816
31.4298 -12.2209 248.87
31.5746 -12.1973 248.917
31.7778 -12.179 248.505
32.0178 -12.1594 248.359
31.9544 -12.076 246.056
32.3977 -12.1814 248.517
32.6453 -12.1967 248.672
32.4889 -12.0414 245.788
32.9332 -12.1741 248.299
33.2167 -12.224 248.851
33.2959 -12.1918 248.56
33.5228 -12.1855 248.675
33.7713 -12.1918 248.388
33.8191 -12.1228 246.747
34.1036 -12.1949 248.199
34.0572 -12.075 246.532
34.3266 -12.188 247.951
34.4373 -12.1285 247.549
34.6757 -12.176 248.174
34.5411 -12.1081 246.2
34.8551 -12.1383 247.836
34.7781 -12.1009 246.535
35.1 -12.1661 247.82
35.2415 -12.1445 247.918
35.3018 -12.1351 247.588
35.4082 -12.1634 247.647
35.5054 -12.1199 247.601
35.5797 -12.1574 247.684
35.4978 -12.1165 246.542
35.7267 -12.1569 247.841
35.7495 -12.1429 247.476
35.7668 -12.1392 247.264
35.7343 -12.1303 246.716
35.7995 -12.1407 246.987
35.8559 -12.1255 247.044
35.8873 -12.1259 247.164
35.8935 -12.1109 247.008
35.8904 -12.1072 246.912
35.8903 -12.1006 246.841
35.8833 -12.0976 246.76
35.8723 -12.091 246.649
35.8762 -12.0872 246.722
35.8995 -12.0949 246.897
35.8924 -12.0953 246.838
35.8923 -12.0912 246.844
35.8834 -12.0848 246.792
35.8644 -12.0738 246.709
35.8801 -12.0959 246.902
35.7952 -12.065 246.369
35.7562 -12.0907 246.575
35.7691 -12.151 247.09
35.6537 -12.0984 246.49
35.5605 -12.0631 246.225
35.5315 -12.1356 246.639
35.478 -12.1182 246.482
35.3351 -12.0789 245.981
35.2961 -12.0489 246.206
35.2586 -12.099 246.578
35.2818 -12.114 247.197
35.074 -12.0499 245.968
35.1957 -12.1628 247.526
34.8704 -12.043 245.623
34.7254 -12.0709 245.772
34.6009 -12.054 245.875
34.2255 -11.9678 243.766
34.2972 -12.0433 245.491
34.1697 -12.0465 245.874
33.9255 -12.045 245.362
33.7448 -12.0445 245.483
33.8623 -12.1745 247.799
33.4422 -12.027 245.336
33.284 -12.0127 244.945
33.4384 -12.1536 247.73
32.9632 -12.0068 244.986
32.8094 -12.0593 245.58
32.5608 -12.0475 245.455
32.302 -12.0326 245.235
32.0887 -12.0283 245.384
31.7598 -11.9955 244.836
31.5402 -12.0147 245.145
31.624 -12.1583 247.819
31.0969 -12.011 244.789
30.8282 -11.9985 244.877
30.5534 -11.984 244.817
30.3879 -11.9997 244.617
30.1287 -12.0172 244.908
30.0086 -12.0429 245.03
30.0306 -12.1255 247.38
29.6166 -12.0753 245.253
29.3027 -12.0182 244.791
29.1279 -12.0351 244.634
29.1879 -12.1566 247.741
28.9405 -12.1873 248.32
28.3725 -12.0181 244.868
27.9863 -11.9683 244.176
27.7281 -12.0088 244.808
27.5593 -12.0284 244.822
27.213 -12.0147 244.754
27.0191 -12.0122 244.428
26.621 -11.9608 243.809
26.0879 -11.8003 240.449
26.1475 -12.0412 244.403
25.7963 -11.9962 244.213
25.4537 -12.006 244.165
25.4843 -12.1709 247.998
24.9172 -12.0147 244.422
24.7516 -12.0523 244.554
24.3296 -11.927 243.623
24.006 -11.9917 244.296
23.4741 -11.8599 240.772
23.4545 -11.9771 244.139
23.0866 -11.9736 244.123
23.1108 -12.2309 248.578
22.5409 -12.0289 244.443
22.1249 -11.9681 243.974
21.7658 -11.9757 244.152
21.2133 -11.812 240.155
21.1664 -11.9795 243.901
20.773 -11.9609 243.865
20.6047 -12.0018 244.272
20.2062 -11.9878 244.083
20.1664 -12.2027 248.529
19.7563 -12.1779 248.329
19.3493 -12.1911 248.345
18.8009 -11.9699 243.882
18.404 -11.9806 243.927
17.9997 -11.9478 243.744
17.5943 -11.9829 244.029
17.3109 -12.229 248.55
16.8033 -11.9935 244.106
16.4154 -12.0471 244.723
16.2198 -12.0474 244.689
15.7742 -11.9434 243.776
15.3748 -11.9619 244.044
14.9671 -11.9816 244.007
14.8379 -12.2085 248.739
14.4255 -12.219 248.868
14.2236 -12.2146 248.919
13.8145 -12.2118 248.958
13.3561 -12.0051 244.573
12.9202 -11.9714 244.096
12.6944 -11.9353 243.581
12.317 -12.0042 244.2
12.1302 -12.2176 248.912
11.7275 -12.2113 248.909
11.3033 -12.2099 248.951
11.1018 -12.2456 248.936
10.7089 -12.0024 244.54
10.3113 -12.0472 244.765
10.0789 -12.2577 249.198
9.70235 -11.9899 244.441
9.30415 -12.0139 244.667
8.91028 -12.044 244.936
8.71582 -12.0202 244.629
8.32367 -12.0085 244.742
7.92865 -11.9731 244.195
7.53431 -11.998 244.384
7.15729 -12.0318 244.774
6.8462 -11.8218 240.528
6.46384 -11.8551 240.849
6.18542 -12.0252 244.366
5.82526 -12.0632 245.274
5.43694 -12.0238 244.785
5.06099 -12.0155 244.628
4.77435 -12.2467 249.184
4.51814 -12.0814 245.442
4.15398 -12.0363 245.05
3.85603 -12.2188 249.019
3.60657 -12.0255 245.138
3.42166 -12.037 244.99
3.06186 -12.099 245.495
2.70567 -12.09 245.504
2.35853 -12.0791 245.547
2.017 -12.0892 245.525
1.68087 -12.0659 245.603
1.35134 -12.0672 245.769
1.18382 -12.0415 245.434
0.838558 -12.1134 245.907
0.516838 -12.0601 245.488
0.189003 -12.1041 245.911
-0.13147 -12.0969 246.089
-0.437914 -12.0738 245.807
-0.595366 -12.1095 246.264
-0.89678 -12.0934 245.767
-1.21989 -12.1342 246.318
-1.50443 -12.1022 246.165
-1.78232 -12.0516 245.657
-2.08795 -12.1138 245.894
-2.22672 -12.0895 246.067
-2.54036 -12.2627 249.275
-2.84489 -12.3231 249.743
-2.94031 -12.1195 246.603
-3.20579 -12.132 246.589
-3.47053 -12.1583 246.642
-3.76292 -12.2901 249.511
-4.03128 -12.3038 249.763
-4.2805 -12.2725 249.493
-4.51071 -12.2662 249.299
-4.76023 -12.2793 249.432
-4.82532 -12.1608 246.792
-5.05569 -12.1454 246.831
-5.27768 -12.1566 246.854
-5.50642 -12.1639 246.957
-5.62789 -12.1806 247.36
-5.81802 -12.1541 247.015
-6.07913 -12.2567 249.066
-6.15202 -12.212 248.807
-6.22128 -12.1788 247.147
-6.40287 -12.1518 247.111
-6.60436 -12.1695 247.491
-6.78076 -12.1503 247.213
-6.9535 -12.1556 247.139
-7.12153 -12.1862 247.427
-7.29428 -12.1986 247.769
-7.44189 -12.1897 247.46
-7.51673 -12.1686 247.839
-7.66455 -12.1851 247.568
-7.79794 -12.2009 247.866
-7.92633 -12.1844 247.676
-8.06725 -12.2348 247.822
-8.15602 -12.166 247.595
-8.31481 -12.2555 248.406
-8.39184 -12.2068 247.92
-8.47444 -12.1778 248.059
-8.58886 -12.2303 248.112
-8.60013 -12.1903 247.526
-8.64485 -12.1396 247.551
-8.81579 -12.2692 249.401
-8.82156 -12.2462 248.473
-8.87202 -12.2192 248.4
-8.91274 -12.2068 248.509
-8.95692 -12.2028 248.292
-9.01345 -12.2398 248.523
-9.09036 -12.2603 249.198
-9.10441 -12.2466 248.943
-9.09312 -12.1822 248.065
-9.12562 -12.1707 247.959
-9.22631 -12.244 248.565
-9.27871 -12.2811 249.206
-9.28061 -12.2866 249.19
-9.28229 -12.2783 249.177
-9.27022 -12.2626 248.995
-9.27244 -12.2498 248.962
-9.27199 -12.2564 248.946
-9.28899 -12.2696 249.189
-9.2845 -12.271 249.096
-9.28802 -12.2751 249.248
-9.27411 -12.2379 248.706
-9.34086 -12.2499 249.077
-9.34133 -12.2068 248.346
-9.3223 -12.244 248.473
-9.34545 -12.3193 249.554
-9.26113 -12.3043 249.431
-9.2214 -12.2914 249.395
-9.08989 -12.2173 248.215
-9.10122 -12.2932 249.43
-9.05058 -12.357 250.66
-8.90462 -12.3125 249.56
-8.79055 -12.2879 249.444
-8.62975 -12.2136 248.288
-8.60761 -12.2907 249.722
-8.46831 -12.2626 249.224
-8.35329 -12.3181 249.927
-8.12485 -12.1425 247.672
-8.03371 -12.2439 248.596
-8.00666 -12.3158 250.251
-7.75177 -12.1932 247.971
-7.75214 -12.3193 250.085
-7.56524 -12.2813 249.749
-7.39717 -12.3101 250.115
-7.21031 -12.3013 249.874
-7.1113 -12.2507 249.728
-6.93142 -12.3061 250.139
-6.67963 -12.2068 248.01
-6.62621 -12.3015 249.889
-6.43728 -12.3312 250.304
-6.20197 -12.3148 250.143
-5.91077 -12.1549 247.493
-5.89531 -12.354 250.73
-5.51686 -12.3095 250.213
-5.24578 -12.2039 247.991
-4.99452 -12.1996 247.851
-4.74522 -12.1952 247.756
-4.6517 -12.2704 250.019
-4.39734 -12.311 250.319
-4.13298 -12.3074 250.242
-4.06276 -12.4972 254.017
-3.72536 -12.3382 250.835
-3.43802 -12.3151 250.416
-3.17523 -12.3472 251.066
-2.86537 -12.3696 251.183
-2.5548 -12.3044 250.707
-2.22711 -12.1733 247.582
-2.08304 -12.2994 250.485
-1.9341 -12.3552 251.084
-1.77667 -12.4398 253.335
-1.48353 -12.3277 251.109
-1.15122 -12.3589 250.79
-0.804293 -12.1513 247.322
-0.642187 -12.2533 249.83
-0.331108 -12.3367 251.08
0.00751495 -12.32 250.312
0.166651 -12.3464 250.687
0.50185 -12.3385 250.803
0.680616 -12.3578 250.927
1.04848 -12.2862 250.446
1.36233 -12.1276 246.756
1.57896 -12.329 250.955
1.93032 -12.3158 250.61
2.27812 -12.3488 250.897
2.47606 -12.3473 251.113
2.85817 -12.3143 250.409
3.03789 -12.2797 250.414
3.5356 -12.1873 246.788
3.92313 -12.0643 246.033
4.18842 -12.2964 250.628
4.56073 -12.3664 251.24
4.86534 -12.0896 246.164
5.34179 -12.2612 250.24
5.6343 -12.1104 246.359
6.03836 -12.1106 246.666
6.32128 -12.2841 250.216
6.72356 -12.2984 250.665
6.93134 -12.3274 251.038
7.33055 -12.3476 251.132
7.71175 -12.3148 250.573
8.13391 -12.2925 250.526
8.38862 -12.0615 245.788
8.79365 -12.1249 246.437
9.16582 -12.3394 251.154
9.55299 -12.2758 250.269
9.75944 -12.3143 250.752
10.2113 -12.0403 245.83
10.6107 -12.2065 249.694
11.0322 -12.3419 250.825
11.443 -12.3053 250.492
11.8472 -12.2481 249.915
12.0475 -12.2411 249.794
12.2555 -12.0275 245.438
12.7251 -12.2957 250.581
13.3167 -12.2979 250.026
13.5263 -12.0794 245.922
13.9358 -12.0539 245.723
14.4003 -12.2708 250.237
14.8291 -12.2367 250.113
15.2611 -12.2751 250.41
15.3991 -12.0675 245.873
15.9171 -12.3243 250.851
16.3397 -12.3157 250.762
16.7235 -12.2678 250.137
17.1296 -12.2536 249.922
17.3566 -12.2817 250.323
17.78 -12.2748 250.269
18.1925 -12.2753 250.073
18.6319 -12.2963 250.391
19.0307 -12.2828 250.265
19.4186 -12.2148 249.684
19.8323 -12.2257 249.672
20.2512 -12.2929 250.088
20.6508 -12.2903 250.022
21.0419 -12.2369 249.706
21.2483 -12.2698 249.928
21.6765 -12.2898 250.154
21.7213 -12.0725 245.909
22.2884 -12.2786 250.021
22.5853 -12.1861 249.171
23.2063 -12.2735 249.821
23.2086 -12.0984 245.857
23.7608 -12.2512 249.607
24.1274 -12.2556 249.583
24.4891 -12.2592 249.591
25.1012 -12.4266 253.766
24.839 -12.075 245.856
25.1502 -12.0272 245.235
25.5523 -12.0568 245.865
26.1109 -12.2118 249.437
26.4655 -12.2658 249.638
26.6058 -12.1174 246.245
26.9151 -12.0683 245.854
27.4329 -12.1932 248.985
27.8373 -12.2745 249.709
27.9721 -12.2336 249.327
28.7173 -12.4454 253.069
28.9832 -12.3527 252.416
29.0916 -12.226 249.304
29.2804 -12.253 249.739
29.5156 -12.2076 248.987
29.7999 -12.2055 248.871
30.1384 -12.2513 249.34
30.3627 -12.1817 248.71
30.301 -12.047 245.903
30.7991 -12.1871 248.82
30.6783 -12.0139 245.657
31.2462 -12.2186 249.245
31.5087 -12.2402 249.238
31.7128 -12.2212 248.844
31.8397 -12.2155 248.793
32.0795 -12.205 248.726
32.2941 -12.1964 248.535
32.5228 -12.1981 248.509
32.7412 -12.1928 248.408
32.9218 -12.1649 248.098
33.1666 -12.1836 248.327
33.3563 -12.1534 248.052
33.2655 -12.0433 245.955
33.6816 -12.2068 248.374
33.5799 -12.082 246.205
33.9692 -12.202 248.464
34.1494 -12.2198 248.508
34.5412 -12.2977 250.736
34.3987 -12.1951 248.388
34.5574 -12.1981 248.348
34.4255 -12.066 246.203
34.5884 -12.1445 246.472
34.9053 -12.1497 247.646
35.0433 -12.2164 248.31
35.0978 -12.1287 247.634
35.182 -12.1602 247.54
35.3026 -12.1227 247.482
35.3615 -12.1813 247.654
35.4589 -12.1445 247.549
35.5285 -12.1355 247.398
35.5506 -12.1267 247.321
35.6499 -12.1661 247.501
35.691 -12.1249 247.224
35.785 -12.1191 247.375
35.7801 -12.1411 247.114
35.7839 -12.1129 246.657
35.9056 -12.1168 247.322
35.8805 -12.0939 246.916
35.9077 -12.109 247.013
35.9153 -12.1147 247.033
35.901 -12.1188 246.886
35.8975 -12.1198 246.866
35.8922 -12.1138 246.84
35.8899 -12.0999 246.81
35.8869 -12.0908 246.762
35.8844 -12.0929 246.778
35.8723 -12.0915 246.742
35.8804 -12.0986 246.816
35.8219 -12.0717 246.433
35.8033 -12.1065 246.563
35.7272 -12.1177 246.434
35.8117 -12.1592 247.4
35.6513 -12.1021 246.446
35.6497 -12.0798 246.807
35.627 -12.1424 247.266
35.4626 -12.102 246.328
35.3984 -12.0819 246.376
35.3046 -12.0241 245.879
35.2855 -12.12 246.488
35.2245 -12.113 246.51
35.1849 -12.0916 246.443
35.0273 -12.0822 246.122
34.8515 -12.0335 245.676
34.6885 -12.0582 245.638
34.7975 -12.1332 247.455
34.5967 -12.1023 247.113
34.2851 -12.0547 245.6
34.1137 -12.0271 245.647
33.9571 -12.0515 245.866
33.7395 -12.0605 245.651
33.5126 -12.0476 245.464
33.6596 -12.1852 247.973
33.4161 -12.1743 247.868
32.9767 -12.0168 245.38
32.734 -12.0288 245.251
32.4722 -12.0119 245.026
32.3652 -12.0516 245.298
32.1498 -12.0399 245.489
32.2586 -12.189 248.139
31.6945 -12.011 244.814
31.6913 -12.1461 247.788
31.4454 -12.1306 247.904
30.9536 -12.0387 245.167
30.6929 -12.0121 245.161
30.5342 -12.055 245.087
30.0331 -11.87 241.935
30.0581 -12.0422 245.358
29.8854 -12.0749 245.11
29.5764 -12.0521 244.881
29.3198 -12.0354 245.175
29.1327 -12.0495 244.984
28.8204 -12.0029 244.824
28.8861 -12.1836 248.127
28.2933 -11.9747 244.425
27.9714 -11.9885 244.445
27.7218 -12.0189 245.141
27.507 -12.0027 244.662
27.3184 -11.9875 244.46
26.9553 -11.9929 244.353
26.4186 -11.8309 240.946
26.423 -11.9487 243.913
26.1116 -12.0486 244.722
25.7252 -11.9498 243.984
25.8015 -12.1721 248.116
25.1956 -11.9949 244.138
24.8141 -11.9339 243.771
24.6658 -11.9752 244.163
24.3111 -11.9972 244.311
24.3238 -12.1532 248.06
24.1365 -12.1748 248.048
23.569 -12.0023 244.235
23.5735 -12.1479 248.044
23.0047 -11.9589 244.175
22.9823 -12.177 247.925
22.4087 -11.971 243.823
21.8867 -11.819 240.37
21.8823 -11.9792 244.361
21.4307 -11.9306 243.381
21.0527 -11.9702 243.75
20.7102 -11.9709 244.158
20.2908 -11.9378 243.884
19.8855 -11.9655 243.894
19.4815 -11.9797 243.849
19.4296 -12.1936 248.332
19.0458 -12.17 248.551
18.8419 -12.1755 248.456
18.2742 -11.951 243.811
17.8682 -11.974 243.83
17.4885 -12.0043 244.339
17.2887 -11.9735 244.127
16.8767 -11.9573 244.061
16.4669 -12.0008 244.281
16.0605 -11.9866 244.252
15.6523 -12.01 244.1
15.4425 -12.0008 244.133
15.2585 -12.0395 244.716
14.8591 -11.9732 244.329
14.451 -11.9759 244.321
14.0336 -11.9448 244.214
13.6208 -12.0077 244.167
13.2177 -12.0196 244.421
13.0613 -12.2661 249.28
12.6147 -12.0006 244.43
12.2034 -11.9772 244.255
12.011 -12.199 248.578
11.3837 -11.9967 244.079
11.196 -12.242 249.128
10.7982 -12.003 244.581
10.411 -11.7786 240.075
9.97404 -11.9683 243.9
9.78615 -12.0064 244.506
9.4011 -12.0347 244.698
9.00767 -12.0331 244.874
8.80116 -12.0208 244.566
8.40644 -11.9857 244.332
8.15698 -12.2558 249.155
7.78077 -12.2606 249.463
7.37243 -12.2223 249.27
6.79702 -11.9031 242.554
6.48151 -12.0332 245.265
6.19815 -12.2525 249.175
5.8942 -12.0115 244.425
5.50591 -12.029 244.559
5.14913 -12.0209 244.978
4.7769 -11.9956 244.569
4.5899 -12.0325 245.109
4.28655 -12.262 249.249
3.94037 -12.2137 249.048
3.54274 -12.2634 249.217
3.17422 -12.2642 249.249
2.81939 -12.2291 249.187
2.58435 -12.0732 245.246
2.25097 -12.0543 245.419
1.92411 -12.2548 249.153
1.72729 -12.0783 245.879
1.36924 -12.1185 245.726
1.05421 -12.0923 245.867
0.731304 -12.0645 245.724
0.395847 -12.2939 249.707
0.221941 -12.1029 246.156
-0.0891914 -12.1057 246.125
-0.406038 -12.0956 246.281
-0.738224 -12.2951 249.508
-0.859203 -12.206 248.934
-1.01684 -12.0943 246.132
-1.46917 -12.0978 245.98
-1.61306 -12.0975 245.949
-1.91731 -12.1428 246.377
-2.1832 -12.0832 246.069
-2.46202 -12.0686 246.023
-2.75728 -12.0955 246.028
-2.92044 -12.1496 246.91
-3.16216 -12.1025 246.315
-3.46738 -12.2382 249.432
-3.69058 -12.1118 246.388
-3.94313 -12.1055 246.134
-4.2023 -12.1254 246.516
-4.43064 -12.1039 246.577
-4.54876 -12.124 246.528
-4.68645 -12.1574 246.755
-4.91288 -12.1331 246.77
-5.14457 -12.1332 246.88
-5.36411 -12.1415 246.91
-5.59252 -12.1623 247.179
-5.78228 -12.1591 246.956
-5.98718 -12.1416 247.189
-6.18618 -12.1707 247.225
-6.44994 -12.3263 249.606
-6.46121 -12.1722 246.945
-6.6804 -12.2248 247.78
-6.84625 -12.1957 247.618
-7.0677 -12.3036 249.331
-7.06713 -12.1631 247.502
-7.24174 -12.1666 247.553
-7.39318 -12.1808 247.506
-7.58295 -12.2314 249.218
-7.74058 -12.252 249.092
-7.88786 -12.3111 249.697
-7.89044 -12.2035 247.787
-7.96303 -12.2268 248.055
-8.08267 -12.2111 247.793
-8.17844 -12.1546 247.801
-8.31131 -12.2377 248.148
-8.39747 -12.2128 247.97
-8.50108 -12.2197 248.185
-8.56178 -12.1886 247.656
-8.68777 -12.2435 248.859
-8.70029 -12.2054 248.169
-8.73305 -12.1962 248.172
-8.8003 -12.2136 248.04
-8.85685 -12.2356 248.453
-8.88673 -12.2038 248.122
-8.94682 -12.206 248.345
-8.99656 -12.2299 248.529
-9.0689 -12.2934 249.315
-9.08119 -12.2648 248.989
-9.0996 -12.2585 248.948
-9.10515 -12.2415 248.676
-9.11098 -12.2082 248.461
-9.12523 -12.2112 248.492
-9.13716 -12.213 248.395
-9.14978 -12.2185 248.46
-9.15085 -12.1927 248.376
-9.1625 -12.2022 248.477
-9.17513 -12.2126 248.569
-9.17484 -12.2098 248.551
-9.17464 -12.205 248.53
-9.17865 -12.2098 248.593
-9.16898 -12.1994 248.44
-9.17241 -12.2039 248.516
-9.19724 -12.209 248.451
-9.25761 -12.217 248.59
-9.24219 -12.2509 249.068
-9.20872 -12.2947 249.645
-9.09831 -12.263 249.536
-8.9706 -12.2285 248.552
-8.86673 -12.1994 248.156
-8.88077 -12.3046 249.739
-8.75115 -12.2766 249.469
-8.65377 -12.3154 250.105
-8.57013 -12.2707 249.673
-8.46981 -12.2951 250.105
-8.29594 -12.2531 249.618
-8.15592 -12.2817 249.974
-8.0095 -12.2767 249.684
-7.84394 -12.2774 249.823
-7.70149 -12.3095 250.23
-7.52949 -12.3173 250.141
-7.31102 -12.2569 249.443
-7.27982 -12.3361 250.539
-7.08582 -12.3332 250.396
-6.87392 -12.3285 250.2
-6.78033 -12.3201 250.247
-6.58612 -12.3343 250.614
-6.18919 -12.2066 248.042
-6.03038 -12.2909 250.002
-5.92597 -12.3136 250.395
-5.62597 -12.1852 247.442
-5.57385 -12.3129 250.197
-5.32729 -12.2834 250.015
-5.08658 -12.2909 250.068
-4.80645 -12.2098 248.006
-4.73169 -12.3231 250.433
-4.47158 -12.3264 250.762
-4.19505 -12.3037 250.368
-4.07381 -12.3035 250.507
-3.81391 -12.3424 250.741
-3.53131 -12.3356 250.896
-3.23712 -12.2973 250.241
-3.10379 -12.3412 250.591
-2.74213 -12.1111 246.903
-2.6284 -12.2471 249.963
-2.35204 -12.3118 250.605
-2.02257 -12.1645 247.078
-1.89533 -12.3442 250.637
-1.5874 -12.2997 250.448
-1.26154 -12.3411 251.108
-1.08706 -12.3153 251.146
-0.780579 -12.3441 251.023
-0.422426 -12.1451 247.381
-0.265606 -12.3403 251.043
-0.0815983 -12.3212 250.926
0.246643 -12.3095 250.503
0.579655 -12.1809 247.556
0.77314 -12.3111 250.559
1.12713 -12.3348 250.875
1.47596 -12.3074 250.607
1.81511 -12.1129 246.656
2.00763 -12.3382 250.875
2.36852 -12.2977 250.679
2.73809 -12.3532 250.921
3.12011 -12.3048 250.714
3.48563 -12.3035 250.537
3.87818 -12.2912 250.256
4.05541 -12.3435 250.851
4.43491 -12.2963 250.665
4.83327 -12.3179 250.934
5.21531 -12.3191 250.559
5.52292 -12.0764 246.063
5.8196 -12.2484 250.241
6.2151 -12.3304 250.909
6.51591 -12.0995 246.574
6.92173 -12.1122 246.438
7.23369 -12.2935 250.483
7.6277 -12.3441 251.214
8.06199 -12.3318 251.006
8.45801 -12.3207 250.89
8.638 -12.2962 250.341
9.05026 -12.3072 250.461
9.46435 -12.304 250.546
9.87862 -12.322 250.955
10.097 -12.2964 250.693
10.5005 -12.2683 250.235
10.7068 -12.2644 250.376
11.1214 -12.2659 250.341
11.5538 -12.3002 250.729
11.9682 -12.3216 250.826
12.3859 -12.3151 250.605
12.5721 -12.0606 245.778
12.9702 -12.0433 245.653
13.4315 -12.2507 250.335
13.8624 -12.2451 250.099
14.2925 -12.3124 250.543
14.4436 -12.0712 245.901
15.2842 -12.4257 253.047
15.2884 -12.0602 245.992
15.7492 -12.2473 250.175
16.1737 -12.2581 250.104
16.5068 -12.0757 245.834
17.0402 -12.3075 250.509
17.4208 -12.273 249.967
17.8207 -12.2386 249.715
18.047 -12.2468 250.009
18.4667 -12.2558 250.109
18.9072 -12.298 250.499
19.2714 -12.2641 249.796
19.6554 -12.2178 249.371
19.8735 -12.2188 249.581
20.3281 -12.2693 250.269
20.7649 -12.3446 250.775
20.7594 -12.0498 245.686
21.3295 -12.2528 250.063
21.7416 -12.272 250.303
22.1296 -12.3115 250.262
22.5149 -12.2701 250.067
22.4841 -12.0058 245.357
23.0749 -12.2334 249.693
23.4807 -12.2897 250.053
23.8269 -12.2389 249.595
24.0221 -12.2357 249.548
24.4071 -12.225 249.514
24.4105 -12.0999 246.004
24.9592 -12.2309 249.54
25.1201 -12.1003 245.847
25.7025 -12.2592 249.748
26.0431 -12.1829 249.192
26.3784 -12.2453 249.29
26.7554 -12.2654 249.58
26.9256 -12.2303 249.439
27.2554 -12.2091 249.161
27.1937 -12.0599 245.755
27.809 -12.2501 249.581
28.1223 -12.247 249.558
28.0275 -12.0423 245.784
28.341 -12.0589 245.808
28.8556 -12.2093 248.777
29.0735 -12.2254 249.377
29.3318 -12.1927 248.767
29.6936 -12.245 249.404
29.5818 -12.0888 246.008
29.8749 -12.059 245.913
30.3995 -12.2528 249.123
30.6473 -12.1863 248.649
30.92 -12.1802 248.664
31.214 -12.2178 248.929
31.0983 -12.0741 245.872
31.5645 -12.1909 248.522
31.6091 -12.0704 246.009
31.857 -12.0576 245.996
32.4482 -12.1937 248.706
32.6578 -12.1585 248.479
32.9172 -12.1956 248.844
32.7516 -12.0489 245.862
33.3307 -12.1892 248.628
33.4961 -12.1763 248.324
33.6467 -12.1598 247.863
33.8463 -12.1679 247.955
34.0004 -12.1552 247.827
34.2302 -12.1852 248.304
34.3031 -12.1677 248.088
34.4337 -12.1481 247.906
34.646 -12.1895 248.343
34.5077 -12.0991 246.26
34.8735 -12.2017 248.451
34.9232 -12.1435 247.763
35.0811 -12.1289 247.875
35.0905 -12.1231 247.548
35.1618 -12.1462 247.355
35.3042 -12.1075 247.389
35.3324 -12.1525 247.332
35.4653 -12.1099 247.492
35.5372 -12.1193 247.413
35.4893 -12.1157 246.627
35.7156 -12.2142 247.998
35.7204 -12.0963 247.136
35.7356 -12.0849 246.989
35.7723 -12.1352 247.016
35.8061 -12.1493 246.996
35.8267 -12.1445 246.962
35.8334 -12.0973 246.752
35.8304 -12.0625 246.495
35.8632 -12.0756 246.665
35.8654 -12.0705 246.608
35.8705 -12.0689 246.563
35.8801 -12.0728 246.639
35.8727 -12.07 246.61
35.8812 -12.0924 246.697
35.8723 -12.0738 246.614
35.8825 -12.0769 246.729
35.8823 -12.0841 246.759
35.8743 -12.0824 246.754
35.8945 -12.0896 246.885
35.7899 -12.0536 246.274
35.7126 -12.0749 246.227
35.7512 -12.1159 246.91
35.6831 -12.0981 246.632
35.5963 -12.0716 246.448
35.6808 -12.1464 247.517
35.4593 -12.1018 246.28
35.466 -12.0924 246.77
35.3612 -12.0636 246.308
35.3052 -12.1105 246.759
35.2284 -12.0885 246.447
35.1438 -12.0817 246.386
35.1076 -12.1218 247.013
35.0476 -12.1334 247.491
34.7126 -12.0731 245.73
34.6644 -12.04 245.841
34.4629 -12.0673 245.609
34.2252 -12.0138 245.081
34.3576 -12.1103 247.243
33.9462 -11.9875 244.918
33.7472 -11.9868 244.8
33.9117 -12.1396 247.477
33.4993 -12.0224 245.176
33.2684 -12.0402 245.076
33.0504 -12.0292 245.093
32.8246 -12.0096 245.009
32.5757 -12.0083 244.963
32.3619 -12.0304 245.119
31.8872 -11.8605 242.296
31.9655 -11.9828 244.788
31.6333 -12.043 245.286
31.308 -12.0116 244.788
30.9737 -11.9489 244.191
30.9289 -12.0416 245.052
30.603 -11.9845 244.585
30.3316 -12.0055 244.664
30.4511 -12.1515 247.868
29.9184 -11.9669 244.616
29.675 -12.0082 244.864
29.4168 -12.0175 244.88
29.4597 -12.1677 247.859
28.8735 -11.9642 244.256
28.6281 -12.0113 244.773
28.0381 -11.8144 241.024
28.1031 -12.0058 244.363
27.7871 -11.9924 244.428
27.8691 -12.1954 248.137
27.313 -12.0642 244.816
27.3505 -12.1551 248.128
26.7372 -12.028 244.071
26.3967 -11.9431 243.937
26.1482 -12.0557 245.196
26.1283 -12.1364 247.949
25.5443 -12.0092 244.258
25.1982 -12.0453 244.476
25.0035 -11.9953 244.308
24.6116 -11.9485 243.852
24.315 -12.0324 244.722
24.1205 -12.0024 244.489
24.0731 -12.1239 247.628
23.308 -11.9421 243.628
22.9742 -11.9883 244.097
22.9922 -12.184 248.285
22.8082 -12.1926 248.495
22.4267 -12.2138 248.664
21.8455 -12.0076 244.19
21.4316 -11.9379 243.676
21.0582 -12.0167 244.174
20.6816 -12.0236 244.285
20.4829 -11.9831 244.128
20.0581 -11.9171 243.539
19.6605 -11.9376 243.698
19.6334 -12.2104 248.475
19.0792 -11.9655 243.892
18.6777 -11.987 244.051
18.274 -11.9771 244.16
17.8416 -11.9532 243.706
17.6364 -11.9746 243.819
17.5592 -12.2085 248.417
17.0424 -11.9733 244.02
16.6423 -11.9668 244.035
16.2332 -11.9683 244.059
15.8157 -11.9745 244.01
15.393 -11.975 243.947
15.2766 -12.205 248.637
14.793 -11.968 243.867
14.3925 -11.9669 244.005
13.9774 -11.9684 244.024
13.5659 -11.9705 243.983
13.1242 -11.768 239.68
12.7823 -12.0235 244.686
12.3695 -12.0449 244.672
12.1611 -11.9765 244.213
11.7531 -11.9559 244.007
11.3464 -11.9738 243.964
10.9705 -12.0278 244.719
10.766 -12.2165 249.037
10.5626 -12.2195 248.864
10.1698 -11.9866 244.357
9.77089 -12.0381 244.821
9.38467 -12.0217 244.824
8.99137 -12.021 244.842
8.78917 -12.0147 244.592
8.38894 -12.0112 244.544
8.14613 -12.2261 248.999
7.74193 -12.2329 249.085
7.36211 -12.2435 249.34
7.03393 -12.0202 244.706
6.6342 -11.9894 244.229
6.36173 -12.1887 248.389
6.08366 -12.0118 244.81
5.88976 -12.0399 244.901
5.51153 -12.0056 244.508
5.22432 -12.2213 248.629
4.95943 -12.0155 244.854
4.58582 -11.9776 244.642
4.22676 -12.0614 245.394
3.86768 -11.9949 244.555
3.50849 -12.0427 245.259
3.17386 -11.9599 244.738
2.97769 -12.0264 245.06
2.62858 -12.0694 245.344
2.28449 -12.0214 245.048
2.09971 -12.0421 245.301
1.75662 -12.068 245.657
1.40817 -12.09 245.284
1.08958 -12.0647 245.449
0.755333 -12.0592 245.351
0.426235 -12.0613 245.431
0.235186 -12.1188 245.868
-0.0718651 -12.1119 246.089
-0.364752 -12.0395 245.681
-0.693392 -12.069 245.66
-1.00546 -12.1194 246.488
-1.32204 -12.2477 249.105
-1.62842 -12.2561 249.649
-1.75024 -12.0847 245.802
-2.0371 -12.0775 245.74
-2.3354 -12.1123 246.123
-2.62477 -12.1429 246.678
-2.76582 -12.1231 246.252
-3.02301 -12.0976 246.111
-3.32001 -12.1574 246.849
-3.60101 -12.2048 248.811
-3.69454 -12.1228 246.307
-3.82723 -12.133 246.581
-4.08047 -12.1162 246.512
-4.3373 -12.1547 246.846
-4.56157 -12.1382 246.661
-4.80581 -12.1436 246.728
-5.03564 -12.1369 246.667
-5.32866 -12.3109 249.642
-5.37925 -12.1572 246.946
-5.61102 -12.1644 247.015
-5.80312 -12.1593 246.857
-6.01586 -12.1781 246.914
-6.19838 -12.1628 247.026
-6.43533 -12.2518 249.13
-6.66553 -12.2725 249.394
-6.67911 -12.1502 247.053
-6.88396 -12.1903 247.571
-7.03576 -12.1912 247.615
-7.17988 -12.1589 247.24
-7.33409 -12.171 247.431
-7.52728 -12.2213 248.819
-7.54239 -12.1507 246.991
-7.756 -12.2428 248.966
-7.83697 -12.2613 249.37
-7.84368 -12.2015 247.594
-7.95237 -12.1323 247.341
-8.10362 -12.1732 247.619
-8.11903 -12.1108 247.216
-8.3099 -12.2663 249.086
-8.39543 -12.2182 248.706
-8.39785 -12.1616 247.625
-8.51085 -12.2102 248.163
-8.61717 -12.2127 248.23
-8.69301 -12.2018 248.732
-8.79851 -12.2698 249.218
-8.8433 -12.2487 248.371
-8.89431 -12.2274 248.687
-8.88588 -12.1846 247.883
-8.96899 -12.227 248.467
-9.06853 -12.2909 249.32
-9.06108 -12.2458 248.708
-9.0746 -12.2385 248.649
-9.09585 -12.2368 248.752
-9.09783 -12.2123 248.481
-9.10315 -12.1933 248.326
-9.11178 -12.1915 248.271
-9.11878 -12.1966 248.269
-9.12659 -12.1758 248.227
-9.13977 -12.1827 248.228
-9.16363 -12.1998 248.471
-9.17585 -12.1972 248.507
-9.18122 -12.2038 248.581
-9.18455 -12.2148 248.641
-9.17746 -12.2118 248.525
-9.17412 -12.2153 248.529
-9.18867 -12.2013 248.288
-9.26512 -12.2283 248.41
-9.37782 -12.3501 250.737
-9.25278 -12.2966 249.431
-9.22443 -12.3075 249.633
-9.13961 -12.2841 249.567
-8.98147 -12.2036 248.218
-8.87494 -12.1782 248.002
-8.90313 -12.2881 249.501
-8.78544 -12.2968 249.545
-8.61648 -12.2414 248.079
-8.49161 -12.2177 248.43
-8.39447 -12.1732 247.723
-8.40663 -12.2885 249.972
-8.26699 -12.2879 249.758
-8.13049 -12.3228 249.99
-8.11759 -12.4073 252.188
-7.84503 -12.2525 249.322
-7.75505 -12.3364 250.558
-7.61207 -12.3893 252.134
-7.30601 -12.329 250.204
-7.09483 -12.2759 250.056
-6.90269 -12.2866 250.17
-6.65607 -12.2075 248.157
-6.49349 -12.3064 250.186
-6.39421 -12.315 250.3
-6.26618 -12.2785 249.777
-6.07817 -12.3169 250.416
-5.79586 -12.1911 248.019
-5.72342 -12.2994 250.298
-5.61395 -12.3327 250.499
-5.3648 -12.3082 250.303
-5.12375 -12.3035 250.108
-4.83986 -12.1943 247.699
-4.78473 -12.3675 250.991
-4.30574 -12.1478 247.477
-4.06732 -12.1559 247.482
-3.79741 -12.1696 247.505
-3.63408 -12.125 247.437
-3.58204 -12.3718 250.979
-3.27449 -12.304 250.358
-2.96606 -12.2647 249.92
-2.83669 -12.3188 250.602
-2.50166 -12.1158 246.904
-2.40834 -12.3402 250.8
-2.27983 -12.506 254.104
-1.93104 -12.3061 250.165
-1.63463 -12.3104 250.59
-1.47366 -12.3243 250.687
-1.12403 -12.1211 246.876
-0.972267 -12.2695 250.615
-0.642263 -12.1056 246.831
-0.459108 -12.0802 246.651
-0.148119 -12.142 247.055
0.0323219 -12.2727 250.627
0.348396 -12.3436 251.067
0.716553 -12.318 250.928
1.05373 -12.3229 251.009
1.41947 -12.2849 250.493
1.60229 -12.2971 250.62
1.92607 -12.0985 246.529
2.12314 -12.3069 250.506
2.48898 -12.3429 250.881
2.73024 -12.513 254.633
3.23143 -12.3223 250.702
3.43179 -12.3089 250.688
3.80785 -12.2766 250.211
4.12164 -12.0824 246.17
4.3673 -12.335 250.915
4.57064 -12.3185 250.844
4.95561 -12.3268 250.617
5.34551 -12.2998 250.527
5.7599 -12.3004 250.599
6.14926 -12.3024 250.818
6.32994 -12.292 250.559
6.74493 -12.2888 250.517
7.01921 -12.0888 246.03
7.34987 -12.3316 250.804
7.76491 -12.2977 250.497
8.17352 -12.2741 250.292
8.36971 -12.3199 250.615
8.79567 -12.2826 250.434
9.21252 -12.2907 250.74
9.62791 -12.3338 250.862
10.0418 -12.3076 250.65
10.4575 -12.2694 250.161
10.8726 -12.2599 250.07
11.0958 -12.2603 250.259
11.5247 -12.3215 250.673
11.941 -12.3153 250.632
12.1615 -12.299 250.697
12.5756 -12.2718 250.337
13.0294 -12.5 254.896
13.4616 -12.4905 254.896
13.6464 -12.285 250.43
14.0844 -12.3013 250.706
14.4896 -12.2958 250.486
14.6352 -12.0502 245.733
14.8571 -12.066 245.971
15.3399 -12.2771 250.398
15.7497 -12.2422 250.006
16.2703 -12.4864 254.942
16.3988 -12.2801 250.273
16.844 -12.3023 250.617
17.2951 -12.3123 250.85
17.833 -12.2463 249.832
18.2939 -12.2652 250.25
18.7021 -12.2694 250.063
18.8789 -12.2354 249.613
19.305 -12.3015 250.158
19.6978 -12.2452 249.747
19.7465 -11.9992 245.145
20.3307 -12.2523 249.957
20.7457 -12.2707 250.083
21.1198 -12.2462 249.621
21.1481 -12.0291 245.332
21.7267 -12.254 249.876
22.1285 -12.276 249.996
22.5227 -12.2615 249.942
22.9093 -12.2313 249.801
23.2869 -12.2965 249.964
23.5086 -12.2765 250.17
23.8648 -12.2514 249.781
24.2402 -12.2684 249.835
24.1893 -12.0306 245.536
24.5383 -12.0334 245.304
25.145 -12.2208 249.488
25.5243 -12.2755 249.764
25.6672 -12.2275 249.241
26.0322 -12.2039 249.208
26.4189 -12.2832 249.779
26.7224 -12.2082 249.154
27.2878 -12.3823 252.759
27.2303 -12.219 249.146
27.645 -12.2459 249.833
27.9144 -12.2302 249.242
28.287 -12.2841 249.68
28.5928 -12.2352 249.515
28.8503 -12.2205 248.914
29.2224 -12.2284 249.352
29.1146 -12.0489 245.915
29.4359 -12.0577 246.066
29.9136 -12.2209 248.9
29.8613 -12.0543 245.942
30.3384 -12.147 248.592
30.6223 -12.1852 248.727
30.9014 -12.1971 248.746
31.2013 -12.2298 249.071
31.6629 -12.3122 251.531
31.6998 -12.2302 248.89
31.874 -12.2094 249.23
32.0818 -12.1871 248.856
32.3108 -12.188 248.761
32.5148 -12.1921 248.486
32.716 -12.1791 248.251
32.6649 -12.0805 246.283
33.1223 -12.2307 248.939
33.2872 -12.2102 248.591
33.1606 -12.0966 246.128
33.3543 -12.0726 246.018
33.7231 -12.1507 248.001
34.1145 -12.2685 250.134
33.9822 -12.1431 247.832
34.19 -12.1769 248.103
34.0448 -12.0497 245.846
34.431 -12.1456 248.014
34.2788 -12.0464 245.847
34.639 -12.1335 247.849
34.8376 -12.186 248.347
34.8868 -12.1383 247.639
35.053 -12.1325 247.814
35.1223 -12.1491 247.589
35.1345 -12.1816 247.274
35.3243 -12.1187 247.713
35.3953 -12.1901 247.605
35.4902 -12.112 247.35
35.539 -12.1157 247.193
35.5985 -12.1255 247.164
35.6799 -12.1678 247.534
35.6954 -12.0933 247.096
35.7419 -12.1142 247.057
35.7424 -12.1023 246.551
35.8855 -12.1513 247.416
35.8948 -12.1138 247.158
35.8969 -12.0973 246.984
35.888 -12.0969 246.789
35.8854 -12.0939 246.737
35.8689 -12.0761 246.595
35.8832 -12.0907 246.719
35.8713 -12.0793 246.612
35.8658 -12.0614 246.557
35.8558 -12.0731 246.501
35.8506 -12.0669 246.45
35.8467 -12.0652 246.433
35.8541 -12.0656 246.526
35.8729 -12.0823 246.732
35.7127 -12.0686 246.093
35.8149 -12.1399 247.244
35.7367 -12.1059 246.851
35.6403 -12.0732 246.291
35.4178 -11.9848 244.959
35.4488 -12.034 245.73
35.4547 -12.1046 246.41
35.3526 -12.0431 246.128
35.4238 -12.1526 247.377
35.2161 -12.1093 246.272
35.1135 -12.0327 246.044
34.9903 -12.0692 245.943
34.9862 -12.0945 246.268
34.8586 -12.0229 245.92
34.6776 -12.0351 245.407
34.4749 -11.9852 245.061
34.3596 -12.0221 245.535
34.2005 -12.0361 245.61
34.0966 -12.0032 245.414
33.8992 -12.0231 245.37
33.7427 -12.0619 245.688
33.5493 -11.9841 244.881
33.4955 -12.0379 245.344
33.5776 -12.1244 247.419
33.0619 -11.9564 244.25
32.912 -11.9922 244.798
32.7087 -12.0135 245.002
32.8039 -12.1226 247.489
32.4034 -12.0613 245.564
32.2651 -12.0148 245.109
32.3335 -12.0997 247.375
31.8757 -12.0305 244.963
31.6215 -12.016 244.954
31.3451 -12.0014 244.757
31.0495 -11.9589 244.564
30.7536 -11.9473 244.237
30.471 -11.9482 244.142
30.2619 -12.0424 244.946
29.8593 -11.9684 243.889
29.793 -12.0185 244.673
29.6166 -12.023 244.457
29.4033 -12.0416 245.014
29.4464 -12.149 247.477
28.9033 -11.9784 244.205
28.7359 -11.9841 244.077
28.7149 -12.1985 248.077
28.1873 -12.0058 244.866
28.2553 -12.2001 248.398
27.6396 -12.0206 244.577
27.4993 -12.0183 244.689
27.0878 -11.9905 244.061
27.2181 -12.1842 248.185
26.6109 -11.9555 244.156
26.0375 -11.7711 240.342
25.9575 -12.0309 244.642
25.3231 -11.7527 239.982
25.3669 -11.987 243.868
25.024 -11.9299 243.808
24.6713 -11.9844 244.014
24.6912 -12.1451 247.849
24.1528 -12.0007 244.378
23.7519 -11.9763 243.996
23.3453 -11.9155 243.527
23.3869 -12.1724 248.133
22.8208 -11.9644 244.195
22.4074 -11.9692 243.824
22.2315 -12.0055 244.039
22.0313 -12.1301 248.027
21.4433 -11.9466 243.703
21.2314 -11.9441 243.56
20.6969 -11.9331 243.946
20.2722 -11.9357 243.76
20.2689 -12.1802 248.686
19.8117 -12.1819 248.016
19.2748 -11.9647 243.753
18.898 -11.942 244.057
18.8433 -12.1792 248.566
18.2852 -11.9718 243.94
17.8507 -11.9493 243.545
17.5009 -11.9863 244.179
16.9796 -11.7274 239.513
16.8908 -11.9405 243.862
16.674 -11.9349 243.707
16.2825 -11.9626 243.962
15.889 -11.971 244.098
15.4813 -11.9756 244.113
15.2785 -11.9274 243.845
14.8745 -11.9432 243.939
14.4696 -11.9467 244.019
14.0437 -11.9558 243.823
13.9152 -12.2253 249.039
13.4596 -11.995 244.361
13.2921 -12.2116 248.903
12.8442 -11.9546 244.118
12.4263 -11.948 243.94
12.0213 -11.9561 243.99
11.6301 -11.9894 244.21
11.4252 -12.0117 244.294
11.0244 -11.9879 244.33
10.8204 -12.1834 248.756
10.3986 -12.2043 248.683
10.0087 -12.0006 244.285
9.81625 -11.9836 244.272
9.43416 -12.036 244.859
9.02591 -12.017 244.76
8.62412 -11.9761 244.268
8.22156 -12.0025 244.259
7.84572 -12.0137 244.765
7.51798 -11.8311 240.691
7.26236 -11.98 244.433
7.05557 -11.9323 243.729
6.58576 -12.2468 249.128
6.28371 -12.0433 244.917
5.90583 -11.959 244.263
5.5176 -12.0488 245.186
5.22507 -12.2768 249.366
4.95321 -12.0556 245.117
4.57825 -12.001 244.531
4.22712 -12.0031 245.057
3.9115 -12.2076 249.117
3.71865 -12.192 248.79
3.31099 -12.0932 245.71
3.11802 -12.0951 245.404
2.76959 -12.0286 244.932
2.41814 -12.1005 245.787
2.08163 -12.0126 245.137
1.73726 -12.0589 245.49
1.56353 -12.0747 245.685
1.22169 -12.0586 245.529
0.907829 -12.2447 249.393
0.734301 -12.0483 245.414
0.554861 -12.0964 246.155
0.240211 -12.0495 245.643
-0.0851936 -12.2664 249.593
-0.241203 -12.0864 246.169
-0.55695 -12.0892 246.067
-0.856382 -12.062 245.608
-1.19548 -12.1281 246.246
-1.48796 -12.2272 248.832
-1.79637 -12.2343 249.026
-2.11336 -12.298 249.68
-2.35336 -12.1099 246.056
-2.67242 -12.2534 248.946
-2.93805 -12.2358 248.903
-3.1941 -12.1828 248.816
-3.33875 -12.1523 246.936
-3.60211 -12.147 247.209
-3.86268 -12.2224 249.102
-4.12792 -12.2357 249.266
-4.21221 -12.1307 246.606
-4.43632 -12.0866 246.499
-4.54689 -12.0738 246.206
-4.77907 -12.07 246.195
-5.0143 -12.1047 246.339
-5.14457 -12.1284 246.884
-5.35605 -12.1224 246.682
-5.58087 -12.1446 246.606
-5.8474 -12.273 249.471
-5.88324 -12.1134 246.958
-6.00042 -12.1527 247.084
-6.18942 -12.1553 247.119
-6.4238 -12.228 249.039
-6.63441 -12.278 249.396
-6.66428 -12.1759 247.22
-6.81696 -12.098 246.747
-7.00096 -12.1562 247.32
-7.14366 -12.1314 247.118
-7.32196 -12.1528 247.41
-7.4501 -12.1201 247.081
-7.60669 -12.1667 247.324
-7.76498 -12.1724 247.584
-7.94679 -12.2694 249.353
-7.92861 -12.1454 247.356
-8.15396 -12.1891 247.915
-8.24485 -12.1744 247.648
-8.39217 -12.2606 248.972
-8.46676 -12.2014 248.886
-8.60691 -12.2792 249.282
-8.62216 -12.2333 248.324
-8.63993 -12.2009 248.032
-8.71334 -12.195 248.166
-8.80685 -12.2275 248.421
-8.85727 -12.1953 248.06
-8.91481 -12.2038 248.613
-8.93242 -12.2012 248.162
-9.0126 -12.2498 248.983
-9.07723 -12.2764 249.468
-9.07937 -12.2517 248.9
-9.09386 -12.2353 248.67
-9.10745 -12.2201 248.556
-9.11325 -12.2043 248.413
-9.11638 -12.1922 248.268
-9.12206 -12.1605 247.997
-9.14304 -12.1493 248.012
-9.18767 -12.1917 248.485
-9.2251 -12.2188 248.873
-9.22777 -12.2203 248.81
-9.23683 -12.2311 248.876
-9.22327 -12.2322 248.764
-9.22225 -12.2436 248.774
-9.22644 -12.2319 248.799
-9.22835 -12.2147 248.498
-9.33604 -12.2562 249.354
-9.31102 -12.2322 248.705
-9.33605 -12.2954 249.821
-9.21424 -12.2598 249.136
-9.13389 -12.2264 249.055
-9.00854 -12.1964 247.96
-8.96364 -12.2034 248.869
-8.89967 -12.2372 249.118
-8.77219 -12.2083 248.053
-8.63567 -12.1908 247.962
-8.66259 -12.3241 249.963
-8.44275 -12.1508 247.933
-8.42734 -12.2654 249.386
-8.28642 -12.2532 249.324
-8.1701 -12.2957 250.103
-7.99528 -12.2547 249.595
-7.81698 -12.2123 249.199
-7.70377 -12.3009 250.08
-7.5076 -12.2801 249.821
-7.33485 -12.2695 249.701
-7.31531 -12.3926 252.175
-7.05142 -12.2659 249.884
-6.85298 -12.2454 249.535
-6.67824 -12.2828 250.011
-6.59145 -12.3402 250.36
-6.29784 -12.1844 247.744
-6.09889 -12.1956 247.882
-6.03081 -12.2827 250.218
-5.78849 -12.2996 250.138
-5.56475 -12.2871 250.067
-5.33625 -12.295 250.221
-5.07644 -12.2726 249.945
-5.01858 -12.4241 252.7
-4.72883 -12.3333 250.868
-4.45196 -12.3018 250.532
-4.17724 -12.2791 250.143
-3.88478 -12.2382 249.511
-3.61808 -12.2731 249.851
-3.35065 -12.3013 250.204
-3.02537 -12.1568 247.239
-2.90232 -12.2875 250.276
-2.58332 -12.1539 247.155
-2.46858 -12.2915 250.602
-2.16449 -12.3515 251.112
-1.83841 -12.2968 250.407
-1.69805 -12.348 251.039
-1.37044 -12.336 250.895
-1.03781 -12.3119 250.809
-0.861185 -12.2611 250.312
-0.37417 -12.1285 247.122
-0.0582962 -12.1648 247.421
0.114454 -12.3292 250.928
0.466179 -12.3021 250.573
0.627806 -12.3411 250.881
0.962444 -12.1622 247.287
1.15047 -12.3202 250.63
1.52391 -12.3065 251.064
1.88885 -12.2706 250.395
2.08767 -12.2462 250.333
2.43486 -12.3201 250.692
2.80465 -12.2186 250.11
3.17614 -12.3346 250.979
3.56662 -12.2764 250.647
3.92579 -12.2635 250.165
4.18107 -12.5528 255.33
4.49965 -12.2896 250.42
4.88221 -12.2729 250.235
5.27354 -12.3338 251.07
5.47416 -12.3003 250.75
5.77842 -12.0064 245.899
6.0804 -12.2386 250.334
