42.7545 -10.0678 295.321
42.7378 -10.0567 295.175
42.7496 -10.0614 295.272
42.7441 -10.0533 295.24
42.7452 -10.0575 295.279
42.7273 -10.0583 295.191
42.7447 -10.056 295.319
42.7561 -10.0557 295.418
42.7241 -10.0517 295.201
42.7232 -10.0532 295.201
42.7253 -10.0543 295.222
42.7046 -10.0437 295.078
42.6678 -10.0388 294.834
42.6575 -10.0363 294.85
42.6083 -10.0264 294.69
42.5516 -10.0203 294.5
42.687 -10.1123 296.361
42.5504 -10.0839 295.629
42.6133 -10.0975 296.347
42.3431 -10.0354 294.769
42.3124 -10.041 294.831
42.205 -10.0455 294.496
42.1969 -10.0676 294.859
42.2385 -10.0747 295.852
42.181 -10.0753 295.788
42.1321 -10.0893 295.91
41.8667 -10.048 294.622
41.8154 -10.0289 294.56
41.7482 -10.0297 294.568
41.6508 -10.0342 294.306
41.6316 -10.0559 294.73
41.4356 -10.0054 294.248
41.3869 -10.0392 294.372
41.3143 -10.0603 294.549
41.2474 -10.0275 294.592
41.1638 -10.0213 294.385
41.0783 -10.0335 294.279
41.1039 -10.072 294.96
40.9364 -10.0287 294.551
41.0583 -10.1223 296.516
40.9288 -10.1403 297.002
40.3803 -10.0177 294.256
40.1872 -10.04 294.326
40.1021 -10.014 294.263
39.9536 -10.062 294.753
39.8196 -10.0098 294.264
39.6311 -9.99709 293.478
39.5054 -10.0164 294.195
39.2458 -10.0234 293.888
39.1569 -10.003 293.918
38.9846 -10.0183 294.381
38.7214 -10.0195 294.094
38.515 -9.97547 293.286
38.2197 -10.0413 294.018
37.6757 -10.0464 293.886
37.3955 -10.0435 293.848
37.1439 -10.046 294.114
36.9711 -10.0056 293.729
37.1658 -10.1532 297.443
36.5956 -10.0622 294.022
36.3787 -9.97523 293.183
36.2645 -10.0384 293.413
35.957 -10.0231 293.334
35.6727 -10.0212 293.536
35.4931 -10.0364 293.381
35.2004 -10.0412 293.522
34.56 -9.86444 289.369
34.6459 -9.98612 292.773
34.9194 -10.1926 298.119
34.2031 -9.9994 293.263
34.0397 -10.0303 293.167
33.6902 -10.0064 293.146
33.3015 -9.96654 292.523
33.5148 -10.1656 297.628
32.8281 -9.98429 293.047
32.6367 -10.0245 293.04
32.2948 -9.98628 293.076
32.1228 -10.0346 293.109
31.7213 -9.97961 292.691
31.085 -9.87304 288.582
31.1511 -9.98162 292.512
30.4985 -9.85433 288.021
30.6071 -9.97719 292.486
30.2886 -10.0039 292.993
30.067 -9.99054 292.656
29.4123 -9.85053 288.008
29.5036 -9.99957 292.742
29.182 -10.021 293.183
29.2349 -10.1587 297.604
28.8732 -10.1739 297.882
28.1519 -9.95657 292.492
27.7992 -9.9947 292.701
27.5526 -9.98292 292.273
27.2187 -10.0213 292.914
26.8111 -9.97863 292.65
26.6037 -10.0008 292.593
26.1658 -9.97119 292.231
25.821 -10.0191 292.79
25.5978 -10.0058 292.534
25.177 -9.97855 292.257
24.8181 -10.012 293.02
24.8216 -10.1494 297.542
24.1868 -10.0215 292.731
24.2186 -10.1574 297.928
23.5893 -9.99196 292.598
23.384 -10.0113 292.672
22.9683 -9.9663 292.499
22.7304 -9.95987 292.066
22.3654 -10.0122 292.755
22.1351 -9.95794 292.27
21.7024 -9.97955 292.058
21.5373 -10.0033 292.723
21.0997 -9.9813 292.246
20.5237 -9.81775 286.989
20.5256 -10.006 293.099
20.289 -9.97833 292.261
20.2283 -10.16 297.223
19.7087 -9.98931 292.807
19.2689 -10.0016 292.507
19.0976 -10.0377 292.998
18.636 -9.9863 292.142
18.2631 -10.0269 292.68
18.1862 -10.1584 297.816
17.6607 -10.0037 292.472
17.2442 -10.0163 292.537
16.8636 -10.0174 292.819
16.4425 -9.99049 292.563
16.2495 -9.98528 292.46
15.87 -10.0626 293.367
15.461 -10.002 292.585
15.0513 -10.024 292.845
14.8735 -10.0182 293.04
14.4814 -10.0251 292.69
14.0909 -9.99555 292.564
13.9507 -10.2014 298.139
13.5169 -10.0078 292.74
13.3291 -10.0351 292.953
13.1726 -10.185 297.912
12.5566 -10.0329 292.68
12.0015 -10.0558 293.313
11.8251 -10.0425 293.399
11.4393 -10.0239 292.735
11.0893 -9.88683 288.616
10.8953 -10.0136 292.691
10.543 -10.022 293.011
10.1905 -10.0669 293.555
9.97937 -10.1835 297.535
9.64712 -10.0781 293.611
9.30995 -10.0576 293.491
8.94528 -10.029 293.229
8.75952 -10.0453 293.068
8.4281 -10.0393 293.402
8.26648 -10.067 293.371
7.92966 -10.0488 293.455
7.60295 -10.0414 293.568
7.27456 -10.0489 293.56
7.11062 -10.0376 293.739
6.94286 -10.0716 293.794
6.6321 -10.071 293.961
6.32053 -10.0659 293.756
6.09669 -10.1968 297.785
5.78062 -10.1892 297.943
5.55489 -10.0966 294.092
5.25205 -10.087 293.947
4.88228 -10.2172 297.969
4.58512 -10.2253 297.996
4.39129 -10.0586 294.026
4.24845 -10.1 294.342
4.11588 -10.083 294.414
3.84105 -10.0721 294.105
3.70611 -10.115 294.887
3.57204 -10.0592 294.057
3.1791 -10.0931 294.317
3.05136 -10.0672 294.102
2.79114 -10.0825 294.047
2.54805 -10.0999 294.456
2.27924 -9.9809 291.063
2.05754 -10.1152 294.769
1.82613 -10.1031 294.555
1.59906 -10.0845 294.5
1.48519 -10.14 295.309
1.26293 -10.1231 294.99
1.17914 -10.1168 295.005
0.955778 -10.122 294.911
0.861935 -10.0888 294.782
0.657055 -10.1206 294.978
0.467724 -10.1222 294.768
0.273666 -10.103 295.126
0.096983 -10.117 295.335
-0.0989609 -10.2278 297.844
-0.269617 -10.205 298.163
-0.348364 -10.1611 295.722
-0.483414 -10.0738 294.757
-0.653265 -10.1386 295.35
-0.722694 -10.0769 293.772
-0.882551 -10.1522 295.697
-0.930235 -10.0861 293.481
-1.08715 -10.1358 295.702
-1.21151 -10.1649 295.72
-1.31867 -10.1389 295.885
-1.38311 -10.1396 295.917
-1.49245 -10.1785 296.018
-1.59742 -10.137 295.865
-1.71569 -10.1777 296.064
-1.83409 -10.1936 297.065
-1.87063 -10.1533 296.167
-1.96791 -10.1721 296.115
-2.04325 -10.1863 296.107
-2.07726 -10.1789 296.199
-2.11064 -10.1456 295.916
-2.1456 -10.1434 296.018
-2.18995 -10.1363 295.697
-2.25411 -10.1775 296.268
-2.30346 -10.1969 296.431
-2.34842 -10.2015 296.896
-2.39012 -10.1704 296.315
-2.48416 -10.2029 296.721
-2.50624 -10.1951 296.83
-2.51065 -10.1949 296.792
-2.51831 -10.1886 296.812
-2.51784 -10.193 296.75
-2.51435 -10.1903 296.624
-2.51723 -10.1903 296.853
-2.51792 -10.1883 296.91
-2.51934 -10.1992 296.93
-2.51365 -10.1992 296.938
-2.52396 -10.1989 296.82
-2.53882 -10.1822 296.376
-2.56808 -10.1874 296.356
-2.52695 -10.2004 297.023
-2.48687 -10.1993 297.086
-2.46016 -10.1978 297.317
-2.37041 -10.1939 297.029
-2.28955 -10.2096 297.077
-2.20221 -10.2014 297.713
-2.09866 -10.2004 297.286
-1.97626 -10.164 295.932
-1.93293 -10.2066 297.587
-1.82099 -10.2034 297.472
-1.69695 -10.2142 297.532
-1.56934 -10.198 297.531
-1.43101 -10.2181 297.583
-1.28137 -10.2044 297.501
-1.14825 -10.2359 298.046
-0.976212 -10.1375 295.35
-0.815121 -10.2075 297.799
-0.643908 -10.1429 295.285
-0.457062 -10.1287 295.531
-0.378281 -10.2378 298.172
-0.279459 -10.2078 297.869
-0.0954361 -10.2345 297.771
0.119125 -10.2042 297.355
0.328743 -10.2026 297.61
0.528837 -10.2056 297.878
0.881565 -10.2889 300.435
1.08667 -10.1969 297.984
1.32769 -10.2073 297.711
1.55853 -10.2098 297.701
1.79034 -10.1021 294.232
2.04067 -10.1001 294.537
2.29397 -10.0937 294.357
2.55182 -10.08 294.221
2.70752 -10.222 298.235
2.97645 -10.2106 298.273
3.11209 -10.1948 297.468
3.39606 -10.1988 297.632
3.68358 -10.2057 297.633
3.96901 -10.2081 297.587
4.12547 -10.1953 298.125
4.55595 -10.4695 306.186
4.88075 -10.2259 298.793
5.19845 -10.1953 297.972
5.41654 -10.3258 301.771
5.65396 -10.2235 297.991
5.9052 -10.0924 294.195
6.14841 -10.2057 297.874
6.30321 -10.1671 297.67
6.738 -10.3541 302.576
7.16124 -10.1927 297.666
7.42613 -10.3664 302.56
7.66359 -10.2254 298.547
8.00603 -10.1797 297.821
8.18211 -10.2056 297.833
8.53256 -10.1922 298.197
8.88652 -10.1799 297.659
9.24145 -10.2089 297.777
9.45695 -10.0101 293.232
9.83067 -10.0287 292.893
10.1853 -10.1852 298.167
10.5374 -10.1918 297.617
10.9152 -10.3578 302.934
11.1041 -10.1979 297.372
11.4737 -10.1959 297.866
11.8808 -10.1979 298.194
12.2507 -10.1856 297.624
12.4527 -10.1942 298.076
12.861 -10.2155 298.367
13.2893 -10.3955 303.553
13.4478 -10.1944 298.282
13.8306 -10.1915 298.188
14.2367 -10.216 298.243
14.633 -10.175 298.012
14.8302 -10.1855 297.928
15.249 -10.2059 298.273
15.6553 -10.1695 298.179
16.0421 -10.1843 297.969
16.4771 -10.1831 298.154
16.8514 -10.1637 297.644
17.3823 -10.3578 303.449
17.4963 -10.211 298.231
17.9098 -10.1538 297.822
18.325 -10.2148 298.344
18.7441 -10.1573 297.905
19.1528 -10.2074 298.116
19.5776 -10.173 298.022
19.6465 -10.0049 292.714
20.2065 -10.19 298.099
20.4228 -10.1629 297.944
20.8949 -10.2341 298.973
21.2726 -10.1818 298.154
21.6997 -10.2095 298.412
22.1008 -10.1738 298.01
22.487 -10.1684 297.534
22.7299 -10.1948 297.967
23.1748 -10.1697 298.323
23.8157 -10.3639 303.839
23.7693 -10.1664 297.737
24.188 -10.1519 297.875
24.8932 -10.3775 303.839
24.8425 -10.045 293.787
25.4437 -10.1768 297.857
25.8645 -10.1436 297.726
26.2636 -10.1835 297.766
26.6754 -10.1509 297.664
27.0916 -10.1759 297.882
27.4903 -10.1487 297.707
28.114 -10.1571 297.955
28.3071 -10.1514 297.757
28.7204 -10.1733 297.977
29.1189 -10.1605 297.806
29.4515 -10.1375 297.41
29.8406 -10.1707 297.571
30.3521 -10.1992 298.721
30.5867 -10.1491 297.265
30.482 -10.0207 292.768
30.8267 -9.96378 292.438
31.5602 -10.1666 297.705
31.9073 -10.1466 297.632
32.2571 -10.1502 297.402
32.6115 -10.1637 297.33
32.9928 -10.142 297.59
33.1811 -10.1796 297.781
33.5689 -10.1585 297.93
33.8516 -10.1374 297.495
34.3744 -10.1367 297.398
34.6829 -10.1336 297.364
35.0372 -10.1514 297.654
35.3464 -10.1592 297.379
35.6427 -10.1575 297.274
35.793 -10.1251 297.197
36.1741 -10.1619 297.813
36.4294 -10.151 297.399
36.6537 -10.1518 296.822
37.0031 -10.1629 297.142
37.2599 -10.1515 297.014
37.5951 -10.1664 297.498
37.7244 -10.1158 297.23
37.9875 -10.11 297.153
38.2419 -10.1007 297.114
38.3772 -10.1536 297.258
38.5581 -10.1306 296.554
38.8185 -10.1228 296.73
39.0707 -10.1072 296.649
39.2426 -10.1447 297.104
39.4728 -10.1488 297.142
39.6601 -10.1241 296.836
39.9563 -10.1077 296.513
40.0853 -10.1057 296.744
40.347 -10.1281 297.169
40.5693 -10.1037 296.509
40.8756 -10.1111 296.759
41.0289 -10.1202 296.626
41.1397 -10.0964 296.198
41.3689 -10.1361 296.722
41.6847 -10.1306 297.684
41.6268 -10.1015 296.323
41.9888 -10.1415 297.838
41.9078 -10.114 296.447
42.2768 -10.1493 298.158
42.1253 -10.1169 296.283
42.1907 -10.0816 295.9
42.2715 -10.0686 295.794
42.4772 -10.1353 296.938
42.3667 -10.0777 295.47
42.4713 -10.0536 295.669
42.5076 -10.0715 295.429
42.652 -10.0921 296.064
42.6224 -10.0665 295.427
42.6341 -10.0564 295.117
42.741 -10.0604 295.75
42.7286 -10.0476 295.459
42.7191 -10.051 295.207
42.7412 -10.0612 295.298
42.7707 -10.0651 295.405
42.7488 -10.0615 295.19
42.7559 -10.0714 295.23
42.7639 -10.0721 295.286
42.7666 -10.077 295.315
42.7768 -10.0758 295.4
42.7508 -10.0708 295.208
42.7495 -10.072 295.296
42.7316 -10.0657 295.228
42.6898 -10.0363 295.03
42.5726 -10.0262 294.521
42.4365 -10.0033 293.987
42.4305 -10.0659 294.65
42.4772 -10.0788 295.198
42.2895 -10.0204 294.485
42.208 -10.0706 294.689
42.3016 -10.0896 296.001
42.1816 -10.0684 295.892
42.0882 -10.1136 296.205
41.7864 -10.0405 294.476
41.6225 -10.0481 294.402
41.5149 -10.0316 294.643
41.4083 -10.0273 294.31
41.2924 -10.0616 294.608
41.0848 -10.0308 294.113
41.0643 -10.0675 295.032
40.8034 -10.0265 294.044
40.7117 -10.038 294.496
40.4491 -10.0298 293.939
40.4486 -10.0315 294.577
40.2039 -10.0517 294.342
39.9252 -9.98709 293.526
39.7534 -10.0077 293.874
39.504 -10.0239 293.717
39.7175 -10.1396 296.979
39.1658 -10.0093 293.718
38.9128 -9.99997 293.557
38.7611 -10.0348 294.233
38.4445 -10.03 293.746
38.2936 -9.99313 293.468
38.0516 -9.99818 293.66
37.7384 -9.9875 293.157
37.4909 -9.9958 293.396
37.2194 -9.99536 293.482
36.9369 -10.013 293.583
36.816 -10.0432 293.807
36.4961 -10.0308 293.446
36.2224 -10.0347 293.644
35.9169 -10.0222 293.542
36.056 -10.1428 296.979
35.8003 -10.1474 297.181
35.1906 -10.0531 293.512
34.8725 -10.0385 293.509
34.6501 -9.99872 292.915
34.3436 -10.0295 293.171
33.7155 -9.86108 289.103
33.822 -9.99168 292.851
33.4731 -9.99382 292.685
33.2539 -9.97351 292.364
33.1551 -10.0382 293.285
32.788 -9.99243 292.763
32.432 -9.99139 292.71
32.0956 -10.0295 292.927
31.6823 -9.99816 292.387
31.8657 -10.1379 297.47
31.4693 -10.1737 297.282
30.837 -9.99811 293.04
30.1407 -9.81957 288.092
30.2621 -10.001 292.935
29.8708 -10.0165 292.81
29.4686 -9.98863 292.501
29.1624 -10.0162 293.232
28.9171 -9.98606 292.584
28.9738 -10.1537 297.143
28.3443 -9.99189 292.711
27.94 -10.0106 292.569
27.5434 -9.97075 292.389
27.2792 -9.95866 291.7
26.9713 -9.99304 292.688
26.5271 -9.96963 292.067
26.6574 -10.1805 298.118
25.925 -9.97859 292.269
25.295 -9.82007 287.266
25.3199 -9.97413 292.127
24.9461 -9.99316 292.438
24.7373 -10.0177 292.515
24.3293 -9.95074 292.235
23.9191 -10.0034 292.436
23.1041 -9.78941 287.09
23.055 -10.0399 295.769
22.7043 -9.97517 292.228
22.3333 -10.0249 292.781
22.3153 -10.1644 297.881
21.678 -9.99854 292.43
21.2866 -9.98417 292.474
21.0699 -9.99985 292.405
20.6747 -10.0067 292.555
20.0789 -9.78756 287.037
19.9545 -10.0377 295.544
19.6616 -10.0008 292.499
19.2176 -9.97532 291.921
19.0644 -10.0346 292.874
18.6445 -9.97682 292.337
18.2085 -10.0114 292.153
17.8366 -9.98143 292.484
17.3494 -9.84195 287.663
17.2337 -10.0035 292.582
17.1365 -10.1875 297.857
16.6589 -10.0373 293.189
16.2449 -10.0014 292.486
16.0362 -10.0105 292.456
15.5842 -9.86078 287.777
15.1896 -9.82545 287.358
15.0745 -10.0277 292.83
14.6859 -10.0182 292.809
14.3074 -10.0048 292.66
13.9352 -10.0465 293.125
13.5973 -10.02 293.393
13.2514 -10.0256 293.107
13.1158 -10.211 297.886
12.5686 -10.0356 292.988
12.1954 -10.025 292.769
12.0132 -10.2097 297.926
11.6432 -10.0258 292.994
11.2996 -10.0467 293.447
10.9175 -10.0183 292.562
10.5649 -9.88144 288.434
10.3802 -10.0313 292.388
10.0295 -10.0406 293.26
9.67494 -10.0719 293.804
9.33412 -10.0422 293.294
9.14384 -10.052 293.524
8.8036 -10.056 293.323
8.47656 -10.0435 293.35
8.13251 -10.0247 293.18
7.96941 -10.0748 293.421
7.63906 -10.0281 292.947
7.37756 -9.90517 289.206
7.08145 -10.1997 298.427
6.82701 -10.0368 293.316
6.50609 -10.0487 293.592
6.19175 -10.0855 294.256
5.89744 -10.092 294.317
5.67059 -9.93771 289.932
5.28882 -10.0749 293.819
4.98371 -10.0951 294.408
4.71021 -10.0745 293.973
4.41966 -10.0756 293.903
4.19327 -10.2065 297.768
4.00476 -10.0814 294.027
3.72174 -10.0966 294.385
3.45072 -10.0971 294.528
3.19174 -10.0946 294.399
3.07088 -10.1031 294.817
2.8214 -10.1018 294.49
2.56515 -10.1053 294.389
2.32158 -10.1143 294.616
2.08202 -10.1073 294.734
1.85596 -10.1986 297.784
1.61651 -10.0746 294.18
1.4192 -10.1812 297.353
1.1919 -10.1244 294.954
0.970226 -10.1238 294.821
0.762873 -10.1192 295.126
0.578732 -10.1094 295.117
0.455921 -10.1257 294.819
0.293718 -10.0967 294.836
0.109566 -10.131 294.934
-0.0768108 -10.1247 295.069
-0.165543 -10.1462 295.444
-0.328773 -10.1243 295.291
-0.472277 -10.1173 295.382
-0.636456 -10.1406 295.177
-0.880301 -10.2144 297.487
-0.994457 -10.1445 295.666
-1.14284 -10.1501 295.312
-1.25998 -10.212 297.23
-1.31096 -10.1338 295.702
-1.43628 -10.1654 295.833
-1.49187 -10.169 296.02
-1.57678 -10.1314 295.773
-1.6921 -10.1578 295.749
-1.77855 -10.1732 296.037
-1.85289 -10.1388 295.836
-1.95807 -10.1756 296.308
-1.981 -10.1479 295.061
-2.07905 -10.1713 296.134
-2.11667 -10.1561 296.135
-2.16868 -10.1594 296.37
-2.21166 -10.1631 296.34
-2.24466 -10.1736 296.324
-2.27259 -10.1856 296.358
-2.29148 -10.1916 296.324
-2.32034 -10.1904 296.382
-2.35017 -10.1821 296.411
-2.36158 -10.1308 295.043
-2.44644 -10.163 296.253
-2.48987 -10.1718 296.852
-2.49238 -10.1809 296.789
-2.49249 -10.1755 296.723
-2.49514 -10.1802 296.725
-2.49265 -10.1817 296.741
-2.49502 -10.1805 296.731
-2.49602 -10.1857 296.882
-2.49406 -10.1809 296.782
-2.50708 -10.1906 296.913
-2.51581 -10.1927 296.803
-2.50755 -10.1863 296.993
-2.44577 -10.176 297.127
-2.39902 -10.1708 297.009
-2.33335 -10.2247 297.396
-2.22627 -10.196 297.246
-2.13482 -10.1815 297.18
-2.04632 -10.2574 297.993
-1.89521 -10.1371 295.718
-1.86259 -10.185 297.157
-1.74325 -10.2256 297.568
-1.59249 -10.1824 297.109
-1.47892 -10.2292 297.671
-1.29768 -10.0906 294.929
-1.24759 -10.2066 297.439
-1.09986 -10.1907 297.645
-0.944109 -10.2371 297.699
-0.764639 -10.177 297.387
-0.612507 -10.2293 297.923
-0.433699 -10.2402 298.238
-0.218405 -10.0925 295.042
-0.033083 -10.1232 295.2
0.162403 -10.2167 297.754
0.373922 -10.1848 297.593
0.586882 -10.0711 294.55
0.697834 -10.2142 297.9
1.02058 -10.222 297.953
1.14245 -10.1978 297.675
1.38035 -10.197 297.801
1.61342 -10.1865 297.573
1.99577 -10.1879 297.43
2.25512 -10.1695 297.281
2.39669 -10.3499 301.677
2.66935 -10.355 301.961
2.90606 -10.205 297.435
3.04569 -10.202 298.039
3.33527 -10.1942 297.977
3.4727 -10.2122 297.669
3.759 -10.1976 297.609
3.99858 -10.0897 294.114
4.20099 -10.2134 297.936
4.4954 -10.2111 297.677
4.80223 -10.2047 297.577
5.1244 -10.2277 298.359
5.42229 -10.2162 298.268
5.67513 -10.3471 302.499
5.91019 -10.214 297.984
6.23537 -10.1952 297.689
6.40494 -10.1933 297.916
6.63807 -10.0812 293.773
6.91201 -10.1928 298.212
7.24271 -10.1815 297.364
7.59441 -10.2156 298.04
7.90805 -10.3519 302.854
8.11821 -10.2154 298.094
8.46748 -10.2113 298.051
8.84189 -10.1698 297.637
9.17214 -10.3603 302.411
9.37815 -10.1869 297.789
9.75259 -10.1796 297.248
10.1353 -10.1897 297.965
10.5011 -10.1755 297.654
10.887 -10.2045 297.942
11.0757 -10.0158 293.003
11.4344 -10.1939 297.595
11.652 -10.1921 298.218
12.0365 -10.2024 298.125
12.1984 -9.99895 292.399
12.6131 -10.1937 297.899
13.0226 -10.1866 297.934
13.4225 -10.2081 298.36
13.88 -10.3765 303.498
14.2572 -10.3447 302.823
14.4062 -10.1776 298.03
15.0188 -10.2072 298.325
15.489 -10.3614 303.522
15.757 -10.0721 294.944
16.2225 -10.1809 298.32
16.6209 -10.1934 298.039
17.014 -10.1885 297.933
17.4491 -10.1911 298.007
18.1607 -10.3439 302.781
18.2484 -10.1748 297.635
18.7253 -10.1902 298.398
19.0848 -10.1765 297.551
19.5416 -10.1733 298.121
19.9339 -10.1794 297.533
20.362 -10.1662 297.672
20.5858 -10.1886 298.2
21.0048 -10.1768 297.919
21.4113 -10.1628 297.845
21.8604 -10.1902 298.478
22.6503 -10.3512 303.292
22.6686 -10.1686 297.996
23.0868 -10.1622 297.893
23.5013 -10.1656 297.592
23.9074 -10.1502 297.694
24.0783 -10.1609 297.288
24.5386 -10.148 297.804
24.9465 -10.1492 297.643
24.8881 -9.96285 292.134
25.5823 -10.1448 297.878
25.9729 -10.1644 297.701
26.3602 -10.1309 297.389
26.7987 -10.1658 297.778
26.9852 -10.1233 297.344
27.5675 -10.1478 297.252
28.012 -10.1486 297.626
28.3878 -10.1556 297.5
28.8168 -10.1831 297.953
29.2142 -10.146 297.865
29.3699 -10.1516 297.343
29.7629 -10.1476 297.596
30.1539 -10.166 297.531
30.5273 -10.1382 297.464
30.9027 -10.1512 297.562
31.2914 -10.1522 297.605
31.6499 -10.1463 297.59
32.0157 -10.1626 297.571
32.4072 -10.1557 297.702
32.5604 -10.1662 297.512
32.9314 -10.1721 297.702
33.2587 -10.1298 297.309
33.613 -10.1419 297.556
33.9669 -10.1707 297.681
34.2935 -10.1527 297.433
34.6315 -10.1393 297.417
34.9215 -10.1107 296.982
35.2664 -10.1342 297.231
35.5511 -10.1398 296.956
35.9061 -10.1644 297.243
36.0254 -10.1177 296.868
36.877 -10.272 301.399
37.2512 -10.3018 301.98
36.9799 -10.1624 297.348
37.7771 -10.3023 301.407
38.0642 -10.2994 301.367
37.8107 -10.1531 297.153
38.2504 -10.1454 297.555
38.8965 -10.2979 301.55
38.9579 -10.2388 299.829
38.8228 -10.1145 297.116
39.0894 -10.1065 297.129
39.3025 -10.0828 296.74
39.7956 -10.2206 299.821
39.5883 -10.0871 296.517
39.8614 -10.1006 296.82
40.0048 -10.1047 296.29
39.8906 -10.0354 294.106
40.3931 -10.0865 296.813
40.4409 -10.102 296.505
40.6255 -10.0973 296.436
40.8555 -10.1416 296.907
41.2655 -10.185 299.237
41.1542 -10.091 296.446
41.4838 -10.1457 298.207
41.428 -10.0762 296.095
41.5676 -10.0898 296.049
41.6931 -10.0672 295.958
41.8651 -10.1035 296.277
41.9246 -10.059 295.762
42.0213 -10.087 296.064
42.1144 -10.0976 295.936
42.3474 -10.1326 297.181
42.2902 -10.0883 295.787
42.4213 -10.0852 295.715
42.3602 -10.0239 294.548
42.5352 -10.0811 295.557
42.5763 -10.0952 295.675
42.7116 -10.0986 296.18
42.6653 -10.0628 295.429
42.6745 -10.0393 295.226
42.6925 -10.0498 295.243
42.721 -10.0548 295.283
42.7251 -10.0557 295.148
42.7215 -10.0567 295.053
42.7325 -10.0596 295.085
42.7501 -10.0681 295.23
42.7453 -10.0683 295.169
42.7425 -10.0689 295.151
42.7255 -10.0634 295.038
42.7344 -10.0678 295.168
42.7079 -10.0543 294.973
42.7014 -10.0558 294.935
42.7193 -10.0596 295.106
42.5816 -10.0235 294.112
42.6157 -10.0282 294.655
42.4057 -10.0229 293.783
42.474 -10.0705 294.621
42.3949 -10.0687 294.697
42.2654 -10.0154 294.28
42.1739 -10.0644 294.407
42.08 -10.0467 294.463
41.9891 -10.026 294.197
41.9143 -10.0489 294.476
41.7824 -10.0235 294.329
41.6015 -10.026 293.914
41.556 -10.0457 294.581
41.2892 -9.96887 293.042
41.3223 -9.99899 293.927
41.2407 -10.0287 294.421
40.9582 -10.0029 293.378
40.8441 -9.99916 293.901
40.7579 -10.0193 293.87
40.6028 -10.0105 294.056
40.3689 -10.0406 293.72
40.1868 -10.0176 293.703
40.0623 -10.0142 294.171
39.8593 -10.0362 294.213
39.624 -10.0325 293.916
39.3319 -9.99335 293.197
39.6388 -10.1154 297.207
39.0964 -10.0381 293.967
38.8007 -10.0118 293.427
38.2421 -9.90961 290.12
38.4546 -10.0202 293.695
38.2348 -10.0448 294.004
38.0236 -9.9695 293.206
37.7742 -9.98707 293.305
37.5169 -9.99127 293.315
37.2785 -10.0148 293.557
36.9688 -10.0055 293.173
36.3907 -9.89189 289.692
36.4754 -9.99685 292.628
36.2741 -10.0303 293.454
36.0635 -9.97731 292.823
36.3193 -10.1334 297.496
35.68 -10.0402 293.583
35.3115 -10.0026 293.166
34.6756 -9.90408 289.144
34.8111 -10.0145 293.043
34.9804 -10.143 297.302
34.3294 -10.0187 293.038
34.0896 -9.96215 292.342
33.8035 -9.99648 292.907
33.4797 -10.0027 292.946
33.2689 -9.97353 292.636
32.9406 -10.0115 292.808
32.7279 -9.96749 292.442
32.5812 -9.99541 292.79
32.214 -9.97668 292.543
31.9148 -10.0192 293.255
32.0076 -10.1785 297.447
31.4084 -10.0267 293.536
30.9049 -9.99331 292.317
30.5794 -9.98896 292.729
30.2119 -10.0031 292.685
29.7962 -9.98389 292.412
29.4557 -9.98677 292.772
29.0562 -9.99356 292.463
28.6388 -9.96699 292.259
28.2858 -9.99045 292.67
27.8359 -9.96159 291.947
27.6277 -9.99832 291.946
27.268 -9.97077 292.332
27.041 -9.97328 292.059
26.693 -9.98538 292.539
26.2415 -9.96836 292.065
25.8933 -9.99362 292.637
25.4427 -9.97002 292.072
25.0783 -9.97716 292.567
24.676 -9.99175 292.53
24.2521 -9.97504 292.403
23.85 -9.99672 292.507
23.4464 -9.97313 292.39
23.2397 -9.96724 292.367
22.8682 -10.0222 292.873
22.4415 -9.97513 292.474
22.417 -10.1918 297.743
21.8118 -10.0011 292.55
21.404 -9.98306 292.45
20.9981 -9.99179 292.528
20.7698 -9.96115 292.158
20.7568 -10.1924 297.81
20.3611 -10.1833 298.243
19.738 -9.97521 292.036
19.3548 -9.98849 292.317
18.9534 -9.98247 292.392
18.5556 -10.0112 292.707
18.3481 -10.0122 292.736
17.9659 -10.0196 292.796
17.5204 -9.99608 292.399
17.1355 -10.0117 292.555
16.9428 -10.0367 293.019
16.6532 -10.24 298.934
16.1277 -10.0362 292.755
16.0246 -10.1735 297.634
15.5402 -10.0308 292.574
15.141 -9.97876 292.103
14.779 -10.0613 293.213
14.386 -10.0087 292.706
14.174 -10.0138 292.362
13.7996 -9.99542 292.46
13.6145 -10.0235 292.899
13.2285 -9.99889 292.664
12.8805 -10.0675 293.483
12.4726 -10.0061 292.339
12.2938 -10.056 292.852
11.9237 -10.1859 297.268
11.5665 -10.1743 297.392
11.1965 -10.0371 292.837
11.0156 -10.0232 293.046
10.4837 -10.043 293.45
10.1165 -10.0293 292.688
9.93618 -10.0476 293.202
9.74606 -10.0329 293.242
9.41479 -10.0455 293.277
9.07712 -10.0449 293.196
8.72657 -10.0222 293.207
8.38616 -10.0294 293.451
8.09143 -9.90068 288.74
7.88181 -10.0351 293.579
7.5531 -10.0378 293.499
7.23079 -10.0672 293.739
6.91162 -10.079 294.031
6.74604 -10.0765 294.096
6.42924 -10.0671 293.906
6.11813 -10.0859 293.795
5.89007 -10.2032 297.598
5.65517 -10.0591 293.956
5.28321 -9.94098 290.219
4.99221 -9.95399 290.516
4.6325 -10.0506 293.792
4.48559 -10.1022 293.864
4.15327 -9.93988 289.931
3.88474 -9.94996 290.014
3.51456 -10.0508 293.885
3.39773 -10.084 294.023
3.13216 -10.0894 294.152
2.83759 -9.98605 291
2.61369 -10.1011 294.402
2.35625 -10.105 294.654
2.11799 -10.0831 294.372
1.88394 -10.096 294.641
1.66463 -10.0763 294.445
1.45321 -10.1953 297.681
1.33293 -10.0888 294.468
1.12538 -10.0861 294.558
0.908854 -10.1084 294.811
0.695921 -10.1409 294.829
0.412056 -10.1194 294.736
0.213434 -10.1233 295.136
0.0448017 -10.0847 294.782
-0.137056 -10.1305 295.213
-0.29295 -10.1135 295.193
-0.375744 -10.1329 295.011
-0.618137 -10.1411 295.506
-0.680922 -10.1404 295.321
-0.840052 -10.1288 295.428
-0.972044 -10.1301 295.161
-1.12458 -10.1491 295.547
-1.23873 -10.1523 295.528
-1.34727 -10.1211 295.357
-1.47484 -10.1746 296.058
-1.56791 -10.1507 295.819
-1.66557 -10.1255 295.457
-1.7629 -10.163 295.77
-1.80459 -10.1558 295.785
-1.88243 -10.1311 295.83
-1.97066 -10.1555 295.874
-2.04526 -10.1724 296.103
-2.07017 -10.1359 295.496
-2.16696 -10.1537 296.406
-2.21786 -10.1627 296.276
-2.26549 -10.1723 296.199
-2.29883 -10.1787 296.176
-2.3395 -10.1744 296.233
-2.37998 -10.1431 295.751
-2.41171 -10.0966 294.939
-2.50537 -10.1824 296.754
-2.50569 -10.1732 296.449
-2.51132 -10.1848 296.726
-2.51563 -10.188 296.727
-2.51922 -10.1928 296.771
-2.51586 -10.1837 296.647
-2.51865 -10.1974 296.863
-2.52732 -10.2012 297.013
-2.51305 -10.1874 296.685
-2.53881 -10.1822 296.378
-2.55433 -10.1911 296.538
-2.56911 -10.2156 297.197
-2.50012 -10.1743 296.505
-2.44639 -10.177 297.081
-2.35883 -10.1825 296.909
-2.28484 -10.2045 296.966
-2.18738 -10.188 297.135
-2.14907 -10.2283 298.557
-2.04183 -10.2603 298.636
-1.92751 -10.2361 298.629
-1.81448 -10.2204 297.54
-1.67843 -10.2005 297.452
-1.62266 -10.2011 297.752
-1.4922 -10.2185 297.256
-1.34223 -10.2025 297.482
-1.1981 -10.1601 295.62
-1.02571 -10.1155 295.229
-0.873331 -10.1284 295.383
-0.707497 -10.1966 297.524
-0.624838 -10.2107 297.523
-0.435711 -10.2059 297.541
-0.254244 -10.1976 297.835
-0.158821 -10.2872 300.31
0.152302 -10.1927 297.378
0.361122 -10.1753 297.24
0.570457 -10.2002 297.858
0.787025 -10.2171 298.3
0.998009 -10.1108 294.637
1.1318 -10.1868 297.466
1.38169 -10.2001 298.05
1.61519 -10.2007 297.732
1.84378 -10.2192 298.022
2.11648 -10.2058 297.697
2.24721 -10.1906 297.825
2.39979 -10.3473 301.924
2.63557 -10.1867 297.369
2.88253 -10.1817 297.17
3.19774 -10.3319 301.453
3.4368 -10.1976 297.56
3.72343 -10.1867 297.441
3.8695 -10.1748 298
4.16257 -10.2002 298.016
4.31381 -10.2044 297.517
4.60713 -10.1863 297.587
4.91599 -10.1884 297.903
5.22515 -10.169 297.576
5.4612 -10.0187 293.255
5.70116 -10.2149 298.257
6.03374 -10.1681 297.651
6.19518 -10.2048 298.048
6.53071 -10.2151 298.178
6.80462 -10.3587 302.513
7.1283 -10.3535 302.258
7.36855 -10.2063 298.041
7.6143 -9.99863 292.914
7.90309 -10.197 297.925
8.24372 -10.1977 298.237
8.42746 -10.1977 298.004
8.64576 -10.0566 293.524
8.952 -10.2109 297.748
9.28772 -10.1874 297.881
9.6783 -10.1823 297.738
10.0409 -10.1943 297.67
10.412 -10.1971 298.189
10.7967 -10.1807 298.022
11.155 -10.1986 297.793
11.3424 -10.1504 297.495
11.7417 -10.2036 298.061
12.1464 -10.2014 298.575
12.3273 -10.1925 298.126
12.7303 -10.195 298.184
13.1165 -10.1778 297.73
13.5247 -10.1894 298.202
13.9286 -10.2159 298.33
14.3293 -10.1738 297.925
14.7242 -10.2016 298.073
15.212 -10.3722 303.568
15.3576 -10.2046 298.258
15.7367 -10.167 297.75
15.9698 -10.1914 298.45
16.1677 -10.1656 297.876
16.5521 -10.1593 297.317
17.0203 -10.2017 298.33
17.7529 -10.3732 303.573
17.9308 -10.0588 293.937
18.4601 -10.1592 297.854
18.7098 -10.1616 298.369
19.0668 -10.1706 297.526
19.5441 -10.1597 298.261
19.9165 -10.1652 297.417
20.1672 -10.1611 298.124
20.5882 -10.1927 298.352
20.7562 -10.1659 297.4
21.4252 -10.3858 303.918
21.4229 -10.1579 297.994
21.8322 -10.1748 297.726
22.2744 -10.1412 297.681
23.1366 -10.392 303.82
23.5643 -10.3423 303.637
23.6222 -10.0446 294.645
24.8093 -10.3816 303.306
24.8061 -10.0499 293.915
25.4091 -10.1462 297.816
25.8004 -10.1568 297.693
26.1536 -10.1335 297.193
26.4358 -10.1661 298.109
27.2872 -10.3438 302.899
27.2067 -10.1377 297.584
27.4375 -10.1605 297.971
27.8475 -10.1554 298.102
28.2052 -10.1454 297.587
28.6123 -10.1412 297.679
28.9408 -10.15 297.014
28.8978 -9.97418 292.653
29.7694 -10.1475 297.801
30.1538 -10.1479 297.492
30.5569 -10.1285 297.899
30.9039 -10.1501 297.602
31.633 -10.3096 302.606
31.4343 -10.1484 297.202
31.7882 -10.1449 297.194
32.1721 -10.1207 297.209
32.5287 -10.1578 297.251
32.894 -10.1607 297.439
33.2248 -10.1092 297.038
33.0966 -9.97262 293.025
33.7345 -10.1436 297.178
33.9728 -10.1639 297.918
34.8604 -10.3411 302.619
34.7858 -10.1669 297.658
35.108 -10.1688 297.534
35.4033 -10.1473 297.273
36.2378 -10.2667 301.549
36.0324 -10.1119 297.153
36.3213 -10.1265 297.077
36.6384 -10.1237 297.294
36.8888 -10.1193 296.847
36.7675 -10.011 293.702
37.0468 -10.0057 293.644
37.34 -10.0262 293.786
37.8845 -10.1135 296.932
38.2674 -10.1131 296.829
38.5097 -10.1107 296.651
38.7962 -10.1015 296.995
39.4659 -10.2781 301.244
39.2005 -10.1486 297.242
39.3787 -10.1036 296.779
39.6313 -10.0988 296.942
39.8459 -10.09 296.801
39.6589 -10.0363 293.998
40.1464 -10.0897 296.759
40.3873 -10.1165 296.999
40.4726 -10.1031 296.216
40.4874 -10.0442 294.305
40.6908 -10.0162 294.488
41.1076 -10.0777 296.173
41.2476 -10.0829 296.071
41.4148 -10.0755 296.141
41.8203 -10.1711 298.591
41.6246 -10.0705 295.966
41.7955 -10.1199 296.416
41.8836 -10.0768 295.929
41.9534 -10.0519 295.596
42.1282 -10.0904 296.042
42.1948 -10.0519 295.699
42.2997 -10.0896 295.767
42.3437 -10.0802 295.698
42.3886 -10.0537 295.416
42.4261 -10.0496 295.208
42.5498 -10.0724 295.667
42.6678 -10.1083 296.274
42.6076 -10.0683 295.346
42.6011 -10.0364 294.884
42.669 -10.0318 295.156
42.7088 -10.0388 295.249
42.7066 -10.0379 295.035
42.7195 -10.0494 295.056
42.7429 -10.0628 295.155
42.7289 -10.0566 295.019
42.7467 -10.061 295.144
42.7552 -10.0624 295.205
42.7323 -10.0511 295.044
42.7194 -10.0475 294.963
42.7193 -10.0464 294.991
42.6788 -10.0332 294.726
42.6932 -10.0448 294.896
42.562 -9.98906 294.004
42.5051 -9.99749 294.258
42.4964 -10.0364 294.482
42.4471 -10.0618 294.714
42.332 -10.0165 294.499
42.2135 -10.0099 294.24
42.3476 -10.0856 295.977
42.0796 -10.0271 294.466
41.7479 -9.95694 292.487
41.8725 -10.0369 294.245
41.726 -10.0095 294.023
41.62 -10.0321 294.316
41.6183 -10.064 294.85
41.4131 -10.0059 294.271
41.279 -10.0313 294.456
41.0827 -10.0169 294.081
41.1011 -10.0526 294.763
40.7064 -9.96435 292.367
40.651 -9.96592 292.924
40.6599 -10.0199 294.066
40.4111 -10.0041 293.599
40.2426 -9.98396 293.745
40.3908 -10.0899 296.143
40.0259 -10.0051 294.149
39.8816 -10.0161 294.499
39.6022 -10.0366 294.01
39.404 -9.99618 293.925
39.1743 -9.9904 293.806
39.0065 -10.0183 294.242
38.8183 -9.98468 293.467
38.6039 -9.99006 293.582
38.3744 -9.99101 293.622
38.094 -9.99047 293.435
37.8485 -10.0119 293.613
38.1897 -10.1068 297.372
37.3535 -9.96575 292.829
37.6342 -10.1164 297.381
37.352 -10.142 297.327
36.7321 -10.0053 293.532
36.5819 -10.0104 293.424
36.3174 -10.0013 293.382
36.0442 -9.99898 293.379
36.2109 -10.1584 297.402
35.5136 -9.9717 292.868
35.1669 -9.97912 292.592
35.38 -10.1496 297.146
34.6807 -9.97499 292.671
34.5633 -10.0182 293.126
34.3633 -9.9818 292.766
34.3875 -10.123 297.168
33.7156 -10.0062 292.924
33.3464 -9.98371 292.659
33.0062 -9.97613 292.773
32.6962 -10.0141 293.205
32.4673 -9.98513 292.584
32.1446 -9.99479 292.957
31.7625 -9.99151 292.817
31.3641 -9.96013 292.395
31.1892 -9.97763 292.484
31.1267 -10.1771 300.282
30.2926 -9.991 292.913
29.5471 -9.80637 287.419
29.7214 -9.99782 292.937
29.3186 -9.99318 292.694
28.8765 -9.9369 291.945
28.5422 -10.0079 292.703
28.0971 -9.9392 291.894
27.9208 -9.97693 292.155
27.5345 -9.95994 292.215
27.171 -9.99282 292.591
26.7366 -9.94233 292.112
26.354 -9.98541 292.402
25.9358 -9.93718 292.022
25.5742 -10.0032 292.673
25.5814 -10.1324 297.375
25.186 -10.1534 297.365
24.4964 -9.94097 291.702
24.1422 -9.98895 292.475
23.7454 -9.94606 292.361
23.1064 -9.77557 286.865
23.101 -9.98891 292.134
22.7205 -9.95082 292.249
22.3201 -9.98627 292.594
22.1153 -9.9524 292.375
21.6771 -9.96757 292.171
21.3058 -9.97054 292.532
20.7176 -9.8025 287.407
20.6784 -9.99327 292.541
20.277 -9.9718 292.492
19.8512 -9.99186 292.375
19.4378 -9.95011 291.95
19.2233 -9.9691 291.888
19.1729 -10.1793 297.607
18.7555 -10.1498 297.405
18.2387 -10.0103 292.431
17.8151 -9.96976 291.991
17.3135 -9.81169 287.078
17.2275 -9.98194 292.449
17.0224 -9.9628 292.298
16.3545 -9.85129 287.845
15.9432 -9.81732 287.435
15.8472 -10.033 292.998
15.4304 -9.99349 292.335
15.0514 -10.0265 292.981
14.6478 -9.98169 292.464
14.26 -10.0094 292.842
13.8677 -10.0074 292.632
13.6893 -10.034 293.068
13.2943 -10.0186 292.808
12.9304 -10.029 293.193
12.5512 -10.0321 292.786
12.141 -9.8446 287.827
11.7809 -10.0512 294.548
11.6027 -9.99618 292.834
11.2223 -10.008 292.59
10.856 -10.0131 292.833
10.4788 -9.9924 292.654
10.1268 -10.1813 297.854
9.77708 -10.0123 292.902
9.43581 -10.0035 292.736
9.09685 -10.0224 293.141
8.90886 -10.0039 292.859
8.70177 -10.1672 297.213
8.40363 -10.0043 292.731
8.10754 -9.89491 288.735
7.79471 -9.89615 289.132
7.41245 -10.0581 293.331
7.08157 -10.0171 292.877
6.76792 -10.0128 293.403
6.45512 -10.0523 293.925
6.22489 -10.1883 297.577
5.92441 -10.2009 297.555
5.69055 -10.04 293.616
5.38538 -10.0471 293.919
5.09429 -10.083 294.57
4.81108 -10.0646 294.198
4.53056 -10.099 294.565
4.07028 -9.9447 290.606
3.8363 -10.0252 293.37
3.4355 -10.0871 294.353
3.3058 -10.0724 294.401
3.04249 -10.0842 294.206
2.88529 -9.95381 290.81
2.66772 -10.0653 294.049
2.55205 -10.0801 294.277
2.31109 -10.109 294.744
2.193 -10.0609 294.144
1.95562 -10.0657 294.307
1.74953 -10.1744 297.09
1.49533 -10.1124 294.878
1.27916 -10.1094 294.331
1.18367 -10.0849 294.61
0.953039 -10.1221 294.851
0.744686 -10.1057 295.055
0.567921 -10.0846 294.892
0.371101 -10.1155 295.048
0.18186 -10.1138 295.065
-0.0910015 -10.1241 295.22
-0.252083 -10.1038 295.106
-0.416212 -10.1316 295.363
-0.578966 -10.1093 295.118
-0.72159 -10.1232 295.369
-0.865261 -10.1333 295.268
-1.00218 -10.1146 295.34
-1.15211 -10.1346 295.596
-1.25834 -10.129 295.361
-1.30307 -10.0522 293.578
-1.45175 -10.1586 296.016
-1.46861 -10.0904 293.891
-1.58541 -10.1201 295.731
-1.72555 -10.2031 297.163
-1.79436 -10.1987 296.97
-1.87358 -10.1582 296.75
-1.92253 -10.1394 296.05
-2.03235 -10.1878 296.588
-2.06003 -10.165 295.932
-2.12596 -10.1535 295.967
-2.18186 -10.1353 295.917
-2.24122 -10.1556 296.277
-2.28547 -10.1744 296.156
-2.31406 -10.1797 296.143
-2.35073 -10.1718 296.279
-2.38516 -10.1415 295.835
-2.49897 -10.1985 297.296
-2.51059 -10.1819 296.809
-2.51359 -10.1653 296.49
-2.52084 -10.1614 296.498
-2.51965 -10.1688 296.489
-2.51958 -10.169 296.603
-2.5183 -10.1677 296.686
-2.52028 -10.1769 296.722
-2.5175 -10.1622 296.59
-2.52354 -10.1559 296.426
-2.52912 -10.1492 296.227
-2.56642 -10.1796 296.439
-2.58875 -10.2066 297.091
-2.51635 -10.1745 296.377
-2.42972 -10.1336 295.978
-2.34832 -10.1434 296.003
-2.30869 -10.1916 297.01
-2.21101 -10.1556 296.937
-2.11493 -10.1805 297.103
-2.02329 -10.2136 297.289
-1.88988 -10.1594 296.999
-1.78297 -10.2633 298.987
-1.64076 -10.168 297.237
-1.42944 -10.1721 297.146
-1.37073 -10.2256 298.958
-1.14956 -10.1816 297.639
-0.987638 -10.192 297.178
-0.815771 -10.1529 297.203
-0.666658 -10.2037 297.391
-0.471029 -10.1818 297.537
-0.390659 -10.2006 297.39
-0.193117 -10.1546 297.161
-0.0112896 -10.1639 297.574
0.0976925 -10.2726 299.977
0.298172 -10.1525 297.232
0.515579 -10.1666 297.36
0.720642 -10.1991 297.769
0.947161 -10.0702 294.24
1.06896 -10.1637 297.471
1.30081 -10.2158 298.52
1.53501 -10.2363 298.811
1.80015 -10.1919 298.094
2.14329 -10.0759 295.029
2.29821 -10.2232 298.693
2.66961 -10.0712 294.945
2.83031 -10.1984 298.105
3.10556 -10.21 298.616
3.3941 -10.2079 298.38
3.67474 -10.2124 298.272
3.97194 -10.1955 298.013
4.17153 -10.3158 302.244
4.42833 -10.1988 298.994
4.7283 -10.2081 298.985
5.03538 -10.1978 298.018
5.35041 -10.215 298.057
5.66913 -10.1949 297.632
5.85486 -10.1803 297.9
6.16514 -10.1892 297.81
6.49507 -10.1984 298.008
6.73886 -10.028 294.06
7.00657 -10.1889 297.987
7.18674 -10.1152 297.428
7.52813 -10.197 298.237
7.76963 -10.0761 294.125
8.06173 -10.1596 297.6
8.38008 -10.3177 302.778
8.79419 -10.1545 297.702
8.97523 -10.1619 297.544
9.32684 -10.1538 297.448
9.67113 -10.3628 303.222
9.90318 -10.1764 298.202
10.2629 -10.1684 297.664
10.6471 -10.1734 298.043
11.0195 -10.188 298.401
11.1992 -10.1839 298.322
11.5907 -10.1935 298.549
11.9882 -10.3666 303.566
12.183 -10.1893 298.573
12.5642 -10.2093 298.658
13.1547 -10.1825 298.166
13.5635 -10.1943 298.675
13.9636 -10.2057 298.294
14.3805 -10.1862 298.606
14.7579 -10.1846 297.969
15.1954 -10.1715 298.39
15.5992 -10.208 298.548
15.9988 -10.1562 298.058
16.4314 -10.1692 298.2
16.813 -10.148 298.004
17.0562 -10.1894 298.693
17.4572 -10.1912 298.35
17.8841 -10.1456 298.254
18.6419 -10.3807 303.96
18.7309 -10.1406 298.215
19.0971 -10.1674 297.937
19.9633 -10.3822 304.589
19.956 -10.1939 298.121
20.4011 -10.163 298.529
20.4708 -10.0308 293.557
21.0128 -10.1646 298.112
21.4521 -10.2063 298.706
21.8747 -10.1964 298.65
22.5082 -10.1929 298.766
22.9351 -10.1636 298.801
23.3582 -10.2138 298.887
23.7447 -10.1633 298.415
24.1678 -10.2013 298.625
24.8471 -10.3712 304.175
24.8235 -10.1961 298.931
25.1756 -10.1745 298.113
25.1502 -9.99105 292.947
25.8063 -10.171 297.971
26.23 -10.1549 298.32
26.6786 -10.1968 298.801
27.0786 -10.1749 298.697
27.732 -10.336 303.406
27.6402 -10.1535 298.18
27.9279 -10.1823 298.985
28.7233 -10.353 303.272
28.8714 -10.0479 295.769
29.378 -10.1604 297.644
29.7578 -10.1339 297.545
29.652 -9.99218 292.652
30.059 -9.99949 292.993
30.7314 -10.1784 297.818
31.073 -10.125 297.149
31.4292 -10.1447 297.202
31.8533 -10.1995 297.924
32.1958 -10.1327 297.472
32.5461 -10.1417 297.507
32.9458 -10.1732 298.046
33.3367 -10.1722 298.31
33.4912 -10.1707 297.954
33.8683 -10.177 298.353
34.1629 -10.1337 297.937
34.5182 -10.1631 298.131
34.8298 -10.1601 297.911
35.1751 -10.1788 298.126
35.5287 -10.1927 298.542
35.838 -10.1546 298.29
36.1178 -10.1291 297.969
36.2875 -10.1746 298.155
36.5955 -10.175 298.215
36.8202 -10.1388 297.485
37.1607 -10.1524 297.975
37.4946 -10.1537 298.339
37.7918 -10.1525 298.407
38.028 -10.1574 298.19
38.0872 -10.1315 297.601
38.3611 -10.1274 297.578
38.7854 -10.1591 297.895
39.1928 -10.1266 298.13
39.4469 -10.1246 297.388
40.0458 -10.2002 300.062
40.0035 -10.1205 297.34
40.625 -10.2036 300.3
40.435 -10.1142 297.372
40.6768 -10.1575 297.848
40.7836 -10.1016 297.054
40.7003 -10.0066 294.534
40.8879 -10.021 294.658
41.3339 -10.085 297.214
41.4617 -10.1066 297.072
41.4985 -10.0881 296.743
41.7122 -10.124 297.269
41.7976 -10.0767 296.755
41.9933 -10.1341 297.335
42.056 -10.0822 296.815
42.2333 -10.1058 296.877
42.3051 -10.0744 296.574
42.4313 -10.1114 296.839
42.4792 -10.0941 296.513
42.4658 -10.0437 295.308
42.611 -10.0886 296.077
42.7053 -10.0885 296.333
42.7141 -10.0427 295.925
42.7432 -10.0406 295.817
42.8106 -10.0654 296.168
42.8051 -10.0585 295.882
42.7952 -10.0588 295.685
42.8417 -10.0688 295.965
42.8221 -10.0666 295.75
42.8153 -10.0611 295.639
42.834 -10.0708 295.802
42.811 -10.0662 295.651
42.8158 -10.066 295.714
42.7976 -10.0578 295.586
42.8039 -10.0636 295.651
42.8107 -10.0612 295.756
42.7902 -10.0599 295.637
42.7129 -10.0427 295.119
42.7072 -10.034 295.281
42.6763 -10.0281 295.262
42.6172 -10.0186 295.095
42.5057 -10.0555 294.995
42.1884 -9.98413 293.161
42.2618 -10.0055 294.466
42.1304 -10.0385 294.697
42.0444 -10.02 295.028
41.7721 -9.9735 293.433
41.5533 -9.96153 292.805
41.6817 -10.0282 294.7
41.5311 -10.0207 294.564
41.3538 -10.0289 294.347
41.3348 -10.0331 295.354
41.1514 -10.0293 294.782
41.0682 -10.0411 295.157
41.1371 -10.1003 296.432
40.8419 -10.054 294.939
40.2848 -9.89918 291.975
40.501 -10.0505 294.96
40.2126 -10.033 294.098
40.0494 -9.99433 294.267
40.1677 -10.0848 296.547
39.736 -9.99634 294.1
39.4824 -9.985 293.931
39.3855 -10.0243 294.124
39.1509 -10.0087 294.09
39.1178 -10.0439 294.765
38.6963 -9.99694 294.319
38.5369 -10.0262 294.019
38.2787 -10.0277 294.047
38.0062 -10.0164 293.884
38.2271 -10.1481 297.727
37.6287 -10.0075 294.105
37.3595 -10.0078 294.111
37.1727 -10.0133 293.921
36.8867 -10.0326 293.896
36.6112 -10.0314 293.995
36.3737 -10.036 294.17
36.041 -10.0128 293.609
35.8744 -9.99745 293.544
35.5844 -9.99835 293.806
35.2697 -9.98842 293.7
34.5939 -9.86097 289.383
34.7283 -9.98468 293.286
34.3881 -9.98823 293.144
34.2362 -9.98385 293.234
33.9003 -9.98564 293.305
33.7347 -10.0159 293.538
33.4242 -9.99179 293.613
33.0908 -9.98362 293.671
32.8604 -9.99003 293.285
32.5639 -9.99472 293.579
32.7094 -10.1927 298.406
32.0131 -9.9862 293.677
31.812 -9.9968 293.559
31.4391 -9.97234 293.345
31.0591 -10.0282 293.445
30.633 -9.9622 292.776
30.3049 -9.98829 293.257
29.9373 -10.0323 293.512
29.5213 -9.97327 293.057
29.1595 -9.98307 293.237
28.7006 -9.95557 292.646
28.4105 -10.0072 293.641
28.1328 -9.95138 292.749
27.7444 -9.98505 292.851
27.8763 -10.163 298.521
27.4314 -10.153 297.97
27.0507 -10.1528 298.463
26.3507 -9.9921 293.063
25.9432 -9.96593 292.769
25.2589 -9.77301 287.275
24.8854 -9.81526 287.748
24.9596 -9.97406 293.16
24.5569 -9.99847 293.13
23.9222 -9.82641 288.148
23.967 -10.0089 293.37
23.5214 -9.9663 292.975
23.1336 -10.0128 293.303
22.7393 -9.98189 293.343
22.301 -9.99903 293.099
22.2966 -10.1815 298.784
21.8607 -10.1854 298.357
21.2718 -10.0214 293.265
20.8382 -9.97688 292.834
20.4646 -10.0456 293.582
20.2521 -10.0009 293.296
19.7947 -9.98812 292.853
19.4231 -10.0077 293.335
19.1976 -9.98357 292.947
18.7699 -9.99736 292.743
18.5952 -10.0009 293.352
18.1729 -9.98612 292.966
17.9546 -10.0206 292.698
17.5615 -9.99708 293.044
17.1749 -10.033 293.521
16.7677 -9.98432 293.155
16.3641 -10.0161 293.242
16.1695 -10.0119 293.162
15.7518 -10.0176 292.878
15.3729 -10.0002 293.229
15.0187 -10.0339 293.899
14.8091 -10.0306 293.702
14.347 -9.84585 288.506
14.0626 -10.0726 297.944
13.6509 -10.1156 295.522
13.2441 -10.0626 294.243
12.8652 -10.0506 293.74
12.6871 -10.0477 294.095
12.2731 -10.0128 293.109
11.9035 -10.0146 293.372
11.5505 -10.0265 293.702
11.1572 -10.0171 293.383
10.7885 -10.0097 293.496
10.4224 -10.0415 293.481
10.059 -10.0193 293.496
9.70625 -10.0385 293.852
9.355 -10.0661 293.99
8.99966 -10.0236 293.628
8.66202 -10.0353 294.019
8.26959 -10.1835 298.203
7.97293 -10.0802 294.404
7.65377 -10.0547 294.167
7.46843 -10.0972 294.252
7.15571 -10.0686 294.267
6.98381 -10.0836 294.578
6.66806 -10.0816 294.304
6.35048 -10.0792 294.228
6.05006 -10.068 294.494
5.89218 -10.0824 294.747
5.58635 -10.098 294.637
5.29434 -10.0779 294.602
4.99763 -10.0885 294.777
4.70999 -10.0733 294.512
4.41925 -10.0779 294.683
4.14406 -10.0592 294.611
3.76064 -10.2104 298.557
3.58932 -10.0571 294.727
3.33132 -10.0613 294.58
3.07124 -10.0691 294.739
2.80916 -10.0814 294.775
2.57355 -10.093 294.918
2.32131 -10.1078 295.303
2.08411 -10.1043 295.157
1.84583 -10.1011 295.058
1.64164 -10.2095 298.553
1.42717 -10.1768 297.838
1.29306 -10.0965 294.99
1.08039 -10.0996 295.323
0.888107 -10.0898 295.315
0.675209 -10.1281 295.606
0.482597 -10.1259 295.738
0.301989 -10.1905 298.185
0.202459 -10.1171 295.412
-0.0657654 -10.1167 295.68
-0.226767 -10.1037 295.825
-0.408644 -10.161 296.009
-0.583849 -10.2426 299.001
-0.645308 -10.1571 296.094
-0.791492 -10.1459 296.339
-0.861191 -10.0844 294.5
-0.985664 -10.0812 294.361
-1.12404 -10.077 294.488
-1.25043 -10.1243 295.255
-1.37421 -10.1445 296.545
-1.50285 -10.1886 297.087
-1.58414 -10.1465 296.601
-1.69679 -10.1569 296.402
-1.7764 -10.1812 296.691
-1.85583 -10.1475 296.512
-1.95864 -10.1663 296.902
-2.02497 -10.1586 296.409
-2.08902 -10.1765 296.873
-2.12447 -10.1552 296.652
-2.18478 -10.1602 297.015
-2.23102 -10.1855 297.636
-2.27261 -10.1718 297.122
-2.30956 -10.1989 297.246
-2.37037 -10.1767 297.035
-2.45276 -10.1667 297.072
-2.50653 -10.1767 297.331
-2.50741 -10.1769 297.178
-2.51165 -10.1721 297.001
-2.51812 -10.1821 297.111
-2.52604 -10.1818 297.065
-2.52597 -10.184 297.173
-2.53455 -10.1902 297.392
-2.52588 -10.1852 297.268
-2.51312 -10.1727 297.01
-2.55489 -10.1829 297.068
-2.58658 -10.1899 296.887
-2.58921 -10.2224 297.634
-2.55475 -10.2097 297.751
-2.46851 -10.1719 297.69
-2.42848 -10.1924 297.764
-2.34634 -10.2161 297.743
-2.28169 -10.2197 298.155
-2.15366 -10.1934 297.855
-2.05647 -10.2249 297.877
-1.68798 -10.2077 298.313
-1.53993 -10.1399 295.978
-1.49721 -10.2334 298.271
-1.4171 -10.2122 298.308
-1.25665 -10.2038 297.944
-1.20368 -10.2325 298.555
-1.01099 -10.1884 297.867
-0.875904 -10.2226 298.51
-0.597748 -10.1964 298.4
-0.501064 -10.2541 300.18
-0.231256 -10.175 298.126
-0.0383301 -10.2008 298.563
0.155651 -10.2363 298.721
0.373512 -10.2104 298.125
0.469978 -10.3279 301.805
0.691156 -10.2183 298.301
0.920994 -10.2009 298.045
1.15634 -10.1762 298.096
1.38984 -10.188 298.469
1.62325 -10.1914 298.44
1.77259 -10.3085 301.642
2.11426 -10.2085 298.436
2.24942 -10.1781 298.143
2.51671 -10.1963 298.492
2.74591 -10.0684 295.201
2.9101 -10.2004 298.115
3.05567 -10.1781 298.367
3.332 -10.1942 298.675
3.61666 -10.18 298.363
3.89769 -10.1892 298.544
4.19579 -10.2103 298.766
4.48787 -10.2123 298.472
4.79193 -10.1955 297.787
5.09669 -10.2348 298.679
5.40096 -10.2134 298.272
5.73102 -10.2148 299.001
5.90133 -10.2403 299.096
6.20198 -10.2322 298.631
6.53699 -10.2193 299.084
6.71275 -10.2074 298.77
7.04024 -10.212 298.555
7.3743 -10.2207 299.12
7.55173 -10.1841 298.158
7.7849 -10.0658 294.436
8.06888 -10.1574 298.221
8.42288 -10.2025 298.643
8.60587 -10.1872 298.446
8.78189 -10.1944 298.629
9.13943 -10.1849 298.733
9.51051 -10.2185 298.733
9.88274 -10.1833 298.59
10.2473 -10.1703 298.102
10.6333 -10.2143 298.753
10.8166 -9.99394 293.237
11.1844 -10.1709 298.254
11.3884 -9.9789 293.02
11.783 -10.1428 298.141
12.1748 -10.1673 298.337
12.5667 -10.1907 298.54
12.9726 -10.1704 298.342
13.3809 -10.3484 303.42
13.5778 -10.2011 298.974
13.9738 -10.1967 298.552
14.3879 -10.1731 298.828
14.7709 -10.1888 298.35
15.4172 -10.2125 299.137
15.8067 -10.1781 298.692
16.238 -10.1887 298.897
16.6105 -10.1968 298.578
16.8277 -10.1636 298.428
17.2644 -10.1896 298.746
17.6688 -10.1607 298.49
18.1005 -10.2024 298.839
18.5376 -10.1718 298.545
18.9846 -10.1789 298.872
19.3517 -10.1616 298.423
19.8109 -10.1882 298.68
20.2022 -10.1798 298.337
20.4333 -10.1504 298.567
20.8252 -10.1859 298.349
21.2705 -10.1437 298.56
21.6985 -10.2118 298.924
22.1251 -10.1375 298.647
22.7347 -10.1838 298.719
23.1674 -10.1703 298.694
23.3785 -10.178 298.791
23.7848 -10.1665 298.6
24.0129 -10.1687 298.908
24.4308 -10.1848 298.766
24.8207 -10.13 298.424
25.2072 -10.1736 298.208
25.654 -10.1417 298.486
26.0392 -10.1765 298.326
26.4741 -10.141 298.492
26.8582 -10.1672 298.255
27.2705 -10.1326 298.308
27.6796 -10.1685 298.379
28.0854 -10.127 298.254
28.4475 -10.1413 298.005
28.7063 -10.1486 298.593
29.0313 -10.1476 297.783
29.4575 -10.1399 298.189
29.8773 -10.1753 298.7
30.0863 -10.1524 298.582
30.3786 -10.1448 297.815
30.3064 -9.97023 293.344
30.9685 -10.1413 297.86
31.3651 -10.1278 298.111
31.7579 -10.147 298.47
32.0847 -10.1655 298.051
32.5092 -10.1425 298.502
32.2945 -9.9768 293.363
33.176 -10.1578 298.099
33.6779 -10.143 297.94
34.0228 -10.1577 297.827
34.3377 -10.1294 297.649
34.7011 -10.1109 297.921
35.0095 -10.126 297.72
35.3613 -10.1478 298.03
35.6926 -10.17 298.186
35.5109 -10.0027 293.806
35.7966 -10.0075 293.776
36.038 -9.9828 293.293
36.73 -10.1439 297.673
37.244 -10.1454 298.312
37.5 -10.1254 298.004
38.1201 -10.2932 301.868
37.8681 -10.1396 297.64
38.4798 -10.2471 301.325
38.3225 -10.1237 297.95
38.5903 -10.1188 297.89
38.7805 -10.112 297.557
39.0334 -10.1168 297.485
39.2767 -10.1338 297.521
39.5106 -10.1418 297.532
39.4279 -10.0175 294.258
39.7184 -10.0432 294.913
40.2671 -10.1154 297.393
40.5132 -10.099 297.614
40.6523 -10.1161 297.269
40.7552 -10.0981 296.692
41.0363 -10.0964 297.372
41.3988 -10.1653 299.278
41.3182 -10.1 296.985
41.347 -10.1202 296.618
41.5272 -10.0754 296.725
41.7126 -10.1103 296.971
41.8106 -10.0752 296.726
41.9822 -10.1073 297.005
41.8621 -10.0158 295.222
41.9395 -10.0408 295.042
42.2447 -10.095 296.773
42.3528 -10.0823 296.398
42.4293 -10.085 296.354
42.5201 -10.0826 296.732
42.5245 -10.0504 296.095
42.677 -10.0733 296.834
42.6491 -10.0783 296.26
42.6997 -10.0916 296.388
42.7187 -10.0653 296.074
42.7598 -10.0499 296.058
42.7715 -10.041 295.855
42.8005 -10.0497 295.87
42.8235 -10.0606 295.829
42.8501 -10.0692 295.94
42.8644 -10.0766 295.98
42.8761 -10.0806 296.034
42.8658 -10.0825 295.947
42.8458 -10.0767 295.785
42.8418 -10.0756 295.787
42.8463 -10.0734 295.805
42.8419 -10.0672 295.78
42.8449 -10.0655 295.838
42.7988 -10.0598 295.558
42.806 -10.0597 295.646
42.7385 -10.0431 295.275
42.6411 -10.0221 295.147
42.5928 -10.0469 295.327
42.6874 -10.1185 296.607
42.4216 -10.0289 295.002
42.3179 -10.0188 294.92
42.2265 -10.0422 295.001
42.122 -10.0097 295.07
42.0103 -10.0316 295.062
41.9425 -10.0488 294.994
41.7629 -10.0057 294.633
41.7444 -10.0554 295.082
41.586 -10.0319 294.887
41.3219 -9.99057 293.922
41.1016 -9.96469 293.531
41.1142 -10.05 295.002
41.0542 -10.0365 294.989
41.1611 -10.079 296.615
40.8143 -10.0553 294.891
40.5873 -10.0209 294.407
40.5743 -10.0399 294.865
40.3715 -10.0044 294.688
40.1563 -10.0175 294.473
40.0599 -10.0026 294.452
39.8931 -10.0148 294.613
39.7019 -10.0529 294.776
39.4292 -10.016 294.205
39.1578 -9.98735 293.874
39.4097 -10.1136 297.688
39.1687 -10.115 297.781
38.8909 -10.1171 297.615
38.2348 -9.9826 293.487
38.0093 -10.0039 293.857
37.6842 -9.97843 293.239
37.6855 -10.0379 294.436
37.4484 -9.97831 293.55
37.1912 -9.98393 293.652
36.9179 -9.97967 293.625
36.6117 -9.98411 293.498
36.3734 -10.0095 294.023
36.5642 -10.169 298.052
35.9115 -10.0156 294.139
35.733 -10.0151 293.827
35.8633 -10.1374 297.44
35.5562 -10.1333 297.558
34.8939 -10.0149 293.459
34.5713 -10.008 293.491
34.4355 -10.023 293.795
33.6979 -9.82483 288.799
33.8489 -9.96371 293.12
33.5414 -10.0042 293.404
33.2717 -10.0191 294.178
33.0217 -10.0052 293.484
32.7061 -10.0269 293.664
32.5088 -9.99547 293.54
32.1248 -10.0117 293.254
31.7517 -9.98208 293.239
31.9338 -10.166 298.344
31.5192 -10.1751 298.098
30.8491 -10.0156 293.522
30.474 -10.0154 293.464
30.2967 -10.0128 293.516
30.3907 -10.1675 298.141
29.7259 -10.0118 293.474
28.9702 -9.78263 287.732
28.6244 -9.8286 288.119
28.6999 -9.95405 292.805
28.3668 -9.99157 293.334
27.9012 -9.94973 292.562
27.7128 -9.99271 292.772
27.3317 -9.94703 292.773
27.4372 -10.1633 298.353
26.7435 -9.95659 292.908
26.5756 -10.1326 297.942
25.911 -9.95206 292.608
25.5251 -9.97305 292.983
25.1347 -9.97141 293.208
24.7142 -10.0085 293.243
24.2996 -9.96614 292.945
23.8979 -9.97795 293.019
23.2586 -9.80038 287.585
22.8705 -9.8109 288.055
22.8757 -9.99398 293.093
22.6655 -9.99776 293.108
22.6512 -10.1619 298.222
22.0587 -10.0042 293.238
21.4088 -9.97145 292.75
20.99 -10.0093 292.781
20.5824 -9.96484 292.672
20.1744 -9.9965 292.779
20.132 -10.1603 298.286
19.5336 -9.96606 292.487
19.1706 -9.98726 293.247
18.9358 -9.96617 292.735
18.7204 -9.98181 292.669
18.3526 -9.9941 293.265
17.911 -9.98259 292.798
17.5457 -10.0323 293.836
17.4091 -10.1654 298.249
16.8938 -10.0186 293.11
16.4782 -9.9722 292.738
16.0274 -9.82553 288.229
15.6156 -9.8279 288.025
15.4955 -10.0041 293.206
14.9101 -9.98997 293.325
14.5138 -10.028 293.458
14.3272 -10.016 293.583
13.9362 -10.03 293.748
13.7407 -10.0299 293.763
13.3478 -10.0329 293.4
12.9742 -10.0085 293.485
12.3069 -9.80747 286.722
12.0223 -10.0924 296.712
11.6485 -9.99444 293.031
11.2834 -10.0431 293.988
10.8969 -10.021 293.434
10.7402 -10.0447 294.01
10.3709 -10.027 293.605
10.1751 -10.1863 298.717
9.84462 -10.0547 294.135
9.46835 -10.0082 293.419
9.12798 -10.0333 294.097
8.94666 -10.0127 293.815
8.65236 -9.90526 289.754
8.43097 -10.0241 293.808
8.09247 -10.0585 294.308
7.77108 -10.0498 294.266
7.54802 -10.2086 298.536
7.22198 -10.1864 298.227
6.94447 -10.0559 294.134
6.6388 -10.0774 294.487
6.3334 -10.0767 294.552
5.94812 -10.2183 298.782
5.64233 -9.87862 289.999
5.269 -10.0884 294.926
4.98336 -10.0828 294.727
4.7653 -9.95247 291.166
4.41057 -10.0788 294.902
4.12296 -10.06 294.522
3.84281 -10.0713 294.854
3.70981 -10.0978 295.178
3.44166 -10.0986 294.953
3.21536 -10.229 298.944
3.06595 -10.0848 294.775
2.81036 -10.0778 294.624
2.56328 -10.0834 294.955
2.30861 -10.1093 295.147
2.18699 -10.0711 295.072
1.95916 -10.0732 295.148
1.72908 -10.0948 295.163
1.49098 -10.1122 295.397
1.38665 -9.96357 291.825
1.15639 -9.99886 292.411
0.933773 -10.1455 296.015
0.737644 -10.1311 295.749
0.54389 -10.0971 295.532
0.260334 -10.1046 295.539
0.0753002 -10.1248 295.841
-0.117872 -10.1446 296.008
-0.278795 -10.1061 295.348
-0.43215 -10.1331 295.866
-0.588699 -10.1067 295.389
-0.737156 -10.1358 296.125
-0.913609 -10.1794 296.639
-0.9652 -10.1584 296.332
-1.08142 -10.1227 296.12
-1.241 -10.1757 296.514
-1.27554 -10.0928 294.973
-1.40955 -10.1465 296.379
-1.51841 -10.1583 296.568
-1.61934 -10.1349 296.487
-1.73857 -10.1801 296.46
-1.80647 -10.1621 296.532
-1.88569 -10.1369 296.73
-1.98601 -10.1633 296.797
-2.05074 -10.1863 296.702
-2.10411 -10.1688 296.927
-2.17576 -10.1612 296.846
-2.24427 -10.1733 297.177
-2.27201 -10.1912 297.228
-2.32315 -10.1831 296.859
-2.39548 -10.1622 296.851
-2.46318 -10.1554 296.816
-2.50014 -10.1666 297.083
-2.53642 -10.1903 297.331
-2.54902 -10.1975 297.496
-2.56068 -10.1975 297.623
-2.55261 -10.1926 297.457
-2.54545 -10.1905 297.247
-2.54669 -10.1907 297.302
-2.54877 -10.1894 297.333
-2.54678 -10.1926 297.345
-2.56868 -10.1828 296.975
-2.59786 -10.1965 297.438
-2.58314 -10.1909 297.016
-2.56571 -10.2084 297.953
-2.49916 -10.1968 297.919
-2.41061 -10.1937 298.12
-2.33494 -10.2095 297.814
-2.29313 -10.2211 297.762
-2.18432 -10.1794 298.051
-2.0768 -10.2201 298.201
-1.98872 -10.2165 298.209
-1.86725 -10.2037 298.241
-1.74106 -10.2197 298.172
-1.68086 -10.2634 299.916
-1.53806 -10.2097 298.254
-1.32763 -10.2059 298.521
-1.26593 -10.2999 300.448
-1.08339 -10.1893 297.932
-0.934456 -10.1521 296.31
-0.857641 -10.1834 298.287
-0.760468 -10.168 297.975
-0.589279 -10.2326 298.389
-0.408974 -10.2163 298.259
-0.20859 -10.1915 298.288
-0.00974274 -10.202 298.567
0.183121 -10.209 298.228
0.404243 -10.1919 297.931
0.62183 -10.1816 298.132
0.836561 -10.2038 298.574
0.969296 -10.3266 301.62
1.20086 -10.1713 297.739
1.43684 -10.1721 298.176
1.66731 -10.1916 298.729
1.92122 -10.1814 298.55
2.16321 -10.19 298.678
2.42781 -10.1979 298.752
2.60672 -10.3245 301.865
2.83378 -10.1902 298.103
3.15243 -10.3366 302.407
3.43268 -10.3457 302.782
3.66993 -10.195 298.349
3.96478 -10.207 298.537
4.25781 -10.2189 298.495
4.56351 -10.2049 298.258
4.88528 -10.2234 298.981
5.19327 -10.177 298.111
5.40538 -10.0509 294.424
5.66184 -10.2133 298.826
5.983 -10.2222 299.145
6.33157 -10.1824 298.871
6.63607 -10.1743 298.516
6.97613 -10.197 298.844
7.30787 -10.2015 298.928
7.47961 -10.1444 298.061
7.83124 -10.192 298.379
8.00976 -10.1482 298.452
8.35768 -10.187 298.749
8.71208 -10.1712 297.994
8.92429 -10.0069 293.831
9.28049 -9.98155 293.297
9.6451 -10.1932 299.079
9.98992 -10.1798 298.428
10.3698 -10.1791 298.364
10.7549 -10.1729 298.639
11.1216 -10.1944 298.37
11.5111 -10.2043 298.583
11.901 -10.1756 298.605
12.493 -10.1885 298.842
12.6906 -10.172 298.699
13.0656 -10.2011 298.535
13.486 -10.1851 298.922
13.8735 -10.2064 298.842
14.2787 -10.1674 298.656
14.6974 -10.2018 298.932
14.8923 -10.1599 298.519
15.2833 -10.1723 298.17
15.7278 -10.184 299.027
16.1138 -10.1849 298.589
16.3149 -10.1622 298.17
16.7269 -10.1776 298.387
17.1574 -10.1681 298.477
17.5601 -10.1793 298.327
17.7763 -10.1924 298.452
17.8519 -9.95567 292.707
18.438 -10.1956 298.96
18.8351 -10.1834 298.598
19.2616 -10.1801 298.849
19.6631 -10.1654 298.36
20.0817 -10.1603 298.354
20.4955 -10.1588 298.127
20.9425 -10.1522 298.431
21.3612 -10.1905 298.555
21.8167 -10.1546 298.836
22.2306 -10.2067 298.711
22.412 -10.1691 298.397
22.8633 -10.1492 298.658
23.1122 -10.2179 299.285
23.0296 -9.9533 292.797
