35.7557 -8.00342 336.761
35.6291 -7.90324 333.021
36.195 -7.97781 336.888
36.379 -8.00861 337.286
36.6301 -8.00579 337.12
36.738 -8.00124 336.902
36.8576 -7.99532 336.746
37.1802 -8.00045 337.325
37.4103 -7.9883 337.031
37.4877 -7.99018 336.61
37.7125 -7.97935 336.544
37.993 -7.96495 336.705
38.1378 -7.97605 336.966
38.379 -7.99883 337.155
38.4459 -8.02243 336.793
38.6804 -7.99937 336.825
38.9978 -8.0032 337.727
39.0102 -7.99772 336.966
39.1578 -7.9668 336.475
39.6626 -8.05659 339.917
39.4943 -7.9995 336.698
39.6864 -7.993 336.842
39.77 -7.9945 336.749
40.1502 -8.04992 339.179
40.0421 -8.00526 336.946
40.0654 -7.98565 336.433
40.1946 -8.01422 336.805
40.3276 -7.99675 336.586
40.4587 -8.02092 337.154
40.576 -7.97612 336.772
40.5612 -7.96295 336.004
40.8028 -8.01168 336.947
40.8328 -7.98209 336.616
40.889 -7.98187 336.66
40.9844 -7.98344 336.954
41.0491 -7.98555 336.489
41.096 -7.98862 336.463
41.1054 -7.94982 335.659
41.2773 -8.00769 336.705
41.3572 -7.99301 336.621
41.3924 -7.98319 336.565
41.5869 -8.00218 336.85
41.5781 -8.00811 336.595
41.6613 -8.01414 337.006
41.7684 -8.0192 337.573
41.8055 -8.02108 337.533
41.7404 -7.99305 336.638
41.7799 -7.9854 336.608
41.7268 -7.97107 336.005
41.7729 -7.99389 336.26
41.794 -7.9815 336.31
41.764 -7.96298 335.954
41.8084 -7.98397 336.401
41.7738 -7.97965 336.049
41.8009 -7.99358 336.342
41.8166 -7.98376 336.452
41.7849 -7.98188 336.228
41.7823 -7.97533 336.221
41.729 -7.97703 335.922
41.753 -7.97454 336.32
41.6019 -7.97767 335.645
41.582 -7.97954 336.227
41.5532 -7.99115 336.76
41.4326 -7.98255 335.92
41.2108 -7.93927 334.314
41.2747 -7.98202 335.743
41.15 -7.99252 335.681
40.8357 -7.92843 333.593
40.726 -7.91919 333.642
40.8003 -7.96133 335.335
40.5965 -7.94155 334.113
40.6967 -7.96552 335.612
40.7267 -7.98465 336.398
40.3643 -7.92419 333.757
40.2625 -7.90912 333.64
40.4555 -7.98387 336.412
40.0703 -7.93749 333.843
40.1648 -7.95964 335.669
40.0441 -7.97051 335.96
39.8106 -7.96344 335.46
39.7795 -7.96127 335.875
39.3096 -7.91527 332.747
39.5196 -7.97944 335.943
39.2325 -7.97013 335.191
39.4122 -8.04592 338.498
38.9267 -7.97112 335.257
38.837 -7.9493 335.321
38.5592 -7.96545 334.927
38.4177 -7.98453 335.813
38.2376 -7.94617 335.048
37.9856 -7.9819 335.04
37.5056 -7.86955 331.773
37.6175 -7.97048 335.001
37.5446 -7.98178 335.691
37.2965 -7.95543 335.712
37.1315 -7.96375 335.451
36.5771 -7.87534 331.434
36.7094 -7.96172 334.993
36.6022 -7.96357 335.266
36.3913 -7.97581 335.915
36.0595 -7.97676 335.358
35.5039 -7.86902 331.427
35.6401 -7.94824 335.29
35.4419 -7.93762 334.853
35.1882 -7.96292 335.422
34.56 -7.84947 330.763
34.7505 -7.97724 335.412
34.0992 -7.86196 330.708
34.3013 -7.9766 335.755
34.1085 -7.96129 335.445
33.7784 -7.9611 335.298
33.5481 -7.94664 334.654
33.2419 -7.93905 334.843
33.1265 -7.97688 335.473
32.4346 -7.84948 329.962
32.5449 -7.94017 334.662
32.2335 -7.96645 335.066
32.0593 -7.96059 334.872
31.7835 -7.98071 336.035
31.3668 -7.96794 335.019
30.6806 -7.85932 329.566
30.8266 -7.98336 335.161
30.628 -7.97004 334.852
30.2418 -7.96788 334.671
29.876 -7.95725 334.599
29.2291 -7.83333 329.335
29.2894 -7.97204 334.109
29.1782 -7.96027 335.06
28.7384 -7.95137 334.351
28.3768 -7.96903 334.537
28.1601 -7.9495 334.239
28.009 -7.95719 334.699
28.1024 -8.10564 340.475
27.4075 -7.9633 334.568
26.7852 -7.85817 329.267
26.364 -7.82119 328.789
26.4204 -7.95306 334.425
25.8191 -7.83025 329.3
25.8048 -7.92649 333.97
25.1979 -7.83014 328.84
25.2312 -7.94863 334.266
25.0579 -7.94847 334.606
24.6555 -7.95937 334.662
24.497 -7.98101 335.415
23.8061 -7.82645 328.645
23.8748 -7.96195 334.989
23.3904 -7.90595 333.69
23.0483 -7.96768 334.893
22.8902 -8.00021 336.047
22.6101 -7.94966 334.276
22.4069 -7.94542 334.367
21.839 -7.84015 329.137
21.6538 -7.98126 335.607
21.2065 -7.9762 335.134
20.9685 -7.96824 334.288
20.3898 -7.80759 328.317
20.3821 -7.97504 334.93
19.7768 -7.79276 327.922
19.7576 -7.94188 334.573
19.5409 -7.95044 334.501
19.1142 -7.93456 333.508
18.5783 -7.80371 328.085
18.5083 -7.9543 334.177
18.1289 -7.9745 334.586
17.6218 -7.81023 328.736
17.5314 -7.97402 334.597
17.2974 -7.96421 334.125
16.9107 -7.96259 334.152
16.5151 -7.94258 334.108
16.0505 -7.82959 329.112
15.9083 -7.96355 334.23
15.4697 -7.81995 328.815
15.3497 -7.95261 334.721
14.9359 -7.94916 334.135
14.7371 -7.95277 334.255
14.3266 -7.95161 333.887
14.1393 -7.98428 334.798
13.769 -7.966 334.625
13.3567 -7.93418 333.598
13.1753 -7.97399 334.328
12.9869 -7.94003 334.201
12.7804 -7.9471 333.957
12.4041 -7.93849 333.79
12.0061 -7.82615 328.638
11.8298 -7.9383 333.717
11.4733 -7.94759 334.161
11.2641 -7.94284 333.802
10.8958 -7.9468 333.729
10.563 -7.84711 328.974
10.3636 -7.97516 334.491
9.98457 -7.95541 334.202
9.64504 -7.94859 334.027
9.46785 -7.96433 334.118
9.11778 -7.97036 334.441
8.95254 -7.98557 335.022
8.59356 -7.98127 334.416
8.28863 -7.83179 329.095
8.08424 -7.95109 334.426
7.77685 -7.97529 335.244
7.59532 -7.96881 334.547
7.26072 -7.99961 335.291
6.99174 -7.86163 330.318
6.76259 -7.96457 334.65
6.44808 -7.98313 335.028
6.19053 -7.86037 329.962
5.97748 -7.9669 334.678
5.6654 -7.96925 334.367
5.36501 -7.95273 334.286
5.23219 -8.00239 335.861
4.92624 -7.99582 335.094
4.77642 -7.97549 334.708
4.46939 -7.97118 334.727
4.33265 -8.00454 335.317
4.03979 -7.98376 334.982
3.76136 -7.98734 335.115
3.5689 -7.89368 331.295
3.35235 -7.98463 335.021
3.07816 -7.98188 335.044
2.95226 -7.9947 335.31
2.77428 -7.9116 331.84
2.52905 -7.89436 330.578
2.30063 -8.00316 335.38
2.04896 -8.02338 336.418
1.80406 -8.00446 335.118
1.67248 -7.89307 331.298
1.4634 -7.99325 335.314
1.36533 -7.99349 335.402
1.21506 -7.91611 332.316
1.00965 -7.90258 331.72
0.781111 -7.92639 332.756
0.580002 -8.02103 336.424
0.384796 -8.00948 335.614
0.285765 -8.00988 335.501
0.0936375 -8.00214 335.384
-0.107725 -8.0382 336.974
-0.278467 -7.99986 335.557
-0.487764 -8.03055 336.094
-0.53861 -7.98492 335.546
-0.736204 -8.03827 336.29
-0.807709 -7.95095 333.65
-0.963758 -8.05523 336.775
-1.11556 -8.00719 336.128
-1.29014 -8.04376 336.026
-1.33484 -8.02612 336.167
-1.38052 -7.95116 333.423
-1.61215 -8.03338 336.584
-1.65089 -7.96904 334.036
-1.77626 -7.97725 334.793
-1.90114 -8.03035 336.953
-1.98721 -8.01487 336.043
-2.03894 -8.00091 336.315
-2.08755 -8.00541 335.587
-2.21452 -8.02959 336.971
-2.29091 -8.05204 337.014
-2.32085 -8.02581 336.324
-2.38833 -8.01372 336.295
-2.45115 -8.0195 336.266
-2.48462 -8.01718 335.886
-2.55661 -8.07803 337.524
-2.59616 -8.04514 336.544
-2.61407 -8.03907 336.566
-2.67182 -8.03902 337.216
-2.70503 -8.02864 336.93
-2.74318 -8.03662 337.464
-2.76034 -8.03059 337.046
-2.76629 -8.01931 336.528
-2.78954 -8.0264 336.305
-2.84762 -8.05426 337.228
-2.89166 -8.02193 336.233
-2.91025 -8.03913 336.699
-2.91059 -8.03855 336.786
-2.93921 -8.06212 337.562
-2.92822 -8.04488 337.11
-2.92599 -8.04087 336.795
-2.92269 -8.04336 336.851
-2.9129 -8.049 336.9
-2.90631 -8.01929 336.552
-2.8958 -8.02342 336.205
-2.93001 -8.03393 336.452
-2.9551 -8.02968 336.599
-2.96139 -8.06189 337.719
-2.8809 -8.03416 336.68
-2.85832 -8.04757 337.249
-2.78219 -8.04124 337.185
-2.68664 -8.0477 337.736
-2.63473 -8.04443 337.854
-2.5538 -8.08209 339.199
-2.43826 -8.05449 338.566
-2.31471 -8.03725 336.653
-2.21082 -8.03514 336.768
-2.16589 -8.07362 337.546
-2.00772 -8.03854 336.95
-1.86716 -8.02692 336.794
-1.79751 -8.02996 336.807
-1.75006 -8.04542 337.49
-1.58821 -8.04492 337.31
-1.43959 -8.03534 337.101
-1.2506 -7.97939 334.616
-1.18028 -8.06393 337.588
-1.09775 -8.05629 337.346
-0.902086 -8.02185 336.306
-0.724308 -8.04238 336.81
-0.549572 -8.03901 337.845
-0.466057 -8.05187 337.52
-0.261778 -8.04622 337.499
-0.0454998 -8.05006 336.564
0.0201073 -8.08188 338.297
0.282654 -8.01971 336.36
0.394655 -8.09213 340.049
0.584614 -8.0358 337.03
0.710058 -8.15007 341.141
0.956001 -8.04227 337.254
1.07971 -8.00963 336.609
1.40488 -8.02749 337.055
1.53671 -8.0217 336.554
1.67689 -8.00204 336.392
1.7997 -8.11977 340.211
2.05736 -8.12803 341.059
2.32145 -8.05736 337.638
2.57187 -8.02489 337.311
2.7035 -8.0588 336.962
2.87543 -8.1308 341.118
3.17056 -8.12107 341.153
3.39396 -8.01547 336.721
3.6893 -8.03415 336.604
3.83098 -8.01446 336.903
3.96309 -8.04813 337.737
4.20363 -7.92797 332.702
4.41785 -8.03334 337.551
4.64612 -8.13946 341.8
4.87872 -8.0355 337.461
5.20705 -8.03999 337.417
5.44695 -8.13552 341.962
5.67377 -8.01458 336.7
5.84198 -8.0566 337.26
6.10048 -8.14294 341.696
6.34278 -8.03295 336.927
6.64223 -8.0076 336.674
7.01098 -8.02541 336.858
7.3237 -8.03151 336.849
7.52889 -7.99256 336.384
7.8719 -8.01879 336.68
8.14761 -8.12393 341.623
8.38023 -8.02161 336.765
8.60118 -7.85903 330.857
8.94998 -8.01487 336.835
9.2918 -8.01368 336.469
9.47446 -8.01264 336.698
9.81848 -8.11269 341.157
10.1848 -8.11799 341.739
10.3818 -8.01868 336.412
10.8018 -8.01266 336.936
11.1199 -8.01445 336.205
11.5382 -7.99604 336.351
11.75 -8.02205 336.45
12.0879 -8.03331 336.875
12.2889 -8.0168 336.703
12.7034 -8.00696 336.236
13.0672 -8.02237 336.85
13.4756 -8.01004 336.976
13.9318 -8.15344 342.519
14.0412 -8.0038 336.355
14.2262 -8.00842 336.244
14.4776 -8.01041 337.403
14.863 -7.99842 336.609
15.0482 -8.0141 336.422
15.4811 -8.00967 337.259
15.8779 -7.98924 336.548
16.2899 -8.00185 336.865
16.708 -8.02225 336.908
16.9303 -8.01176 337.101
17.3467 -8.04286 337.598
17.7338 -8.01703 336.908
18.1302 -8.00063 336.92
18.345 -7.99343 336.666
18.7392 -8.00211 336.685
18.9653 -8.02284 337.52
19.5104 -8.16362 343.344
19.5203 -7.99514 335.939
19.758 -8.01731 336.758
20.3358 -8.13801 342.683
20.3846 -8.01926 336.829
20.8085 -8.01648 337.439
21.2309 -8.00188 337.122
21.7901 -8.1189 342.181
21.8395 -7.99478 336.851
22.4337 -8.15235 342.692
22.698 -8.01921 337.112
23.0975 -8.00907 336.906
23.6585 -8.12058 342.155
23.6613 -7.99773 336.642
24.1085 -8.01344 337.106
24.2957 -7.97813 336.622
24.6881 -7.99627 336.538
25.1413 -8.01175 337.571
25.5219 -8.0068 337.324
25.6889 -8.00138 336.76
26.595 -8.16652 343.431
26.4954 -8.01457 336.903
27.1732 -8.14863 342.975
27.5904 -8.16121 343.129
27.957 -8.13414 342.782
27.8499 -7.9898 336.696
28.2903 -8.00589 337.475
28.4939 -8.03205 337.411
28.8347 -8.01209 337.176
29.4554 -8.09625 341.78
29.4118 -7.99338 337.16
29.8393 -8.05005 337.95
30.4593 -8.12678 342.469
30.832 -8.12526 342.668
31.2204 -8.14994 342.906
31.134 -8.05168 338.185
31.4612 -8.03217 337.577
31.7856 -8.02498 337.185
32.4389 -8.14014 342.467
32.2485 -8.00749 336.7
32.6022 -8.01224 336.951
32.9654 -8.01384 337.16
33.305 -8.01251 337.224
33.9242 -8.11189 341.777
33.7825 -8.0018 337.061
34.3515 -8.08928 341.046
34.2628 -7.99213 337.095
34.5343 -7.98888 336.615
34.8566 -8.0009 336.829
35.0005 -7.98441 336.621
35.3077 -8.00473 336.797
35.9437 -8.10198 341.416
36.1952 -8.08914 341.082
36.5254 -8.08411 341.403
36.2887 -7.99166 336.639
36.4805 -8.01562 337.325
37.0296 -8.08989 341.004
36.8613 -7.98816 336.956
37.0246 -7.99876 337.226
37.2332 -7.98009 336.677
37.4473 -7.98013 336.434
37.8091 -8.01072 337.662
38.0285 -8.01402 337.304
38.2141 -7.99933 336.814
38.4409 -7.98722 336.729
38.647 -8.01646 336.696
38.8681 -7.99448 336.772
38.9756 -7.97744 335.964
39.2093 -8.00074 337.062
39.5956 -8.04312 339.274
39.8489 -8.04757 339.822
39.6273 -7.96571 336.37
39.8521 -7.99963 336.791
40.2045 -8.04376 338.971
40.4079 -8.0575 339.25
40.2283 -7.95654 336.404
40.331 -7.99345 336.641
40.7089 -8.05361 339.217
40.5297 -7.97395 336.459
40.6537 -7.97094 336.23
40.7439 -7.98977 336.548
40.8679 -7.96344 336.38
40.9335 -7.9739 336.634
41.1102 -7.97731 337.017
41.1529 -7.96141 336.41
41.3258 -7.98789 337.378
41.3042 -7.99039 336.422
41.3797 -7.98174 336.31
41.454 -7.97863 336.306
41.4523 -7.95979 335.761
41.622 -7.98621 336.691
41.6721 -7.99321 336.791
41.6577 -7.97009 336.342
41.6787 -7.97393 336.186
41.7387 -7.97577 336.357
41.7062 -7.9574 335.947
41.7607 -7.95928 336.206
41.803 -7.974 336.47
41.7819 -7.97031 336.21
41.8083 -7.97857 336.368
41.7993 -7.97215 336.267
41.7887 -7.98119 336.163
41.7725 -7.97906 336.034
41.7927 -7.98117 336.22
41.7871 -7.97466 336.178
41.7469 -7.9628 335.798
41.7918 -7.97952 336.187
41.8041 -7.984 336.303
41.7624 -7.98508 335.992
41.7143 -7.96249 335.807
41.6344 -7.9482 335.348
41.6763 -7.95877 335.987
41.6524 -7.98627 336.095
41.4766 -7.94533 334.964
41.545 -7.99643 336.046
41.4244 -7.97553 335.717
41.3583 -7.97039 335.866
41.1625 -7.94992 334.722
41.2032 -7.97249 335.619
41.1002 -7.97627 335.517
41.1724 -8.00561 336.735
41.0179 -7.97357 335.86
40.8764 -7.95396 335.085
40.835 -7.96818 335.449
40.7729 -7.98934 336.295
40.6881 -7.96851 336.059
40.5255 -7.98827 336.059
40.4508 -7.98945 336.1
40.219 -7.96936 335.345
40.136 -7.99079 336.077
39.9927 -7.9852 335.724
39.5766 -7.91206 332.728
39.366 -7.89727 332.682
39.5063 -7.94766 335.349
39.2501 -7.95564 335.002
39.1962 -7.98238 335.343
38.7381 -7.89518 332.437
38.633 -7.94486 334.225
38.6081 -7.98233 335.141
38.4214 -7.96875 335.631
38.0899 -7.95523 334.768
37.8679 -7.96127 334.892
37.1849 -7.86545 331.081
37.3175 -7.95609 334.513
37.465 -8.05936 339.588
36.9633 -8.00733 336.574
36.7448 -7.98677 335.481
36.1875 -7.86121 331.642
36.29 -7.96104 335.083
35.9733 -7.95057 334.606
35.7847 -7.96709 335.355
35.658 -7.94225 335.428
35.2947 -7.94441 334.753
35.1753 -7.96775 335.128
35.3513 -8.06733 339.812
34.6909 -7.95865 335.002
34.0433 -7.83401 330.217
33.732 -7.83328 330.175
33.8544 -7.94201 334.543
33.6824 -7.92996 334.592
33.5541 -7.93713 334.936
33.2402 -7.9404 335.024
32.8764 -7.94245 334.64
32.8375 -8.01302 336.401
32.3573 -7.95881 334.666
32.2405 -7.95522 335.338
31.8641 -7.95882 335.021
31.6384 -7.92123 334.316
31.4854 -7.95406 334.58
30.8391 -7.8481 329.729
30.9175 -7.94828 334.445
30.6375 -7.96327 335.448
30.223 -7.94923 334.638
30.0046 -7.92848 334.093
29.3821 -7.82949 329.36
29.0255 -7.84693 329.471
29.0842 -7.93771 334.12
28.5246 -7.85754 330.152
28.553 -7.95105 334.795
28.1927 -7.95517 334.929
27.9768 -7.95997 334.788
27.5736 -7.94432 334.504
27.4051 -7.97821 334.849
27.0756 -7.98353 335.681
26.5935 -7.93371 334.38
26.4003 -7.9561 334.448
26.2309 -7.9735 334.912
25.847 -7.97485 335.13
25.6103 -7.94513 334.464
25.2671 -7.98206 335.414
24.8461 -7.94505 334.871
24.4015 -7.94836 334.347
24.2152 -7.93709 334.43
24.0715 -7.98227 335.449
23.6248 -7.94593 334.523
23.2137 -7.91965 334.197
22.9876 -7.95045 334.017
22.6008 -7.95994 334.186
21.9904 -7.81103 328.168
21.5907 -7.79741 328.264
21.5953 -7.95404 334.477
21.3903 -7.91938 334.488
20.9467 -7.92969 333.905
20.3799 -7.80255 327.954
20.022 -7.81993 328.657
19.9382 -7.93409 333.67
19.4158 -7.82365 328.552
19.3429 -7.94532 333.787
18.9855 -7.96216 334.962
18.7219 -7.9607 333.813
18.3399 -7.95681 334.262
18.1478 -7.98265 334.587
17.734 -7.94577 334.375
17.5045 -7.96828 334.246
17.3183 -7.93102 334.164
16.805 -7.80219 328.049
16.7027 -7.94829 334.204
16.3086 -7.95775 334.627
15.9061 -7.96895 334.334
15.5296 -7.95668 334.744
15.1227 -7.94048 334.218
14.6723 -7.82446 328.791
14.5411 -7.95208 334.577
14.3535 -7.98536 335.178
13.9426 -7.93695 334.233
13.5186 -7.82203 328.822
13.1254 -7.8031 328.472
12.9658 -7.95234 333.845
12.7898 -7.95154 334.404
12.409 -7.96695 334.109
11.9987 -7.81701 328.514
11.8529 -7.99281 335.012
11.457 -7.84557 329.133
11.0848 -7.82679 328.864
10.8985 -7.93739 333.933
10.7176 -7.97581 334.903
10.3529 -7.97017 334.531
9.98161 -7.93163 334.421
9.65297 -7.85042 329.385
9.31631 -7.86751 329.694
9.10608 -7.9595 334.732
8.76244 -7.96166 334.425
8.40812 -7.95916 334.469
8.11383 -7.85797 329.955
7.89275 -7.96224 334.396
7.57525 -7.96925 334.807
7.39381 -7.98321 334.906
7.11668 -7.85859 330.098
6.90437 -7.96725 334.699
6.57372 -7.95737 333.686
6.31958 -7.87274 330.031
6.11856 -7.99884 335.369
5.87308 -7.86595 330.483
5.56628 -7.83903 329.568
5.32889 -7.96195 334.777
5.18422 -7.98761 334.999
4.87556 -7.97775 334.938
4.5699 -7.98351 334.794
4.28496 -7.99621 335.214
4.09459 -7.8629 329.723
3.86182 -7.98275 335.259
3.66836 -7.9172 331.893
3.31031 -7.98574 334.869
3.18847 -7.96144 335.194
3.0424 -7.99059 335.147
2.77106 -8.00094 335.348
2.61299 -7.89582 331.139
2.38777 -8.00254 335.72
2.14077 -7.99949 335.072
1.92105 -7.94909 333.974
1.67242 -7.97655 335.497
1.42269 -7.99767 335.709
1.32252 -7.97832 335.807
1.08611 -7.99447 335.662
0.884769 -8.01442 335.919
0.748671 -8.03326 336.789
0.656801 -7.91822 332.863
0.436245 -8.01834 336.591
0.254501 -7.9337 332.831
0.0664616 -8.00696 335.706
-0.0359211 -7.94625 332.661
-0.221802 -8.00363 335.48
-0.312826 -7.94906 333.307
-0.486498 -8.02093 335.468
-0.669312 -8.0247 335.885
-0.733238 -7.99385 335.393
-0.910425 -8.00846 336.044
-0.966131 -7.94574 333.098
-1.14318 -8.00294 335.82
-1.29538 -7.99949 336.96
-1.42323 -8.00444 336.044
-1.49137 -7.99697 334.863
-1.62422 -7.99271 334.753
-1.76632 -8.02586 337.459
-1.86263 -8.03756 336.774
-1.93186 -8.03229 336.814
-2.01185 -8.02462 336.71
-2.06798 -8.00959 335.277
-2.16283 -8.01616 335.84
-2.26189 -8.05842 337.001
-2.29384 -8.05292 337.109
-2.30562 -7.99395 334.869
-2.44589 -8.02588 336.618
-2.48346 -8.04226 336.619
-2.54536 -8.05153 337.068
-2.5599 -8.03097 336.286
-2.60343 -8.03028 336.865
-2.64957 -8.04015 336.897
-2.68452 -8.0196 336.508
-2.71893 -8.03818 337.01
-2.76007 -8.0493 337.606
-2.77037 -8.03328 336.891
-2.78539 -8.03421 336.387
-2.85171 -8.04995 337.392
-2.89113 -8.0323 336.315
-2.91238 -8.02715 336.402
-2.9325 -8.03254 336.624
-2.92722 -8.03759 336.749
-2.91641 -8.03144 336.585
-2.92872 -8.05346 336.982
-2.93127 -8.06129 337.173
-2.92221 -8.05408 336.886
-2.91744 -8.04412 336.716
-2.91248 -8.03963 336.67
-2.91468 -8.03552 336.908
-2.93607 -8.02079 336.677
-2.98224 -8.03773 337.055
-2.96191 -8.05621 338.213
-2.88229 -8.05194 337.307
-2.84654 -8.06017 337.47
-2.81696 -8.08117 338.497
-2.71383 -8.03988 337.365
-2.63031 -8.08263 338.567
-2.52177 -8.02361 336.914
-2.45652 -8.02103 336.954
-2.40458 -8.05061 337.653
-2.31162 -8.05666 337.509
-2.26693 -8.09906 339.399
-2.13244 -8.08263 339.389
-2.00797 -8.09948 339.574
-1.86256 -8.06407 337.708
-1.78074 -8.07539 338.188
-1.70778 -8.0869 339.235
-1.58657 -8.03031 337.389
-1.39816 -8.02512 336.345
-1.32347 -8.02143 336.945
-1.14997 -8.01953 336.884
-1.00767 -8.04494 337.689
-0.794434 -8.03783 337.436
-0.704 -8.0478 336.891
-0.618116 -8.08883 340.009
-0.418331 -8.04937 337.1
-0.217873 -7.9688 334.456
-0.130674 -8.05736 337.743
0.107 -8.09693 340.395
0.304731 -8.06694 337.975
0.525269 -8.03798 337.119
0.64529 -8.13052 341.044
0.891069 -8.11241 339.984
1.10816 -8.12304 340.786
1.34465 -8.03604 337.47
1.5983 -8.02935 337.06
1.71261 -8.04311 337.855
1.8421 -8.07361 337.471
2.10092 -8.02663 337.032
2.23239 -8.03375 337.461
2.36599 -8.03271 337.16
2.64398 -8.00906 336.66
2.77365 -8.03387 336.896
3.03707 -8.05017 337.062
3.17226 -8.02246 336.626
3.47825 -8.02633 336.925
3.61439 -8.03823 336.89
3.81571 -8.10003 340.265
4.05227 -8.00551 336.522
4.27217 -8.15551 342.017
4.51984 -8.03523 336.858
4.82763 -8.02629 337.203
5.05596 -8.11496 341.523
5.30951 -8.0027 336.969
5.5453 -8.13757 341.861
5.78097 -7.99319 335.88
5.94951 -8.00555 336.538
6.11534 -8.02987 337.043
6.43942 -8.03179 336.946
6.75803 -8.03345 337.359
7.04781 -8.13393 341.814
7.3886 -8.13724 341.809
7.628 -8.02162 336.914
7.9803 -8.00269 336.208
8.207 -7.89451 331.372
8.51896 -8.00271 336.236
8.85867 -8.02005 336.492
9.04531 -8.00551 336.136
9.43541 -8.00956 336.89
9.6088 -8.00158 336.831
9.96603 -7.99381 336.519
10.1219 -8.00941 336.241
10.53 -8.02307 336.972
10.7135 -8.02916 337.024
11.0789 -8.13666 342.351
11.273 -7.9936 337.012
11.6647 -7.98133 336.359
12.0356 -8.00761 336.765
12.4281 -8.01696 336.874
12.8384 -8.01685 337.258
13.255 -8.17873 343.001
13.6629 -8.15802 343.042
13.825 -8.0023 336.722
13.9931 -8.00835 336.432
14.4677 -8.14764 342.683
14.8968 -8.14812 343.128
15.012 -8.00858 336.864
15.4106 -7.98867 336.278
15.82 -8.01297 336.816
16.0379 -8.01315 336.838
16.2231 -7.98201 336.686
16.5917 -7.9818 336.022
16.8341 -7.99083 336.624
17.238 -8.00028 336.719
17.7528 -8.11217 342.487
17.8446 -7.99898 336.755
18.3791 -8.12154 342.875
18.7293 -8.12101 342.164
19.1606 -8.12659 342.375
19.1819 -7.98315 335.306
19.6483 -7.96748 336.334
20.0861 -8.01249 337.054
20.4993 -7.99723 337.059
20.7186 -7.99286 337.602
21.1401 -8.016 337.503
21.1592 -7.87758 331.308
21.7538 -8.01765 337.209
22.3731 -8.13067 343.484
22.7689 -8.14934 343.233
22.7526 -7.99552 336.617
23.1584 -8.00216 336.688
23.5749 -8.0209 337.234
23.7909 -8.01312 337.119
24.2393 -8.04355 337.758
24.882 -8.15956 343.597
25.3121 -8.18195 343.902
25.2055 -7.9978 336.772
25.607 -8.01339 337.083
25.8038 -7.99415 336.652
26.2018 -7.99813 336.762
26.5858 -7.99697 336.61
26.8061 -8.00609 336.998
27.4385 -8.1423 342.328
27.4169 -8.03529 337.625
27.7864 -8.00087 336.975
28.1683 -8.01033 336.965
28.551 -8.01137 336.989
28.9529 -8.04145 337.456
29.126 -8.01526 337.041
29.5162 -8.0267 337.231
30.0568 -8.00609 336.928
30.4053 -8.00555 336.637
31.058 -8.1188 341.8
31.2353 -8.08181 341.683
31.6357 -8.1295 342.132
31.4819 -7.99277 336.628
32.1888 -8.13807 342.359
32.546 -8.13834 342.428
32.3969 -7.99621 336.911
32.5727 -7.98321 337.119
32.9062 -8.00929 337.182
33.2159 -8.00253 337.026
33.5985 -8.02783 337.449
34.1731 -8.10605 341.406
33.9654 -7.97458 336.227
34.3345 -8.00261 336.784
34.2276 -7.89423 332.763
34.8515 -8.01246 337.422
35.1167 -8.00722 336.922
35.8151 -8.11444 342.281
35.5421 -7.97662 336.61
35.8236 -7.97728 336.487
36.1394 -7.97893 336.951
36.5434 -8.02022 338.258
37.0141 -8.10404 341.134
37.2696 -8.09391 340.914
37.4912 -8.07946 340.503
37.3932 -8.00191 337.403
37.654 -8.01902 337.4
38.1502 -8.06897 340.759
37.9669 -7.98664 336.852
38.0652 -7.98203 336.505
38.2854 -7.96867 336.513
38.8489 -8.0587 340.499
38.6503 -7.99663 336.829
38.8668 -7.97853 336.733
39.0078 -7.98211 336.217
39.1516 -7.97683 336.616
39.5612 -8.05123 339.243
39.569 -8.00272 337.827
39.5974 -7.97488 337.099
39.7394 -8.00078 336.774
39.9355 -7.99194 336.944
40.2875 -8.063 339.282
40.4503 -8.03982 339.125
40.2716 -7.99622 336.39
40.5188 -7.99834 337.215
40.5068 -7.97649 336.369
40.6663 -7.97166 336.48
40.8363 -7.97536 336.806
40.8757 -7.99573 336.688
40.9558 -7.95953 336.313
41.2179 -8.00164 337.93
41.1283 -7.95835 336.435
41.1853 -7.96301 335.968
41.3159 -7.98221 336.325
41.5085 -7.99564 337.545
41.4775 -7.98131 336.707
41.4684 -7.95987 336.266
41.5297 -7.96117 336.034
41.5144 -7.96043 335.579
41.6509 -7.97718 336.45
41.7179 -7.98619 336.815
41.7438 -7.97905 336.609
41.7544 -7.97198 336.448
41.6982 -7.95162 335.728
41.7205 -7.95484 335.774
41.7494 -7.95626 335.941
41.7381 -7.94799 335.736
41.7399 -7.95569 335.715
41.7777 -7.97496 336.062
41.7923 -7.97289 336.182
41.7918 -7.97497 336.176
41.8263 -7.97864 336.525
41.7714 -7.95895 336.081
41.7625 -7.96707 335.974
41.743 -7.9648 335.76
41.7606 -7.97329 336.001
41.7217 -7.96346 335.795
41.7363 -7.95577 335.95
41.6743 -7.96184 336.253
41.6414 -7.96861 336.238
41.3783 -7.9213 334.375
41.4538 -7.95378 335.691
41.4237 -7.969 335.785
41.3976 -7.96981 336.161
41.2889 -7.97382 336.172
40.9897 -7.92552 334.154
41.0956 -7.94587 335.793
40.9904 -7.96244 335.964
40.938 -7.96636 335.944
40.728 -7.94835 334.565
40.6468 -7.95654 334.601
40.7317 -7.97688 336.044
40.5369 -7.95396 334.864
40.2228 -7.92647 333.123
40.3794 -7.97965 335.885
40.321 -7.95521 335.909
40.0892 -7.93835 335.159
39.9502 -7.94175 334.599
39.7943 -7.95002 334.957
39.683 -7.95351 335.388
39.1286 -7.87688 332.39
39.186 -7.94671 334.629
39.2101 -7.974 335.675
38.7095 -7.8667 332.275
38.4995 -7.876 332.318
38.4977 -7.95899 334.23
38.3861 -7.95339 335.189
37.8285 -7.86853 331.256
37.6297 -7.87755 331.812
37.8251 -7.97741 335.792
37.6075 -7.98452 336.056
37.2967 -7.98855 335.644
37.1539 -7.96658 335.557
37.0049 -7.93466 335.341
36.6629 -7.92637 334.603
36.4376 -7.94342 335.134
36.1715 -7.95603 335.356
36.0819 -7.95673 335.724
35.7326 -7.93066 335.232
35.4322 -7.94783 335.009
35.2996 -7.94666 335.047
35.512 -8.06141 339.573
34.9304 -7.96473 335.511
34.3186 -7.85386 331.186
33.9109 -7.84243 330.131
34.0973 -7.95863 335.11
33.5085 -7.85778 330.74
33.5971 -7.97157 334.983
33.2648 -7.9478 334.731
33.1177 -7.95472 335
32.741 -7.94614 334.73
32.1713 -7.84697 330.564
32.2401 -7.93282 334.67
32.0658 -7.94669 334.736
31.2262 -7.82666 329.654
31.3742 -7.93554 334.822
31.182 -7.96172 334.848
30.8158 -7.95834 334.787
30.1447 -7.82277 329.459
30.2829 -7.96211 334.981
29.8643 -7.95783 334.353
29.5491 -7.96763 335.147
29.1602 -7.96209 334.753
28.9655 -7.95674 334.939
28.27 -7.80543 328.98
28.3421 -7.91565 334.148
27.9902 -7.94706 334.544
27.574 -7.91606 334.026
27.3964 -7.94672 334.407
27.0373 -7.93462 334.539
26.376 -7.81489 329.111
26.4509 -7.95118 334.707
26.0685 -7.95425 334.838
25.3964 -7.80061 328.648
25.4461 -7.934 334.419
25.2382 -7.9506 334.216
24.6024 -7.78923 328.463
24.6362 -7.9398 334.428
24.273 -7.95303 335.015
23.8419 -7.92078 334.287
23.3986 -7.92725 333.758
23.2933 -7.95716 335.035
22.6124 -7.78673 328.16
22.2307 -7.78877 328.126
22.2395 -7.96503 334.621
21.6044 -7.81119 328.013
21.6141 -7.93543 334.223
21.0504 -7.80777 328.721
21.0141 -7.94325 334.615
20.4233 -7.80116 328.391
20.4361 -7.96185 335.118
19.8661 -7.81334 328.879
19.7893 -7.93747 334.283
19.3763 -7.93563 334.065
19.004 -7.9493 334.883
18.6927 -7.9231 333.145
18.3385 -7.90666 333.74
18.0044 -7.90996 335.039
17.7652 -7.92611 334.221
17.2636 -7.81206 328.839
17.1395 -7.93367 333.871
16.7619 -7.93669 334.158
16.2622 -7.79931 328.174
16.1722 -7.95743 334.79
15.7688 -7.9309 334.117
15.5747 -7.95976 334.322
15.1058 -7.81746 328.781
14.9448 -7.94271 333.719
14.5809 -7.95086 334.363
14.1872 -7.96461 334.683
13.9841 -7.95228 334.089
13.5213 -7.80035 327.775
13.1411 -7.80795 327.937
12.7839 -7.81451 327.973
12.4081 -7.81598 328.329
12.2255 -7.94314 333.653
11.881 -7.94312 334.095
11.5001 -7.91686 333.404
11.3053 -7.95979 333.988
10.9306 -7.95689 333.634
10.7623 -7.95285 334.417
10.4241 -7.80995 329.042
10.2192 -7.95649 334.759
9.84957 -7.94109 333.919
9.67801 -7.9474 334.323
9.31007 -7.95065 334.123
8.97742 -7.95869 334.8
8.80277 -7.93673 334.493
8.61889 -7.93759 334.153
8.31087 -7.84533 329.187
8.09086 -7.95378 334.38
7.75134 -7.94898 334.143
7.41429 -7.94425 334.277
7.12381 -7.83094 329.269
6.91974 -7.9633 334.827
6.60526 -7.97551 335.796
6.43599 -7.97196 334.82
6.18465 -7.84742 330.309
5.80188 -7.95786 334.659
5.571 -7.83519 330.234
5.32819 -7.94621 334.785
5.18548 -7.93757 334.615
4.96788 -7.84221 329.9
4.7382 -7.96153 335.094
4.44203 -7.96058 335.11
4.28551 -7.9788 334.629
3.94664 -7.89659 331.033
3.72277 -7.97073 335.085
3.4474 -7.9697 335.089
3.18745 -7.9686 334.165
3.03727 -7.99606 335.472
2.77136 -7.97187 335.855
2.51634 -7.97435 335.644
2.34672 -7.90769 331.857
2.11629 -7.91435 332.511
1.88106 -7.91374 332.504
1.66657 -7.9883 335.408
1.54799 -8.01567 336.196
1.32841 -7.94671 335.133
1.18992 -7.88334 331.73
0.990688 -7.98687 335.469
0.760639 -8.0135 335.551
0.555208 -8.00661 336.053
0.433271 -7.998 336.119
0.243692 -8.05559 338.481
0.138824 -7.98271 335.856
-0.0442314 -7.95677 333.419
-0.342785 -8.0174 336.305
-0.403227 -7.95045 333.249
-0.610195 -8.04065 337.495
-0.753698 -8.01264 335.786
-0.835663 -7.95774 333.411
-0.998447 -8.00587 336.304
-1.09222 -8.04153 336.782
-1.22149 -7.99763 335.932
-1.36044 -7.98716 335.776
-1.41079 -7.94261 333.618
-1.58699 -8.02491 336.886
-1.6729 -8.01775 336.371
-1.81314 -8.01569 336.661
-1.84389 -8.00909 336.006
-1.9037 -8.00973 336.074
-1.99795 -8.011 336.348
-2.09708 -8.01091 335.805
-2.13914 -7.97871 334.783
-2.26772 -8.01516 336.073
-2.31995 -8.0184 336.477
-2.38219 -7.99478 336.071
-2.43629 -8.01458 336.59
-2.46955 -8.0042 335.793
-2.54909 -8.04001 337.365
-2.57682 -8.02269 337.107
-2.59547 -8.02197 336.548
-2.63764 -8.02937 336.582
-2.67748 -8.02583 336.874
-2.71672 -8.02508 337.358
-2.73088 -8.02242 337.184
-2.76168 -8.02069 337.103
-2.77602 -8.01466 336.782
-2.78832 -8.01564 336.142
-2.80376 -8.00314 335.218
-2.87939 -8.02398 336.24
-2.92104 -8.04039 336.948
-2.91947 -8.03168 337.061
-2.92962 -8.03587 337.352
-2.91733 -8.0359 336.91
-2.90182 -8.02004 336.223
-2.91606 -8.02856 336.78
-2.90753 -8.01902 336.793
-2.9099 -8.03762 337.117
-2.90586 -8.03848 337.086
-2.91314 -8.03028 336.944
-2.91581 -8.00737 336.331
-2.92416 -7.99931 336.075
-2.93601 -8.04449 338.085
-2.86249 -8.00895 336.561
-2.78992 -8.0356 337.11
-2.72001 -8.02176 336.934
-2.61611 -8.04745 337.772
-2.56424 -8.04911 337.802
-2.508 -8.07388 338.994
-2.37406 -8.00619 336.693
-2.33684 -8.05582 338.306
-2.21731 -8.04709 337.362
-2.07025 -8.01752 337.15
-1.96109 -8.06256 337.719
-1.79623 -8.01287 337.105
-1.7233 -8.03805 336.992
-1.67555 -8.1016 339.955
-1.50752 -8.07723 339.72
-1.34066 -8.07707 339.35
-1.19894 -8.04438 337.57
-1.00891 -8.04565 337.275
-0.92905 -8.04395 337.867
-0.734055 -8.04409 337.152
-0.66358 -8.10283 340.558
-0.468239 -8.08973 340.201
-0.262016 -8.01066 336.514
-0.172148 -8.10087 340.693
0.0462666 -8.03679 336.63
0.261854 -8.04021 337.184
0.482347 -8.02692 337.066
0.589596 -8.00806 336.789
0.835106 -8.0192 337.147
0.94763 -8.11156 340.746
1.16313 -8.04139 337.891
1.40951 -8.01188 337.197
1.54316 -8.00172 336.6
1.69193 -8.08366 340.268
1.93524 -8.12226 341.803
2.18815 -8.02171 337.202
2.46173 -8.00274 336.629
2.59109 -8.01001 337.299
2.859 -8.02111 336.933
2.99543 -8.0146 337.002
3.28108 -8.0272 337.771
3.47957 -8.1141 341.817
3.74929 -8.00571 336.111
3.92336 -8.10617 340.216
4.1687 -8.00766 336.825
4.36275 -8.12825 341.634
4.6047 -8.01873 336.557
4.76504 -8.0058 336.667
5.06097 -7.9861 336.632
5.22274 -7.99002 336.464
5.39287 -7.99585 336.556
5.62573 -8.12339 341.721
5.94109 -8.11343 341.761
6.19642 -7.99449 336.2
6.51787 -7.99573 336.622
6.87079 -7.99268 336.526
7.0534 -8.00232 337.033
7.36482 -8.00812 336.534
7.71659 -7.99138 336.768
8.03313 -8.13372 342.166
8.26216 -8.02176 337.407
8.61797 -8.02053 337.025
8.79741 -8.00593 336.673
8.97782 -7.99508 336.315
9.16397 -7.99759 336.677
9.52652 -8.00919 336.413
9.89296 -7.99237 336.313
10.2654 -8.00445 336.976
10.6462 -7.97274 336.221
11.02 -7.9733 336.078
11.4198 -8.00876 336.94
11.6359 -7.99181 336.851
11.807 -7.97165 336.416
12.1642 -7.99481 336.786
12.3725 -7.97579 336.36
12.7811 -7.99572 336.678
13.128 -7.99625 336.409
13.3424 -7.98585 336.22
13.7543 -7.98596 336.482
14.1998 -8.13033 342.42
14.6443 -8.17076 343.805
15.0376 -8.13326 342.301
15.1818 -8.00654 336.833
15.5754 -7.99555 336.594
15.7806 -8.01216 336.974
16.2732 -8.13729 342.861
16.648 -8.10824 341.805
16.7882 -7.95947 336.116
17.0337 -8.01831 337.246
17.4289 -7.98723 336.998
17.845 -7.97944 336.834
18.2354 -8.00495 336.334
18.734 -8.09793 342.04
18.8166 -7.98697 336.593
19.2759 -7.98912 337.012
19.6678 -7.99057 336.777
20.0216 -7.97589 335.999
20.2844 -7.99542 337.106
20.6966 -7.99842 337.388
21.1148 -7.99512 336.96
21.5333 -7.97108 337.066
21.7406 -8.00624 337.012
22.1243 -7.99247 336.726
22.5613 -8.00254 337.134
22.8058 -7.99363 337.684
23.182 -7.997 337.255
23.5667 -8.01053 336.775
23.9676 -7.98867 336.708
24.592 -8.11136 342.317
25.0577 -8.13076 343.334
25.1034 -8.01083 338.559
25.3945 -7.98813 336.797
25.7728 -7.98384 336.536
26.2106 -7.9864 337.027
26.8304 -8.13605 342.308
26.7854 -7.96964 336.768
27.1048 -7.94712 335.717
27.0999 -7.86208 331.179
27.7666 -8.01096 336.969
28.126 -7.98801 336.565
28.535 -7.99585 337.054
28.9044 -7.99372 336.805
29.5925 -8.12579 342.667
29.9845 -8.12389 342.909
30.3244 -8.10806 342.455
30.2476 -8.00651 337.348
30.583 -8.00302 336.968
31.1897 -8.11735 341.665
31.1254 -7.97531 337.05
31.5013 -7.98233 337.358
32.2048 -8.12363 342.895
32.027 -8.00086 337.242
32.3013 -7.99013 336.413
32.6808 -7.98766 336.801
33.0096 -7.9847 336.811
33.3482 -7.98964 336.845
33.9711 -8.09569 341.273
33.8487 -7.98584 336.835
34.1291 -7.97196 336.468
34.3251 -7.97494 336.775
34.9433 -8.0947 341.185
34.8732 -7.99607 337.489
34.9808 -7.98503 337.164
35.2666 -7.96479 336.972
35.5457 -7.95773 336.68
35.9043 -7.98392 337.43
36.1728 -7.97772 337.198
36.292 -7.97356 337.131
36.5691 -7.98286 337.045
36.8355 -7.96984 336.966
37.1116 -7.97804 337.038
37.3665 -7.98915 337.033
37.9225 -8.07143 341.098
38.1559 -8.05986 340.738
37.9575 -7.96989 336.732
38.2264 -7.99113 337.064
38.392 -7.96039 336.515
38.5434 -7.98021 336.808
39.0968 -8.07051 340.691
38.8523 -7.97662 336.644
38.9855 -7.92636 335.967
39.5226 -8.04107 339.733
39.714 -8.04611 339.581
39.5828 -7.98727 336.943
39.6308 -7.97141 336.503
39.8706 -7.99089 337.065
39.9261 -7.99723 336.79
40.1246 -7.96925 337.006
40.1779 -7.94961 336.181
40.6388 -8.02331 339.278
40.5284 -7.98992 337.299
40.5771 -7.97527 336.348
40.7493 -7.98987 337.183
40.8463 -7.97383 336.899
40.87 -7.94503 336.145
41.0301 -7.95499 336.505
41.0694 -7.93699 336.256
41.1628 -7.9511 336.204
41.2549 -7.974 336.062
41.3588 -7.97074 336.683
41.5106 -7.97232 337.648
41.6279 -7.9827 337.844
41.5466 -7.95632 336.502
41.6255 -7.97279 336.737
41.7863 -7.99136 337.726
41.6959 -7.96558 336.683
41.7399 -7.97807 336.748
41.7256 -7.96629 336.316
41.7413 -7.95751 336.162
41.7592 -7.96632 335.982
41.7353 -7.95235 335.721
41.7888 -7.95768 336.118
41.8001 -7.95906 336.236
41.774 -7.93854 335.982
41.7481 -7.94002 335.788
41.771 -7.94464 335.982
41.7559 -7.94426 335.853
41.7834 -7.95496 336.094
41.7626 -7.9424 335.913
41.7939 -7.94362 336.262
41.7613 -7.95282 335.944
41.7699 -7.95317 336.024
41.7305 -7.95241 335.819
41.7152 -7.96189 335.867
41.4975 -7.92128 334.421
41.6142 -7.95711 336.277
41.4467 -7.95387 335.581
41.4765 -7.96173 336.03
41.3971 -7.95445 336.136
41.3588 -7.96209 336.297
41.2157 -7.96007 336.126
40.9645 -7.91189 334.301
41.1084 -7.96181 336.493
41.0103 -7.95649 336.225
40.8074 -7.96384 335.505
40.5806 -7.90181 334.044
40.7139 -8.00005 336.273
40.5491 -7.95073 335.657
40.4991 -7.94203 335.65
40.4442 -7.94407 336.078
40.0246 -7.8594 333.074
40.1007 -7.91829 334.948
40.0007 -7.92083 335.292
39.6839 -7.90506 333.369
39.4525 -7.86588 332.799
39.5285 -7.93734 334.858
39.4714 -7.93973 335.068
39.0788 -7.87796 332.629
39.1592 -7.9213 334.789
39.0233 -7.93954 335.512
38.8044 -7.92298 335.51
38.5646 -7.95048 335.388
38.4554 -7.95645 335.43
37.9012 -7.86646 331.549
38.1148 -7.96993 335.681
37.9244 -7.92595 334.949
37.7425 -7.94925 335.6
37.4614 -7.95488 335.328
36.8265 -7.81668 330.664
36.9379 -7.90672 334.18
36.888 -7.9272 334.849
36.6752 -7.94259 335.595
36.3165 -7.91477 334.633
36.0777 -7.93991 335.058
35.9812 -7.94548 335.479
35.3985 -7.84143 331.393
35.5551 -7.94609 335.364
35.2559 -7.95145 335.276
35.0733 -7.92067 334.864
34.7554 -7.9285 334.715
34.1973 -7.84841 331.105
34.2988 -7.95174 334.871
34.18 -7.92206 335.343
33.8568 -7.9342 335.31
33.6548 -7.93393 335.035
32.9993 -7.81033 329.967
33.1504 -7.92514 334.803
33.036 -7.94134 335.446
32.6321 -7.93202 334.785
32.2883 -7.93527 334.726
32.1025 -7.96081 334.662
31.7319 -7.93384 334.458
31.5588 -7.92442 334.291
30.9569 -7.82381 329.852
31.0146 -7.92482 334.252
30.821 -7.94488 334.227
30.4974 -7.94393 334.53
29.8389 -7.80829 329.186
29.4659 -7.81819 329.147
29.6177 -7.9676 335.14
29.2231 -7.94407 334.692
28.9847 -7.94146 334.17
28.3304 -7.80041 328.768
28.4771 -7.92628 334.778
27.7556 -7.80538 328.469
27.398 -7.79923 328.797
27.4894 -7.8938 334.455
26.8652 -7.80828 329.247
26.9114 -7.92796 334.529
26.4917 -7.93536 334.429
26.0874 -7.92562 333.96
25.9586 -7.93207 334.908
25.2532 -7.80533 328.417
25.3241 -7.93666 334.527
24.9503 -7.94035 334.805
24.697 -7.91132 333.913
24.3189 -7.91151 334.226
23.7091 -7.77876 328.437
23.7454 -7.93675 334.519
23.3091 -7.92734 334.356
22.7358 -7.79453 328.74
22.6993 -7.92305 333.966
22.5193 -7.92196 334.358
22.3821 -7.96052 335.276
21.9064 -7.91078 334.305
21.3027 -7.77799 328.099
20.9248 -7.79641 328.627
20.9273 -7.94966 335.102
20.5045 -7.94995 334.76
19.9579 -7.81845 329.015
19.8532 -7.92117 333.912
19.451 -7.90985 333.886
19.2573 -7.92238 334.314
18.7132 -7.7963 328.247
18.3205 -7.80059 328.414
17.9311 -7.78226 328.216
17.8359 -7.94943 334.35
17.46 -7.95679 334.427
17.2194 -7.92168 333.617
16.8463 -7.93698 334.297
16.4187 -7.91792 333.785
16.2251 -7.92334 333.82
16.0212 -7.94691 334.114
15.6555 -7.94748 334.675
15.204 -7.82719 329.525
14.7933 -7.8085 328.461
14.6567 -7.92961 334.309
14.2454 -7.92549 334.063
13.8592 -7.82237 328.765
13.458 -7.79658 328.552
13.3283 -7.96109 335.04
12.9291 -7.94262 334.495
12.5433 -7.92094 334.356
12.3529 -7.92244 334.254
11.9778 -7.92413 333.939
11.5955 -7.94506 334.316
11.2327 -7.79778 328.766
10.8914 -7.82935 329.919
10.6943 -7.94027 334.567
10.3091 -7.93094 333.937
10.1429 -7.92777 334.163
9.79947 -7.95187 334.498
9.60383 -7.91323 333.861
9.26685 -7.80736 328.757
9.06992 -7.94499 334.133
8.72303 -7.92736 333.542
8.55609 -7.94643 334.353
8.21563 -7.94287 334.164
7.92595 -7.83935 329.773
7.59699 -7.82673 329.555
7.26547 -7.83468 329.175
7.06096 -7.9524 334.623
6.80494 -7.87332 330.454
6.5772 -7.96743 334.917
6.25866 -7.96208 334.962
6.01412 -7.84954 330.158
5.77568 -7.96604 335.013
5.47621 -7.95839 334.65
5.25058 -7.83961 330.097
5.04247 -7.96732 335.33
4.87172 -7.98853 335.22
4.6619 -7.82313 329.975
4.43258 -7.98319 335.648
4.28546 -7.95287 333.913
4.02077 -7.94843 334.244
3.7404 -7.95432 334.782
3.46691 -7.9562 334.96
3.28019 -7.8616 330.991
3.02106 -7.85907 330.731
2.7615 -7.87554 331.698
2.5232 -7.96657 335.321
2.28946 -7.94551 335.088
2.16443 -7.98766 335.467
2.04377 -7.98257 334.859
1.79386 -7.98374 335.111
1.55967 -7.98528 335.404
1.34756 -7.94141 334.035
1.1106 -7.97444 335.626
0.99378 -7.91162 332.536
0.788961 -7.96098 335.032
0.674448 -7.88375 332.342
0.472784 -7.95618 335.178
0.271694 -7.96958 335.054
0.161127 -7.91609 333.157
-0.0282879 -7.91897 333.177
-0.206491 -7.98056 335.866
-0.315948 -8.00505 335.595
-0.490597 -7.98717 336.221
-0.549858 -7.91895 333.217
-0.746021 -7.99958 336.173
-0.902443 -7.97649 335.812
-1.0461 -7.98204 335.468
-1.20534 -7.99601 335.848
-1.29338 -8.0088 336.22
-1.34916 -8.02018 336.585
-1.47647 -7.98212 336
-1.61461 -8.01902 336.45
-1.65859 -8.01011 336.21
-1.72334 -7.99743 336.277
-1.78787 -7.96519 335.329
-1.89795 -8.00996 336.404
-1.9988 -8.02184 336.484
-2.10058 -7.99226 336.046
-2.22259 -8.0234 336.699
-2.26146 -8.00897 336.113
-2.32148 -7.9997 336.431
-2.4052 -8.00613 336.823
-2.4748 -7.98385 335.965
-2.54421 -8.02991 337.355
-2.58238 -8.02028 337.108
-2.59589 -8.00549 336.286
-2.62123 -7.99019 335.732
-2.6589 -8.00417 336.505
-2.69215 -7.99712 336.902
-2.71999 -7.98945 336.917
-2.7419 -7.99278 336.876
-2.77061 -7.99505 336.826
-2.8053 -8.00176 336.844
-2.83341 -7.9987 336.288
-2.88935 -8.02182 336.548
-2.90888 -8.03359 336.881
-2.90577 -8.01329 336.752
-2.90963 -8.02126 336.852
-2.90014 -8.02304 336.596
-2.91106 -8.01838 336.745
-2.91836 -8.013 336.77
-2.91413 -8.03122 336.922
-2.91408 -8.03107 337.119
-2.91453 -8.01345 336.37
-2.91221 -7.97645 335.458
-2.96507 -8.02718 337.486
-2.91953 -8.02927 337.013
-2.84689 -8.01339 336.953
-2.82906 -8.05663 338.973
-2.74005 -8.06355 338.89
-2.61822 -8.0417 337.27
-2.52514 -8.01971 337.309
-2.47249 -8.01192 336.758
-2.3711 -8.01192 337.326
-2.24889 -8.0178 336.886
-2.18788 -8.05263 338.207
-2.07187 -8.0308 337.586
-2.02665 -8.06186 339.2
-1.85783 -8.02668 337.337
-1.71617 -8.02238 337.017
-1.56374 -8.0151 337.188
-1.39253 -7.99976 336.762
-1.30819 -8.01239 336.762
-1.15323 -7.99035 336.75
-1.06992 -8.07432 339.659
-0.905527 -8.10939 340.355
-0.719603 -8.09362 339.871
-0.507833 -7.97527 336.375
-0.414167 -8.01664 336.973
-0.317511 -8.09638 339.44
-0.129082 -8.09934 340.449
0.0929165 -8.06244 339.818
0.302729 -8.00417 337.22
0.517235 -8.01992 337.122
0.63201 -8.10773 341.268
0.869667 -8.02781 337.466
1.0825 -8.03089 337.912
1.35304 -7.96439 336.304
1.46126 -8.01814 336.99
1.59161 -8.10678 340.939
1.83556 -8.00494 336.57
2.10746 -8.00196 336.351
2.24169 -8.00524 337.01
2.38702 -8.1203 340.861
2.63033 -7.98041 336.4
2.7648 -7.95282 336.269
3.18627 -7.95874 335.864
3.31356 -7.98945 336.353
3.47678 -7.9851 336.935
3.76702 -7.95432 335.352
4.06096 -7.98413 336.184
4.21156 -7.97565 335.933
4.36603 -7.98988 336.346
4.67709 -7.95444 336.466
4.78719 -7.97802 336.311
5.13498 -7.98286 336.644
5.45406 -7.97504 336.52
5.6021 -7.95583 336.606
5.93017 -7.9786 336.249
6.16102 -8.0827 340.379
6.39878 -7.99017 336.553
6.74712 -7.98031 336.307
6.91024 -7.97333 336.511
7.22528 -7.96574 336.297
7.52602 -8.11132 341.507
7.78762 -7.98273 336.849
8.11036 -7.98723 336.57
8.46543 -7.9884 336.879
8.82678 -7.96844 336.342
9.00776 -7.97834 336.618
9.36801 -7.95525 336.085
9.57799 -7.97416 335.701
9.90998 -7.96307 335.766
10.2723 -8.10394 342.193
10.5167 -7.99945 336.971
10.8502 -8.09318 341.385
11.0272 -7.97319 336.385
11.4608 -8.12549 342.99
11.8505 -8.10304 341.998
12.0056 -7.99912 336.297
12.4293 -7.99507 337.035
12.8075 -7.9655 336.323
13.1653 -7.97396 336.349
13.5807 -7.96807 336.184
13.7748 -7.94339 335.453
14.1618 -8.00622 336.715
14.5768 -7.98912 336.343
14.7902 -7.97687 336.233
15.2607 -8.10819 342.446
15.6565 -8.14088 342.63
16.061 -8.12566 342.319
16.1879 -7.95843 336.509
16.4099 -7.98895 336.925
16.8344 -7.97269 336.553
17.2324 -7.96408 336.827
17.6422 -7.97571 336.737
18.1637 -8.11455 342.856
18.2457 -7.98501 337.013
18.6148 -7.97787 336.275
19.1948 -8.14654 343.28
19.2695 -7.99678 336.912
19.6797 -7.98703 336.897
20.0726 -7.98988 336.546
20.3359 -7.99511 337.444
20.9055 -8.12419 343.436
21.2957 -8.10429 342.977
21.2923 -7.96529 336.153
21.7247 -7.97181 336.371
21.9631 -7.99717 337.173
22.5658 -8.12652 343.005
22.8096 -7.98387 337.264
23.2016 -7.99324 336.966
23.4212 -7.98032 337.28
23.8461 -7.9903 337.391
24.4558 -8.11255 342.899
24.4116 -7.95461 336.465
24.7996 -7.96354 336.562
25.0392 -7.98032 336.898
25.6698 -8.10115 342.496
26.1232 -8.12223 343.186
26.083 -7.99124 337.536
26.4144 -7.95753 336.604
26.807 -7.95667 336.349
27.0697 -8.00734 337.376
27.4007 -7.96232 336.438
28.1336 -8.09801 343.135
28.0743 -7.97384 337.27
28.2535 -7.97563 337.099
28.6254 -7.97849 337.407
28.9744 -7.98092 337.096
29.1758 -7.98222 336.976
29.8394 -8.0923 342.682
30.2383 -8.12395 342.908
30.083 -7.97222 336.863
30.4362 -7.97175 336.925
30.6449 -7.97514 337.041
31.3368 -8.11148 342.787
31.6751 -8.09861 342.508
31.5651 -7.98529 337.373
32.1214 -8.07207 340.999
32.033 -7.96293 336.809
32.4624 -8.01033 337.828
32.7171 -7.97179 336.863
33.0776 -7.97316 337.038
33.2273 -7.96802 336.9
33.8543 -8.08898 341.51
33.6844 -7.96238 336.496
34.0051 -7.9564 336.4
34.3291 -7.96278 336.543
34.6309 -7.95481 336.473
34.9468 -7.95199 336.587
35.1124 -7.98979 336.902
35.4548 -7.99471 337.325
35.9782 -8.06841 340.684
36.3216 -8.06659 341.172
36.5966 -8.05577 341.106
36.4429 -7.96044 337.116
36.6762 -7.95744 336.777
36.9242 -7.95977 336.572
37.543 -8.05748 341.046
37.7247 -8.04807 340.218
38.0694 -8.06319 341.235
37.8251 -7.97058 336.762
37.9758 -7.98848 337.254
38.1801 -7.96263 336.716
38.366 -7.94182 336.299
38.898 -8.05356 340.071
38.7184 -7.96146 336.518
38.8078 -7.96397 336.476
39.0057 -7.94636 336.249
39.5486 -8.05968 340.232
39.353 -7.94981 336.648
39.5338 -7.94461 336.55
39.6462 -7.94333 335.953
39.8107 -7.97577 336.649
39.9528 -7.92488 336.392
40.1175 -7.96458 337.169
40.3925 -8.00019 338.771
40.5485 -8.00573 338.564
40.8268 -8.05682 339.813
40.5653 -7.94079 336.228
40.7261 -7.97211 336.591
40.6181 -7.89061 334.479
40.8263 -7.92958 335.799
41.186 -8.00047 338.303
41.2988 -7.97498 338.262
41.1327 -7.92719 336.009
41.1889 -7.92908 336.076
41.2577 -7.93391 336.239
41.3783 -7.94431 336.582
41.42 -7.92456 336.119
41.5811 -7.96231 337.105
41.6753 -7.96752 337.402
41.6823 -7.95693 337.081
41.6561 -7.95356 336.28
41.7047 -7.95087 336.257
41.7187 -7.94166 336.247
41.7203 -7.94024 336.038
41.6972 -7.92415 335.643
41.767 -7.93999 336.142
41.7859 -7.9595 336.277
41.7623 -7.941 335.925
41.7313 -7.92131 335.584
41.7597 -7.93405 335.88
41.779 -7.94867 336.101
41.7557 -7.92671 335.851
41.7898 -7.93171 336.207
41.7586 -7.94035 335.919
41.7418 -7.93338 335.802
41.7325 -7.94006 335.719
41.7546 -7.94683 336.064
41.7975 -7.95095 336.432
41.7914 -7.94897 336.434
41.6361 -7.92963 335.739
41.6001 -7.94002 336.158
41.3135 -7.8989 334.175
41.2587 -7.89449 334.269
41.3429 -7.92377 335.709
41.3694 -7.94922 336.391
41.3258 -7.94282 336.339
41.1308 -7.92725 335.712
40.9585 -7.92549 335.257
40.9635 -7.94443 335.776
40.8672 -7.92531 335.524
40.7458 -7.92267 335.414
40.4143 -7.87854 333.204
40.3629 -7.88443 333.866
40.472 -7.92572 335.702
40.2976 -7.91655 335.091
40.2246 -7.92973 335.559
40.0926 -7.91091 334.892
40.0649 -7.95633 336.324
39.9338 -7.94555 335.604
39.5121 -7.86214 332.603
39.6429 -7.92292 335.203
39.4439 -7.92053 335.004
39.3013 -7.9361 335.409
39.0749 -7.91979 335.176
38.9735 -7.93371 335.382
38.8244 -7.91161 334.997
38.5837 -7.93182 334.73
38.1469 -7.83324 331.906
37.8643 -7.83527 331.462
37.9639 -7.91018 334.508
37.7946 -7.92477 335.232
37.5627 -7.93466 335.479
37.3823 -7.92227 334.986
37.1372 -7.93654 335.168
36.8758 -7.93005 335.1
36.9954 -8.02204 338.802
36.4645 -7.93224 335.208
36.3499 -7.92793 335.552
35.7493 -7.83206 331.245
35.8545 -7.92117 334.685
35.7046 -7.90741 334.661
35.2188 -7.83267 331.569
34.8696 -7.82814 330.711
35.0082 -7.90955 334.499
34.6702 -7.89674 334.072
34.5965 -7.92595 334.869
34.2758 -7.92766 334.785
33.6106 -7.79528 329.867
33.297 -7.78892 329.948
33.3983 -7.88185 333.971
33.295 -7.91973 334.961
32.6501 -7.81271 330.139
32.765 -7.91497 334.802
32.3811 -7.91392 334.31
32.1313 -7.94934 335.412
31.4044 -7.81029 329.448
31.5162 -7.91072 334.355
31.1667 -7.92919 334.555
30.7978 -7.91671 334.366
30.6321 -7.9265 334.63
30.2532 -7.93315 334.466
29.5836 -7.79913 329.13
29.2152 -7.77757 329.04
29.3223 -7.91692 334.356
28.6661 -7.77812 329.083
28.6833 -7.87637 333.367
28.1041 -7.79777 328.991
28.1981 -7.90604 334.45
28.0195 -7.93139 334.704
27.6397 -7.94001 334.877
27.1964 -7.90728 333.92
26.795 -7.90274 334.049
26.1564 -7.76072 328.343
26.2563 -7.88719 334.553
25.8451 -7.92235 334.579
25.6427 -7.90607 334.464
25.2696 -7.92539 334.574
25.0465 -7.92128 334.265
24.3948 -7.77401 328.396
24.3732 -7.86407 333.554
24.0238 -7.92056 334.278
23.6324 -7.89582 334.306
23.4047 -7.9007 333.864
22.8648 -7.7857 329.081
22.4131 -7.76801 328.153
22.0605 -7.78153 329.039
22.0117 -7.92016 334.173
21.607 -7.90427 334.173
21.02 -7.76706 328.144
21.0071 -7.91239 334.401
20.7805 -7.90058 334.047
20.2112 -7.76238 327.986
19.794 -7.73871 327.6
19.4035 -7.74553 327.646
19.06 -7.77829 328.547
18.9737 -7.92807 334.341
18.5735 -7.91763 334.1
18.1838 -7.90804 334.297
18.0113 -7.93153 334.876
17.7492 -7.91933 333.832
17.3622 -7.908 333.85
16.8792 -7.81204 328.542
16.774 -7.92507 334.325
16.5627 -7.93363 334.023
16.1704 -7.91969 334.203
15.7559 -7.88742 333.829
15.2829 -7.77958 327.983
14.9126 -7.77036 328.317
14.7814 -7.90313 334.02
14.5876 -7.89856 333.87
14.1675 -7.8021 329.02
14.0092 -7.91151 334.198
13.8008 -7.89249 334.012
13.4158 -7.90551 334.371
13.0598 -7.90152 333.896
12.854 -7.9169 334.619
12.4748 -7.91198 333.955
12.0839 -7.80888 329.047
11.7217 -7.79101 328.878
11.3527 -7.78872 328.594
11.1589 -7.91661 333.744
10.7951 -7.92317 333.828
10.4492 -7.79792 328.83
10.2379 -7.90083 333.432
9.89748 -7.80733 328.605
9.5517 -7.80616 328.94
9.3445 -7.90941 333.985
8.99058 -7.90516 334.017
8.80806 -7.92396 333.664
8.63422 -7.93752 334.503
8.27913 -7.93732 334.146
7.93067 -7.91937 333.474
7.6103 -7.92565 333.957
7.44873 -7.92575 334.23
7.1017 -7.92517 334.029
6.7776 -7.91447 334.262
6.51861 -7.79702 329.339
6.28235 -7.89487 333.704
5.96213 -7.91999 334.149
5.6615 -7.91368 334.652
5.42975 -7.82565 330.265
5.13325 -7.86135 331.28
4.89491 -7.94791 334.797
4.59114 -7.94932 335.156
4.31919 -7.91638 334.214
4.15926 -7.95218 335.712
3.89265 -7.9502 334.775
3.61472 -7.9419 334.659
3.47697 -7.93505 333.868
3.32545 -7.97908 335.164
3.21003 -7.92049 334.624
3.03306 -7.82532 330.563
2.76964 -7.86215 331.235
2.52653 -7.85935 330.885
2.04583 -7.96016 335.327
1.93282 -7.94728 335.496
1.68798 -7.96168 335.181
1.55468 -7.86749 331.42
1.34014 -7.94223 334.684
1.09883 -7.96662 335.6
0.988939 -7.87178 332.305
0.761833 -7.9152 332.753
0.552528 -7.90539 332.668
0.373753 -7.92818 335.17
0.166683 -7.96825 335.443
0.0735607 -7.87485 332.422
-0.116856 -7.96445 335.323
-0.317736 -7.96032 335.645
-0.402084 -7.99022 336.132
-0.485886 -7.93247 335.513
-0.657339 -7.97501 335.64
-0.7234 -7.87889 332.541
-0.902622 -7.90589 333.668
-1.0489 -7.97224 335.823
-1.19189 -7.96786 335.207
-1.34136 -7.97688 336.269
-1.39979 -7.93391 333.832
-1.55656 -8.00173 336.57
-1.61303 -7.99506 336.433
-1.73135 -7.98391 336.016
-1.84199 -7.97627 336.224
-1.95074 -7.97426 336.992
-2.0547 -7.97063 336.132
-2.10694 -7.94457 335.007
-2.18973 -7.98498 336.276
-2.25327 -7.97814 335.718
-2.32216 -7.97607 336.393
-2.35811 -7.95936 335.491
-2.43656 -7.97737 336.444
-2.48037 -7.96975 336.299
-2.52549 -7.97185 335.91
-2.55981 -7.97199 335.728
-2.61699 -7.99323 336.198
-2.64058 -7.98868 336.102
-2.6668 -7.9982 336.29
-2.69797 -7.99486 336.44
-2.74006 -8.00555 336.822
-2.7539 -7.9809 336.204
-2.78068 -7.99032 336.418
-2.84667 -8.01248 337.395
-2.88167 -7.99373 337.105
-2.88161 -7.99449 336.511
-2.89417 -7.98925 336.38
-2.90551 -8.00296 336.58
-2.91455 -7.9994 336.84
-2.91108 -8.00666 336.783
-2.90305 -7.99741 336.281
-2.90025 -7.99098 336.114
-2.90308 -7.99423 336.443
-2.90323 -7.99442 336.4
-2.89548 -7.99567 336.313
-2.9236 -7.98364 336.364
-2.95539 -7.9855 336.587
-2.88272 -7.98735 336.11
-2.85659 -7.9908 336.191
-2.76293 -7.97924 336.218
-2.67911 -7.97319 336.426
-2.61497 -7.9737 336.137
-2.55599 -8.01405 336.928
-2.41587 -7.93444 335.962
-2.39041 -7.98852 337.147
-2.35436 -8.02826 338.285
-2.23129 -8.05592 339.118
-2.07482 -7.95124 336.014
-1.89708 -7.99971 336.711
-1.84622 -7.99392 336.932
-1.67771 -8.00327 336.867
-1.60631 -8.03782 339.29
-1.43525 -7.97997 336.777
-1.29527 -7.99091 336.637
-1.21073 -8.00486 337.133
-1.12586 -8.06652 339.735
-0.962934 -8.07338 340.163
-0.77618 -8.0671 339.347
-0.582722 -7.99177 336.801
-0.366112 -7.97452 336.524
-0.291485 -8.06536 340.142
-0.072134 -7.97678 337.044
0.0238247 -8.00164 336.84
0.243279 -8.06722 339.682
0.444332 -7.99427 336.866
0.691921 -7.99584 336.856
0.915495 -7.99183 336.362
1.03662 -7.96777 335.703
1.25385 -7.96804 336.789
1.39599 -7.94765 336.352
1.52953 -8.08887 340.578
1.74423 -7.97387 336.02
1.89274 -8.073 340.611
2.14857 -7.96882 336.34
2.27415 -7.99361 336.803
2.41527 -8.08427 340.772
2.69605 -8.08756 341.384
2.96922 -8.07401 340.758
3.21333 -7.98575 337.214
3.49971 -7.94497 336.614
3.69129 -8.11237 341.354
3.93311 -7.98798 336.172
4.07161 -7.95761 336.829
4.29466 -8.07157 340.824
4.53245 -7.97266 336.515
4.75786 -8.04903 341.063
5.01182 -7.97216 336.614
5.24701 -8.09247 341.457
5.48279 -7.98202 336.624
5.64468 -7.99931 337.633
5.9738 -7.97557 336.623
6.14202 -7.97357 336.487
6.46875 -7.98542 337.111
6.79561 -7.97034 337.019
6.98384 -7.97367 336.608
7.26401 -8.06862 340.741
7.49599 -7.97786 336.702
7.83904 -7.94401 336.211
8.06933 -7.85759 331.936
8.37192 -7.97876 337.07
8.73783 -7.96029 336.701
9.05369 -8.07774 341.795
9.41623 -8.10138 341.908
9.77939 -8.08245 341.266
9.99477 -7.95198 336.237
10.5547 -8.10991 342.513
10.7413 -7.9486 335.975
10.9322 -7.96926 336.903
11.3279 -8.11316 342.743
11.5361 -7.95362 336.25
11.9011 -7.9499 335.995
12.3081 -8.13079 342.515
12.4965 -7.95235 336.377
12.7267 -7.92844 336.154
13.0982 -7.96455 336.72
13.4885 -7.9509 335.866
13.8793 -7.96166 336.292
14.3329 -8.09804 342.629
14.4869 -7.95461 336.213
14.8576 -7.96732 336.351
15.0671 -7.96609 336.559
15.4874 -7.97138 336.644
15.8952 -7.96469 336.462
16.0815 -7.96907 336.559
16.6058 -8.10858 342.84
16.7143 -7.96132 336.498
17.0924 -7.92999 335.757
17.5064 -7.951 335.968
18.0462 -8.0913 342.172
18.3067 -7.936 335.645
18.7366 -7.95205 336.557
19.286 -8.11455 342.628
19.7129 -8.11395 342.861
19.7836 -7.98545 336.942
19.9556 -7.95197 336.121
20.3593 -7.9585 336.325
20.7824 -7.94085 336.358
20.9838 -7.94636 336.168
21.4209 -7.95313 336.473
21.8005 -7.94266 335.824
21.8486 -7.81807 330.545
22.4475 -7.95821 336.395
23.0802 -8.11574 342.817
23.4985 -8.1133 342.66
23.9187 -8.0975 343.019
23.8871 -7.96464 336.74
24.0614 -7.95222 336.321
24.4928 -7.96621 336.727
24.9071 -7.95933 336.719
25.7894 -8.12833 342.997
25.7159 -7.96814 336.934
26.0726 -7.94801 336.147
26.2872 -7.95775 336.486
26.9357 -8.07269 342.091
26.9072 -7.97842 336.806
27.0759 -7.9402 336.183
27.479 -7.94803 336.718
28.1635 -8.06922 342.548
28.0844 -7.95922 336.976
28.4269 -7.97401 336.56
28.67 -7.95781 337.19
29.0226 -7.95518 336.799
29.3914 -7.95857 336.869
29.7384 -7.95027 336.457
30.1531 -7.95826 336.88
30.3174 -7.95409 336.622
30.6877 -7.98294 336.761
31.0735 -7.97444 336.978
31.3823 -7.95014 336.397
31.5469 -7.95401 336.358
31.7453 -7.94404 336.522
32.0759 -7.94695 336.278
32.4094 -7.93505 335.999
32.7443 -7.93657 336.125
32.9743 -7.95558 336.8
33.6073 -8.06454 341.427
33.9909 -8.08308 342.068
33.8423 -7.96307 337.249
34.1298 -7.96753 336.9
34.4733 -7.96268 337.246
34.8143 -7.98098 337.491
35.3967 -8.06143 341.592
35.2304 -7.95441 337.054
35.4944 -7.9611 336.596
35.8331 -7.96369 337.075
35.9169 -7.9538 336.699
36.2255 -7.9386 336.764
36.5168 -7.94751 336.884
36.7913 -7.95574 336.919
36.8784 -7.92926 336.559
37.1159 -7.92881 336.158
37.7544 -8.04757 340.802
37.5287 -7.94788 336.695
38.0925 -8.05328 340.534
37.8678 -7.93597 336.376
38.0378 -7.91388 335.713
38.308 -7.92151 336.029
38.4091 -7.92071 335.915
38.6356 -7.92466 335.983
38.9142 -7.93274 336.649
39.2969 -7.99857 339.158
39.5511 -7.9976 339.529
39.7443 -8.01604 339.428
39.5958 -7.92086 336.604
39.6841 -7.94218 336.574
39.8104 -7.93436 336.199
40.0191 -7.94765 336.418
40.0891 -7.92821 336.366
40.4571 -7.96656 338.78
40.2885 -7.93021 335.943
40.4896 -7.96069 337.251
40.5576 -7.93386 336.476
40.8888 -7.98201 338.635
40.997 -8.01061 338.416
40.7957 -7.91976 335.77
40.9811 -7.94831 336.829
41.1722 -7.97211 337.912
41.0989 -7.9076 335.859
41.3499 -7.95891 337.541
41.3782 -7.95737 337.021
41.4821 -7.95361 337.206
41.3714 -7.90891 335.628
41.5964 -7.94555 337.144
41.5726 -7.9377 336.517
41.6236 -7.93972 336.481
41.6357 -7.92407 336.122
41.6891 -7.92009 336.124
41.6824 -7.92377 335.817
41.7476 -7.93504 336.164
41.786 -7.93208 336.34
41.7694 -7.92907 336.09
41.7593 -7.92532 335.939
41.727 -7.90855 335.607
41.7634 -7.91684 335.942
41.7556 -7.90664 335.863
41.7832 -7.92513 336.114
41.7466 -7.92321 335.827
41.7663 -7.92027 335.992
41.7408 -7.91918 335.77
41.7784 -7.92764 336.097
41.744 -7.92575 335.846
41.7372 -7.92454 335.821
41.5991 -7.88922 334.745
41.6288 -7.92384 335.659
41.6513 -7.92834 336.185
41.6014 -7.93746 336.315
41.2572 -7.88737 334.14
41.3295 -7.91212 335.44
41.1204 -7.87634 334.151
41.1662 -7.91802 335.281
41.091 -7.92771 335.709
40.9214 -7.89167 334.829
40.9213 -7.90885 335.642
40.8473 -7.93528 335.938
40.6498 -7.89702 334.721
40.517 -7.88837 334.336
40.4991 -7.90848 335.079
40.2096 -7.86704 333.078
40.3621 -7.92506 335.606
40.1773 -7.93135 335.4
40.1185 -7.91463 335.376
39.779 -7.85873 333.275
39.8727 -7.92223 335.523
39.6677 -7.88695 335.2
39.4233 -7.89713 334.581
39.407 -7.89382 335.158
38.9641 -7.84276 332.395
38.6699 -7.81721 331.393
38.4953 -7.83721 331.813
38.2297 -7.81303 331.459
38.46 -7.92501 335.589
38.1835 -7.91214 335.145
38.0911 -7.92326 335.432
37.7723 -7.90478 334.751
37.6281 -7.90161 334.8
37.1046 -7.797 331.082
37.2635 -7.89661 334.785
36.6816 -7.81333 330.761
36.7245 -7.91908 335.044
36.6964 -7.91721 336.055
36.0359 -7.82938 331.306
36.1407 -7.91225 334.847
35.8899 -7.908 335.104
35.706 -7.88676 334.488
35.4981 -7.93022 335.215
35.2171 -7.9326 335.249
35.0169 -7.90961 334.571
34.7717 -7.90028 335.416
34.559 -7.91025 334.834
34.2859 -7.9298 335.234
34.4146 -8.01183 339.595
33.8686 -7.93926 336.062
33.6037 -7.91244 334.752
33.3387 -7.93395 335.511
32.9718 -7.90553 335.133
32.6094 -7.90031 334.855
32.3953 -7.91089 334.406
32.0095 -7.89397 333.967
31.4119 -7.78444 329.554
31.07 -7.77876 329.469
31.1642 -7.90446 334.449
30.4728 -7.75448 328.726
30.6042 -7.89241 334.156
30.2939 -7.90782 334.856
30.1303 -7.91976 335.163
29.7753 -7.90945 335.233
29.3489 -7.91912 334.756
28.9439 -7.90681 334.302
28.6098 -7.91805 334.966
27.9244 -7.76702 328.947
27.9598 -7.89558 334.046
27.5725 -7.89561 334.099
27.2342 -7.9009 334.537
26.9651 -7.89525 333.682
26.375 -7.76988 328.95
25.9679 -7.77257 328.609
26.028 -7.90248 334.413
25.3757 -7.77576 328.495
25.4029 -7.91002 333.995
25.01 -7.88562 333.908
24.7999 -7.89845 333.923
24.1866 -7.78734 328.622
23.7893 -7.75974 328.378
23.3883 -7.75535 328.227
23.3749 -7.90748 333.979
23.1855 -7.91869 334.279
22.7577 -7.90415 333.728
22.1802 -7.77279 328.272
22.1572 -7.90052 333.988
21.9676 -7.90761 334.441
21.5263 -7.89209 333.738
21.1033 -7.88689 333.697
20.7191 -7.89421 334.045
20.3019 -7.90418 334.179
20.0841 -7.87784 333.543
19.9154 -7.9215 334.333
19.52 -7.90099 334.454
19.1133 -7.89812 334.695
18.8769 -7.89661 333.666
18.362 -7.76189 328.294
18.2691 -7.89095 333.738
17.8996 -7.88658 334.492
17.6861 -7.90231 334.398
17.1854 -7.79397 328.724
17.1032 -7.92204 334.682
16.8985 -7.95495 334.666
16.5165 -7.92633 335.051
16.0873 -7.87851 333.996
15.9561 -8.05975 340.338
15.4756 -7.90886 334.265
15.0665 -7.90019 333.455
14.6218 -7.7687 328.16
14.2237 -7.7669 327.823
13.8643 -7.7628 328.635
13.7018 -7.89145 333.645
13.4996 -7.90672 334.284
13.134 -7.90586 333.871
12.7388 -7.83112 328.977
12.5562 -7.91486 333.973
12.3587 -7.89728 333.453
12.0025 -7.90232 333.761
11.642 -7.78813 328.995
11.4554 -7.90624 334.463
11.2464 -7.92855 334.643
10.8875 -7.90837 333.823
10.5404 -7.92217 334.349
10.3398 -7.90957 333.963
10.0037 -7.77709 328.908
9.65049 -7.77941 328.279
9.46268 -7.9073 334.031
9.28153 -7.91795 334.307
8.95928 -7.79033 328.392
8.75142 -7.89087 333.416
8.4094 -7.91525 334.208
8.07195 -7.8992 334.437
7.74636 -7.91144 334.707
7.3959 -7.91267 334.388
7.1266 -7.80649 329.427
6.90466 -7.91194 333.653
6.76203 -7.95831 335.623
6.4909 -7.79738 329.541
6.1809 -7.7853 328.948
5.95787 -7.92074 334.51
5.63622 -7.89834 334.205
5.34013 -7.90766 334.425
5.18505 -7.94542 335.003
4.96135 -7.81412 330.46
4.72882 -7.9388 335.167
4.4435 -7.90892 334.675
4.15696 -7.91346 334.52
4.01651 -7.91201 334.383
3.72895 -7.96255 335.024
3.53591 -7.83947 330.61
3.1748 -7.9484 335.544
3.00308 -7.84442 330.824
2.77067 -7.94748 335.09
2.61702 -7.84869 331.201
2.37312 -7.84167 330.637
2.15165 -7.93566 334.413
2.01361 -7.95234 335.744
1.78352 -7.9601 334.969
1.66033 -7.82567 330.545
1.42428 -7.95501 335.148
1.20377 -7.9566 335.16
1.08086 -7.94022 335.248
0.964987 -7.85693 331.359
0.636688 -7.95721 335.638
0.54352 -7.88214 332.121
0.334 -7.89027 332.505
0.134777 -7.96041 335.322
0.0450459 -7.86819 332.517
-0.146112 -7.89638 332.851
-0.341148 -7.97498 336.087
-0.4214 -7.91786 332.975
-0.592266 -7.96159 335.701
-0.659473 -7.88776 332.743
-0.8533 -7.96903 335.766
-1.02427 -8.00709 336.605
-1.0913 -7.98033 336.288
-1.17084 -7.92162 334.419
-1.29741 -7.9366 334.461
-1.4372 -7.95233 335.354
-1.56863 -7.98583 335.753
-1.69256 -7.98648 336.049
-1.75461 -7.95216 335.993
-1.87544 -7.99311 336.534
-1.95734 -7.97455 336.151
-1.99473 -7.91365 334.683
-2.11902 -7.95471 336.086
-2.19677 -7.96072 336.622
-2.25605 -7.98778 336.583
-2.31342 -7.94851 335.107
-2.36062 -7.94999 334.996
-2.47273 -7.97786 336.576
-2.51629 -7.99177 336.431
-2.54712 -7.98075 336.175
-2.593 -7.98768 336.458
-2.59248 -7.971 335.931
-2.65192 -7.97849 336.38
-2.68672 -7.98638 336.82
-2.71102 -7.98625 336.697
-2.73302 -7.97301 336.549
-2.76439 -7.96015 336.359
-2.78185 -7.98495 336.786
-2.80832 -7.99582 336.92
-2.82159 -7.98182 335.872
-2.88824 -7.96902 336.024
-2.90628 -8.00097 336.648
-2.90441 -7.98864 336.3
-2.9099 -8.00756 336.786
-2.91497 -7.99612 336.651
-2.90759 -7.99453 336.432
-2.90491 -7.99165 336.327
-2.90975 -7.98637 336.536
-2.9087 -7.98286 336.758
-2.91828 -7.99282 336.738
-2.93866 -8.00951 336.966
-2.97933 -8.00079 337.452
-2.93919 -7.99839 337.257
-2.90508 -8.02165 337.513
-2.87878 -8.04838 338.196
-2.77624 -8.01635 337.428
-2.68346 -7.97919 337.06
-2.66196 -8.0246 338.417
-2.54107 -7.99731 336.669
-2.5008 -8.05921 338.858
-2.39319 -8.03008 338.886
-2.27374 -7.99203 337.375
-2.21761 -7.99781 337.23
-2.07511 -7.97911 336.783
-2.03934 -8.02542 338.822
-1.86427 -7.96466 336.025
-1.8079 -7.97788 336.925
-1.66675 -8.00213 336.982
-1.49565 -7.97455 336.741
-1.42589 -7.97639 336.732
-1.26023 -7.99438 336.737
-1.17782 -8.02649 338.855
-1.00314 -7.9891 336.44
-0.817842 -7.97885 335.837
-0.647209 -7.96937 336.325
-0.553501 -7.96114 336.241
-0.344707 -7.96836 336.45
-0.161978 -7.97878 336.732
0.0600777 -7.98551 336.564
0.170746 -7.97084 336.107
0.275158 -7.98293 336.473
0.387358 -8.07464 339.842
0.595034 -7.99181 336.626
0.714607 -7.97466 336.867
0.960663 -7.96109 336.683
1.04721 -7.96524 336.421
1.30591 -7.96867 336.868
1.43698 -8.11445 341.776
1.68316 -7.97106 336.834
1.93807 -7.96215 337.08
2.19792 -7.97103 336.158
2.4708 -7.97788 336.625
2.59484 -7.96432 336.767
2.77255 -8.09962 341.343
3.00755 -7.98505 336.598
3.1424 -7.97105 336.671
3.42331 -7.96947 336.566
3.72311 -7.97333 336.962
3.99877 -7.96228 336.549
4.14161 -7.96662 336.908
4.3825 -8.08939 341.388
4.63519 -7.96255 336.929
4.91379 -7.9405 335.947
5.07814 -7.96518 337.049
5.41204 -7.968 336.523
5.5597 -7.94598 335.984
5.87624 -7.94104 335.982
6.13529 -8.10379 341.609
6.51437 -7.96257 336.114
6.68985 -7.93919 336.047
6.99153 -8.08577 341.629
7.31187 -8.06262 341.131
7.55606 -7.9667 336.728
7.87372 -8.11635 342.617
8.20876 -8.0749 341.332
8.43026 -7.96113 336.626
8.64048 -7.97886 337.218
8.96538 -8.05837 341.598
9.30185 -8.07386 342.21
9.71645 -8.10925 343.099
10.0536 -8.08902 341.23
10.274 -7.9634 336.589
10.6686 -7.9665 336.561
11.0171 -7.94057 336.237
11.2007 -7.8236 330.12
11.6182 -7.90252 335.559
11.9867 -7.92827 336.101
12.1614 -7.96197 336.836
12.6185 -8.1386 343.209
12.999 -8.06303 341.294
13.4137 -8.10778 342.854
13.5743 -7.98006 336.66
13.7907 -7.96236 336.839
14.1758 -8.039 341.022
14.36 -7.9443 336.529
14.7802 -7.93948 336.778
15.1735 -7.96294 336.551
15.6874 -8.08747 342.749
15.8418 -7.99064 337.134
