-13.6668 -5.7702 302.667
-13.6684 -5.77479 302.67
-13.6736 -5.78206 302.747
-13.6745 -5.7881 302.754
-13.6757 -5.78307 302.766
-13.6738 -5.78061 302.707
-13.6648 -5.77814 302.582
-13.6707 -5.78106 302.644
-13.671 -5.78053 302.692
-13.6894 -5.78531 303.011
-13.6741 -5.77837 302.79
-13.6535 -5.77659 302.479
-13.6595 -5.77814 302.598
-13.6533 -5.77327 302.445
-13.6667 -5.77977 302.695
-13.6734 -5.77725 302.777
-13.6653 -5.7816 302.695
-13.6707 -5.78757 302.829
-13.6637 -5.7854 302.725
-13.6526 -5.78315 302.539
-13.6615 -5.77614 302.677
-13.6523 -5.76509 302.523
-13.6566 -5.77221 302.6
-13.6693 -5.78439 302.795
-13.664 -5.7832 302.747
-13.6543 -5.78364 302.623
-13.6514 -5.77684 302.584
-13.6459 -5.77235 302.5
-13.6512 -5.77188 302.597
-13.657 -5.78122 302.663
-13.6648 -5.78775 302.771
-13.6605 -5.78528 302.703
-13.6558 -5.77859 302.623
-13.6468 -5.77308 302.488
-13.657 -5.78372 302.673
-13.6744 -5.79324 302.953
-13.6573 -5.78241 302.682
-13.6495 -5.77043 302.563
-13.6543 -5.78426 302.644
-13.6634 -5.78603 302.758
-13.6671 -5.78803 302.782
-13.6651 -5.78441 302.765
-13.6524 -5.78483 302.541
-13.6652 -5.79023 302.778
-13.649 -5.77461 302.466
-13.659 -5.76896 302.64
-13.6491 -5.76964 302.516
-13.6451 -5.77542 302.498
-13.6516 -5.77618 302.57
-13.6634 -5.77688 302.725
-13.6525 -5.76753 302.656
-13.636 -5.75982 302.446
-13.6619 -5.77715 302.728
-13.664 -5.78288 302.721
-13.6567 -5.78544 302.642
-13.6706 -5.7822 302.843
-13.6628 -5.7745 302.773
-13.6476 -5.77139 302.568
-13.6605 -5.77478 302.759
-13.6633 -5.78288 302.751
-13.6519 -5.78113 302.65
-13.6447 -5.77545 302.565
-13.6466 -5.77434 302.568
-13.6546 -5.75999 302.643
-13.6515 -5.77042 302.575
-13.6516 -5.77637 302.565
-13.6498 -5.77738 302.547
-13.6581 -5.77637 302.699
-13.6532 -5.77515 302.556
-13.6615 -5.77984 302.679
-13.6593 -5.77077 302.629
-13.6531 -5.77541 302.524
-13.6543 -5.77992 302.528
-13.6689 -5.78977 302.783
-13.6682 -5.79285 302.779
-13.6717 -5.78747 302.865
-13.652 -5.77358 302.552
-13.6667 -5.77774 302.71
-13.6662 -5.77599 302.767
-13.6668 -5.77004 302.741
-13.6646 -5.78016 302.706
-13.6664 -5.78519 302.69
-13.6647 -5.78178 302.673
-13.6537 -5.76695 302.497
-13.6627 -5.77231 302.602
-13.6732 -5.77918 302.737
-13.6685 -5.77728 302.696
-13.6645 -5.78241 302.642
-13.6749 -5.77764 302.769
-13.6764 -5.7834 302.766
-13.6729 -5.77865 302.715
-13.677 -5.77677 302.706
-13.6633 -5.78044 302.543
-13.6612 -5.77524 302.501
-13.6661 -5.77377 302.595
-13.6723 -5.77753 302.682
-13.6725 -5.7869 302.676
-13.6779 -5.79283 302.677
-13.6684 -5.77829 302.566
-13.6745 -5.77495 302.636
-13.682 -5.78517 302.75
-13.687 -5.78659 302.855
-13.6757 -5.78276 302.653
-13.6783 -5.77778 302.651
-13.673 -5.77727 302.571
-13.6809 -5.7901 302.676
-13.6747 -5.78753 302.592
-13.6793 -5.78471 302.702
-13.6813 -5.78335 302.741
-13.6671 -5.77508 302.524
-13.6851 -5.78764 302.846
-13.6964 -5.7963 303.013
-13.7066 -5.80727 303.138
-13.6874 -5.78594 302.813
-13.6877 -5.78787 302.854
-13.6832 -5.78668 302.847
-13.6886 -5.78288 302.873
-13.6877 -5.78448 302.855
-13.6993 -5.78938 303.01
-13.6874 -5.78739 302.802
-13.6911 -5.78568 302.85
-13.6893 -5.78948 302.915
-13.6832 -5.79051 302.801
-13.687 -5.79501 302.83
-13.6792 -5.78762 302.685
-13.6828 -5.77821 302.734
-13.6884 -5.77959 302.768
-13.6761 -5.7757 302.607
-13.6799 -5.77873 302.647
-13.6859 -5.79314 302.734
-13.701 -5.79519 302.944
-13.7001 -5.79103 302.928
-13.6986 -5.78649 302.921
-13.694 -5.78085 302.835
-13.6931 -5.78978 302.853
-13.6927 -5.78248 302.839
-13.6914 -5.78155 302.845
-13.6992 -5.78107 302.887
-13.6928 -5.77963 302.808
-13.693 -5.7804 302.815
-13.6885 -5.78358 302.786
-13.7059 -5.79645 303.054
-13.6952 -5.78675 302.872
-13.6983 -5.78164 302.881
-13.6956 -5.77789 302.802
-13.7002 -5.78549 302.843
-13.7043 -5.78842 302.927
-13.7034 -5.78396 302.895
-13.7047 -5.78064 302.958
-13.7015 -5.78372 302.826
-13.6952 -5.78388 302.742
-13.7002 -5.78696 302.801
-13.6959 -5.78686 302.698
-13.6981 -5.77801 302.732
-13.6998 -5.78305 302.758
-13.7072 -5.78651 302.841
-13.7051 -5.78724 302.859
-13.6971 -5.7815 302.706
-13.7015 -5.78976 302.782
-13.7174 -5.78878 302.93
-13.7097 -5.7827 302.845
-13.7035 -5.77627 302.782
-13.7047 -5.78836 302.714
-13.7105 -5.79495 302.775
-13.7216 -5.78658 302.964
-13.7098 -5.77718 302.778
-13.7204 -5.78871 302.909
-13.7202 -5.78611 302.87
-13.7252 -5.79017 302.902
-13.7284 -5.78921 302.939
-13.7232 -5.78372 302.912
-13.7148 -5.79109 302.817
-13.7225 -5.79402 302.937
-13.7252 -5.79107 303.05
-13.7238 -5.79293 302.885
-13.7234 -5.78239 302.771
-13.7247 -5.782 302.832
-13.7281 -5.78488 302.942
-13.7275 -5.78076 302.901
-13.748 -5.78781 303.202
-13.7296 -5.78484 302.916
-13.7189 -5.77681 302.673
-13.7355 -5.7869 302.957
-13.7578 -5.7964 303.202
-13.7427 -5.78688 302.903
-13.7512 -5.79476 303.055
-13.7499 -5.79142 302.978
-13.7425 -5.78389 302.881
-13.7447 -5.78757 302.891
-13.7363 -5.78411 302.756
-13.7561 -5.79362 303.057
-13.7599 -5.79606 303.041
-13.7643 -5.79599 303.087
-13.7612 -5.79239 303.076
-13.7688 -5.78664 303.146
-13.7818 -5.79361 303.337
-13.7656 -5.78122 303.038
-13.7733 -5.79633 303.111
-13.7866 -5.8014 303.332
-13.7767 -5.79762 303.251
-13.7869 -5.7975 303.359
-13.7864 -5.8 303.409
-13.7704 -5.79036 303.179
-13.7849 -5.80794 303.306
-13.7622 -5.79715 303.05
-13.7621 -5.79283 303.072
-13.7621 -5.78554 303.03
-13.7643 -5.78868 303.098
-13.7681 -5.78943 303.206
-13.7535 -5.79048 302.944
-13.7572 -5.78993 302.978
-13.7544 -5.7832 303.008
-13.7675 -5.78924 303.227
-13.7607 -5.79947 303.065
-13.7655 -5.79287 303.124
-13.7651 -5.79426 303.128
-13.778 -5.80569 303.302
-13.7414 -5.7787 302.748
-13.7622 -5.79175 303.092
-13.7695 -5.80134 303.247
-13.7785 -5.79196 303.368
-13.7672 -5.78794 303.153
-13.7722 -5.79306 303.298
-13.7699 -5.79942 303.299
-13.7743 -5.80052 303.322
-13.7705 -5.79474 303.236
-13.7498 -5.79124 303.016
-13.7391 -5.7881 302.868
-13.7518 -5.79534 303.109
-13.7433 -5.79522 302.911
-13.7407 -5.79491 302.983
-13.7582 -5.79296 303.203
-13.7568 -5.79417 303.169
-13.7577 -5.79308 303.146
-13.7358 -5.78739 302.88
-13.7291 -5.78523 302.779
-13.7372 -5.7873 302.96
-13.734 -5.78402 302.868
-13.7498 -5.7881 303.147
-13.7496 -5.78846 303.183
-13.7434 -5.77307 303.097
-13.7256 -5.78624 302.924
-13.7553 -5.79995 303.336
-13.7531 -5.79109 303.255
-13.7489 -5.78723 303.257
-13.7535 -5.79171 303.362
-13.7405 -5.79811 303.13
-13.7408 -5.79307 303.106
-13.7352 -5.79295 303.08
-13.7312 -5.80398 303.063
-13.7317 -5.79321 303.056
-13.7216 -5.78097 302.877
-13.725 -5.78981 302.943
-13.7157 -5.78397 302.868
-13.7071 -5.7727 302.731
-13.7098 -5.78337 302.761
-13.7169 -5.78479 302.914
-13.7239 -5.78971 302.925
-13.7292 -5.78665 303.072
-13.7187 -5.78837 302.92
-13.6983 -5.78569 302.634
-13.6893 -5.77757 302.479
-13.7081 -5.78224 302.779
-13.724 -5.79655 303.04
-13.7034 -5.78487 302.7
-13.699 -5.78205 302.644
-13.7132 -5.77571 302.848
-13.7145 -5.77719 302.831
-13.7114 -5.78468 302.863
-13.7074 -5.78785 302.841
-13.7106 -5.79023 302.865
-13.7096 -5.78069 302.809
-13.7138 -5.7773 302.899
-13.7137 -5.78335 302.903
-13.7084 -5.78117 302.843
-13.7101 -5.77652 302.886
-13.7259 -5.78842 303.107
-13.728 -5.78771 303.12
-13.713 -5.78906 302.903
-13.7035 -5.78081 302.776
-13.7054 -5.78141 302.755
-13.7145 -5.78535 303.005
-13.7204 -5.79033 303.011
-13.7218 -5.79329 302.987
-13.7082 -5.78176 302.871
-13.7083 -5.78386 302.806
-13.6959 -5.77872 302.669
-13.704 -5.78743 302.787
-13.7038 -5.79125 302.809
-13.7193 -5.79773 303.029
-13.7228 -5.79852 303.029
-13.7229 -5.79575 303.107
-13.7187 -5.77992 303.032
-13.7091 -5.76936 302.807
-13.7153 -5.7799 302.873
-13.7069 -5.7865 302.748
-13.7291 -5.79457 303.085
-13.7167 -5.78819 302.882
-13.7129 -5.78747 302.842
-13.7173 -5.78911 302.934
-13.7366 -5.80318 303.146
-13.7284 -5.78413 303.044
-13.7293 -5.80181 303.029
-13.723 -5.79381 302.955
-13.7189 -5.77949 302.956
-13.7197 -5.77845 302.942
-13.7291 -5.78333 303.035
-13.7286 -5.78947 303.067
-13.7295 -5.7874 303.036
-13.7107 -5.78935 302.737
-13.7197 -5.79114 302.919
-13.7241 -5.78625 302.955
-13.7283 -5.78316 303.016
-13.7361 -5.79098 303.113
-13.7254 -5.78531 302.955
-13.7103 -5.77814 302.707
-13.7223 -5.77705 302.947
-13.7141 -5.78444 302.813
-13.7145 -5.78291 302.852
-13.7164 -5.7865 302.893
-13.7144 -5.78311 302.858
-13.7119 -5.78622 302.804
-13.7169 -5.78792 302.898
-13.7098 -5.78855 302.737
-13.7168 -5.78334 302.898
-13.731 -5.78532 303.054
-13.7227 -5.78354 302.907
-13.7107 -5.78859 302.774
-13.7343 -5.79384 303.115
-13.7312 -5.79872 303.029
-13.7273 -5.79808 303.044
-13.7364 -5.7974 303.141
-13.7241 -5.78089 302.974
-13.7217 -5.78757 302.948
-13.7053 -5.78172 302.781
-13.7135 -5.77242 302.842
-13.7305 -5.79176 303.038
-13.725 -5.79049 302.944
-13.7139 -5.78246 302.8
-13.7125 -5.78966 302.743
-13.7186 -5.78998 302.866
-13.713 -5.78787 302.696
-13.705 -5.78748 302.67
-13.7152 -5.78405 302.872
-13.7138 -5.78302 302.844
-13.7147 -5.77206 302.8
-13.7144 -5.77466 302.81
-13.7253 -5.79207 302.966
-13.7249 -5.79601 302.947
-13.726 -5.78914 302.918
-13.714 -5.80316 302.813
-13.6959 -5.78391 302.534
-13.7307 -5.78875 303.031
-13.7006 -5.79253 302.715
-13.7158 -5.85296 306.13
-13.3085 -5.81105 305.013
-12.9347 -5.75525 301.431
-12.9946 -5.8023 304.209
-12.8068 -5.78106 302.516
-12.7893 -5.79295 303.176
-12.7409 -5.79298 302.606
-12.7459 -5.79898 302.761
-12.7647 -5.82169 303.468
-12.594 -5.77811 302.443
-12.5888 -5.83008 304.811
-12.3383 -5.81586 304.807
-12.2561 -5.83902 305.812
-11.8528 -5.77151 301.778
-11.7463 -5.75422 301.582
-11.7501 -5.77207 303.402
-11.7002 -5.79489 303.443
-11.5496 -5.7602 302.079
-11.4246 -5.73379 301.434
-11.4623 -5.80153 304.312
-11.2564 -5.79042 304.877
-11.0299 -5.81078 305.213
-10.9012 -5.8138 305.13
-10.492 -5.75893 301.997
-10.4399 -5.83594 305.24
-10.4298 -5.87503 308.737
-10.0542 -5.81107 304.834
-9.8213 -5.80125 305.086
-9.52155 -5.79627 305.341
-9.04414 -5.73597 301.553
-8.95762 -5.8293 306.497
-8.36268 -5.72559 300.893
-8.29509 -5.82436 306.198
-7.77259 -5.71025 301.032
-7.69784 -5.79435 305.025
-7.55455 -5.78274 304.731
-7.32336 -5.74154 302.25
-7.30654 -5.77469 304.11
-7.15744 -5.77522 304.382
-7.07915 -5.79203 305.235
-6.78641 -5.80439 305.783
-6.5958 -5.78422 305.319
-6.26393 -5.7869 304.824
-5.95507 -5.70306 301.692
-5.74776 -5.6837 301.117
-5.72756 -5.74934 304.233
-5.62448 -5.77668 303.967
-5.44564 -5.74874 304.003
-5.30599 -5.7127 303.823
-5.12297 -5.70146 301.882
-5.07767 -5.71732 302.217
-5.04616 -5.75087 303.43
-4.96907 -5.74403 303.161
-4.92425 -5.74069 303.361
-4.84301 -5.75251 303.666
-4.77043 -5.74628 303.605
-4.68144 -5.73684 303.391
-4.57323 -5.70546 301.961
-4.56489 -5.70359 302.195
-4.55564 -5.70377 302.157
-4.56519 -5.7134 302.34
-4.57353 -5.71976 302.557
-4.56715 -5.71407 302.488
-4.56676 -5.71702 302.462
-4.55899 -5.71336 302.393
-4.55914 -5.71786 302.444
-4.57 -5.72132 302.548
-4.57238 -5.71909 302.664
-4.56572 -5.71998 302.669
-4.56916 -5.74616 303.967
-4.50538 -5.74293 304.12
-4.40783 -5.72836 302.908
-4.33965 -5.69892 301.936
-4.32784 -5.71883 302.179
-4.32675 -5.71133 302.185
-4.32794 -5.71672 302.315
-4.32075 -5.71023 302.687
-4.24126 -5.72112 302.203
-4.23177 -5.74727 302.804
-4.22195 -5.75089 302.658
-4.21972 -5.74292 302.657
-4.22106 -5.74372 302.696
-4.22103 -5.73823 302.608
-4.22879 -5.74525 302.826
-4.23046 -5.74906 303.036
-4.22334 -5.7484 302.84
-4.2292 -5.7495 303.011
-4.23439 -5.75043 303.075
-4.223 -5.74103 302.818
-4.2235 -5.73598 302.754
-4.22121 -5.73805 302.813
-4.22165 -5.74182 302.911
-4.21856 -5.74146 302.809
-4.21673 -5.74386 302.629
-4.20602 -5.72402 302.424
-4.21985 -5.73735 302.742
-4.21611 -5.74061 302.62
-4.2179 -5.73474 302.686
-4.21543 -5.72846 302.728
-4.21445 -5.73514 302.774
-4.21848 -5.74698 302.9
-4.21459 -5.73844 302.791
-4.21704 -5.73664 302.866
-4.21977 -5.72914 302.818
-4.21881 -5.72866 302.812
-4.22213 -5.73492 302.849
-4.22472 -5.74498 302.968
-4.22362 -5.73616 303.031
-4.21849 -5.73392 302.929
-4.21421 -5.73013 302.795
-4.21285 -5.7368 302.766
-4.21173 -5.74071 302.789
-4.21745 -5.73922 302.811
-4.21945 -5.74053 302.892
-4.21822 -5.74118 302.903
-4.20602 -5.73723 302.721
-4.21472 -5.73495 302.906
-4.22062 -5.73165 303.117
-4.21192 -5.73748 302.873
-4.19911 -5.72651 302.636
-4.19248 -5.71756 302.61
-4.19636 -5.73263 302.727
-4.19548 -5.73656 302.736
-4.20028 -5.73899 302.866
-4.20742 -5.74963 303.035
-4.18945 -5.72821 302.654
-4.18175 -5.72586 302.635
-4.18818 -5.73231 302.801
-4.18668 -5.7334 302.853
-4.18142 -5.73316 302.765
-4.18119 -5.73492 302.851
-4.18535 -5.74185 302.934
-4.17894 -5.74135 302.852
-4.17933 -5.74204 302.85
-4.17091 -5.72991 302.737
-4.17162 -5.72006 302.642
-4.17426 -5.72901 302.811
-4.16939 -5.7329 302.784
-4.17203 -5.73188 302.795
-4.17564 -5.73316 302.822
-4.17249 -5.73447 302.878
-4.16839 -5.73096 302.693
-4.16645 -5.73109 302.701
-4.15575 -5.72807 302.56
-4.15977 -5.72872 302.573
-4.16564 -5.72886 302.67
-4.16733 -5.72906 302.75
-4.16128 -5.72428 302.651
-4.16274 -5.73401 302.693
-4.15753 -5.73392 302.61
-4.15662 -5.73352 302.609
-4.15682 -5.73137 302.686
-4.1599 -5.73021 302.759
-4.16232 -5.73792 302.847
-4.16039 -5.72978 302.667
-4.15829 -5.73052 302.628
-4.15341 -5.7277 302.522
-4.15615 -5.73068 302.74
-4.15243 -5.73111 302.661
-4.14445 -5.72746 302.416
-4.1505 -5.72511 302.536
-4.15316 -5.72907 302.57
-4.15242 -5.73178 302.582
-4.15633 -5.73139 302.644
-4.15326 -5.72916 302.621
-4.14754 -5.72619 302.531
-4.14702 -5.73057 302.488
-4.15205 -5.7326 302.579
-4.14898 -5.73298 302.587
-4.15335 -5.74059 302.646
-4.14692 -5.73445 302.512
-4.1442 -5.7233 302.347
-4.15285 -5.73524 302.647
-4.15208 -5.72844 302.729
-4.14906 -5.73108 302.612
-4.15487 -5.73836 302.708
-4.15002 -5.72741 302.469
-4.1475 -5.72565 302.476
-4.14494 -5.72363 302.438
-4.15177 -5.7284 302.504
-4.15145 -5.73201 302.549
-4.1543 -5.7305 302.561
-4.15527 -5.73508 302.66
-4.16327 -5.7431 302.844
-4.15526 -5.73568 302.786
-4.14953 -5.73097 302.628
-4.14692 -5.72704 302.44
-4.1545 -5.73625 302.608
-4.15291 -5.73516 302.664
-4.15385 -5.73409 302.658
-4.15469 -5.73599 302.698
-4.16575 -5.74669 302.929
-4.15453 -5.73598 302.625
-4.14625 -5.72726 302.44
-4.15656 -5.73814 302.751
-4.16262 -5.7418 302.872
-4.15971 -5.73883 302.786
-4.15991 -5.73514 302.754
-4.15464 -5.73721 302.647
-4.14926 -5.73159 302.62
-4.15734 -5.73459 302.82
-4.15387 -5.73781 302.713
-4.15718 -5.7359 302.703
-4.15674 -5.73578 302.681
-4.15102 -5.73319 302.624
-4.15178 -5.7298 302.609
-4.15641 -5.73456 302.697
-4.15403 -5.73736 302.516
-4.146 -5.72463 302.43
-4.15242 -5.73001 302.731
-4.1543 -5.73479 302.721
-4.14894 -5.73705 302.635
-4.14845 -5.73318 302.605
-4.15182 -5.73599 302.693
-4.14901 -5.73022 302.582
-4.15063 -5.72329 302.643
-4.15252 -5.72302 302.772
-4.14914 -5.72261 302.605
-4.14797 -5.7254 302.531
-4.14381 -5.72847 302.399
-4.14923 -5.72857 302.574
-4.15649 -5.7342 302.689
-4.15257 -5.73138 302.595
-4.14764 -5.73062 302.508
-4.1602 -5.73961 302.909
-4.15946 -5.7438 302.879
-4.1495 -5.73717 302.572
-4.15051 -5.73297 302.607
-4.14981 -5.72882 302.596
-4.15671 -5.73629 302.751
-4.15132 -5.73391 302.697
-4.15586 -5.73928 302.753
-4.15322 -5.73042 302.772
-4.15603 -5.73055 302.81
-4.15168 -5.73111 302.646
-4.14907 -5.73239 302.599
-4.14176 -5.73334 302.461
-4.15438 -5.7367 302.616
-4.15776 -5.74243 302.753
-4.1487 -5.73649 302.621
-4.15271 -5.72906 302.656
-4.15806 -5.72869 302.79
-4.16217 -5.7373 302.929
-4.15714 -5.73761 302.753
-4.15554 -5.73241 302.713
-4.15152 -5.72958 302.552
-4.15388 -5.73874 302.703
-4.15272 -5.73775 302.764
-4.15088 -5.7309 302.63
-4.15607 -5.73361 302.635
-4.1508 -5.73846 302.54
-4.15095 -5.73843 302.568
-4.14763 -5.73291 302.53
-4.15531 -5.73382 302.82
-4.1601 -5.74017 302.723
-4.15376 -5.73416 302.625
-4.14885 -5.73238 302.542
-4.15024 -5.73489 302.63
-4.15571 -5.74448 302.815
-4.16127 -5.7496 302.833
-4.15246 -5.73409 302.693
-4.1498 -5.73078 302.58
-4.14902 -5.74329 302.531
-4.1486 -5.74263 302.567
-4.15989 -5.74051 302.825
-4.16001 -5.74125 302.899
-4.14684 -5.7257 302.417
-4.14803 -5.73541 302.517
-4.15259 -5.73949 302.717
-4.15339 -5.73351 302.608
-4.14989 -5.7328 302.553
-4.15689 -5.7384 302.79
-4.15621 -5.73288 302.674
-4.15339 -5.73346 302.574
-4.15541 -5.73627 302.679
-4.15466 -5.73221 302.627
-4.15886 -5.73619 302.761
-4.15538 -5.73686 302.682
-4.15197 -5.73506 302.616
-4.15631 -5.7351 302.72
-4.15451 -5.73321 302.576
-4.15541 -5.73832 302.635
-4.15384 -5.7309 302.711
-4.15465 -5.72905 302.71
-4.15503 -5.73673 302.656
-4.15081 -5.7271 302.522
-4.152 -5.73169 302.607
-4.15752 -5.74403 302.79
-4.15663 -5.7405 302.737
-4.15681 -5.73772 302.783
-4.15042 -5.73408 302.66
-4.14498 -5.73146 302.484
-4.14826 -5.73442 302.513
-4.15584 -5.7406 302.679
-4.15927 -5.73887 302.749
-4.1563 -5.74188 302.682
-4.15125 -5.73449 302.493
-4.15075 -5.73185 302.595
-4.15698 -5.73787 302.743
-4.15892 -5.74042 302.726
-4.15433 -5.73574 302.609
-4.15344 -5.72733 302.565
-4.15524 -5.73231 302.661
-4.1491 -5.73498 302.573
-4.15536 -5.74043 302.678
-4.16047 -5.74417 302.714
-4.15785 -5.73489 302.623
-4.15014 -5.72972 302.563
-4.15818 -5.74018 302.628
-4.15823 -5.73989 302.647
-4.16219 -5.74156 302.773
-4.15895 -5.73718 302.531
-4.1576 -5.73347 302.651
-4.16063 -5.72767 302.753
-4.16329 -5.73933 302.797
-4.16247 -5.73339 302.719
-4.15914 -5.73327 302.614
-4.15673 -5.74003 302.555
-4.15887 -5.73848 302.57
-4.16202 -5.74791 302.707
-4.15516 -5.74023 302.518
-4.16204 -5.73968 302.623
-4.16016 -5.73978 302.622
-4.16636 -5.744 302.649
-4.15898 -5.73876 302.543
-4.15675 -5.73535 302.55
-4.15311 -5.72677 302.338
-4.15442 -5.72365 302.332
-4.15709 -5.73568 302.495
-4.15962 -5.73573 302.678
-4.15732 -5.73383 302.575
-4.15751 -5.73102 302.572
-4.16292 -5.73936 302.744
-4.16071 -5.7391 302.631
-4.16461 -5.73489 302.711
-4.15633 -5.72899 302.502
-4.16302 -5.73895 302.608
-4.16505 -5.73435 302.729
-4.16321 -5.73961 302.735
-4.15999 -5.74151 302.719
-4.16165 -5.73386 302.574
-4.1627 -5.74201 302.719
-4.16285 -5.73868 302.628
-4.16124 -5.73727 302.614
-4.16256 -5.73457 302.672
-4.16287 -5.72597 302.752
-4.16602 -5.73303 302.749
-4.16077 -5.7343 302.645
-4.16348 -5.73557 302.731
-4.16249 -5.74084 302.704
-4.16298 -5.73986 302.775
-4.16266 -5.73941 302.791
-4.15612 -5.73884 302.679
-4.1652 -5.74306 302.787
-4.15309 -5.72935 302.487
-4.15629 -5.72651 302.605
-4.15417 -5.73427 302.577
-4.15427 -5.73258 302.638
-4.15161 -5.73102 302.508
-4.15322 -5.72856 302.486
-4.15399 -5.72859 302.482
-4.14731 -5.72676 302.391
-4.15212 -5.72407 302.579
-4.15447 -5.72242 302.734
-4.14526 -5.72388 302.384
-4.14709 -5.73093 302.485
-4.16038 -5.73575 302.765
-4.16302 -5.73671 302.73
-4.15273 -5.74013 302.649
-4.15651 -5.74842 302.658
-4.15845 -5.74002 302.65
-4.15454 -5.72734 302.573
-4.16239 -5.75074 302.76
-4.15984 -5.74744 302.764
-4.15423 -5.73613 302.678
-4.15711 -5.73742 302.703
-4.15262 -5.73991 302.582
-4.14964 -5.74234 302.53
-4.15646 -5.7458 302.728
-4.15881 -5.74349 302.814
-4.15954 -5.74611 302.786
-4.16591 -5.74566 302.823
-4.15336 -5.73819 302.657
-4.14856 -5.73597 302.566
-4.14954 -5.73654 302.544
-4.15443 -5.73424 302.656
-4.15873 -5.74346 302.754
-4.16128 -5.7447 302.774
-4.15788 -5.74831 302.749
-4.15457 -5.73568 302.602
-4.15746 -5.73659 302.677
-4.16243 -5.7403 302.845
-4.15618 -5.74004 302.551
-4.15208 -5.73898 302.494
-4.16116 -5.75084 302.76
-4.15765 -5.73975 302.66
-4.15788 -5.74084 302.687
-4.156 -5.7344 302.697
-4.1538 -5.73835 302.651
-4.15097 -5.74215 302.561
-4.15027 -5.74065 302.504
-4.15573 -5.74513 302.666
-4.15213 -5.75197 302.626
-4.15893 -5.74704 302.735
-4.16355 -5.74634 302.794
-4.16241 -5.73653 302.789
-4.16214 -5.73667 302.832
-4.16347 -5.73887 302.934
-4.15539 -5.7392 302.69
-4.15424 -5.72546 302.59
-4.15622 -5.72941 302.695
-4.15334 -5.73562 302.614
-4.15305 -5.73535 302.578
-4.15487 -5.73204 302.575
-4.15166 -5.73591 302.589
-4.15541 -5.7393 302.681
-4.15896 -5.74303 302.796
-4.15283 -5.72655 302.598
-4.15376 -5.73101 302.564
-4.1605 -5.73806 302.739
-4.1599 -5.74022 302.72
-4.15528 -5.73896 302.656
-4.15487 -5.73739 302.661
-4.1626 -5.74814 302.839
-4.15769 -5.74166 302.726
-4.16119 -5.73441 302.75
-4.15199 -5.73378 302.483
-4.14696 -5.73003 302.445
-4.11981 -5.75294 303.67
-3.90621 -5.71827 302.073
-3.83217 -5.74696 303.408
-3.70654 -5.73531 303.775
-3.57195 -5.74067 303.24
-3.53104 -5.73358 303.358
-3.4123 -5.74051 303.645
-3.29797 -5.73219 303.243
-3.26025 -5.71887 302.764
-3.20893 -5.70777 302.617
-3.10652 -5.69484 301.605
-3.05529 -5.70345 301.908
-3.01707 -5.74809 303.296
-2.97543 -5.73283 303.171
-2.87549 -5.70952 302.857
-2.76948 -5.73178 303.454
-2.63807 -5.71634 302.064
-2.58201 -5.72591 303.528
-2.42011 -5.71712 301.759
-2.37998 -5.74339 303.27
-2.25041 -5.71514 303.087
-2.11528 -5.75313 303.812
-2.0321 -5.7224 303.578
-1.86137 -5.75379 303.894
-1.68806 -5.69822 301.254
-1.61808 -5.74138 303.688
-1.55602 -5.76956 304.836
-1.4378 -5.72152 302.954
-1.33663 -5.70119 301.977
-1.30305 -5.73409 303.12
-1.19526 -5.70229 301.678
-1.13877 -5.70462 302.822
-1.04144 -5.72441 302.912
-0.977596 -5.72485 302.923
-0.920708 -5.71363 302.325
-0.864679 -5.70565 302.804
-0.741133 -5.73895 303.752
-0.584154 -5.67638 301.508
-0.514935 -5.69772 302.616
-0.435484 -5.73923 303.301
-0.387333 -5.74418 303.634
-0.227551 -5.67308 300.827
-0.150333 -5.75408 303.914
0.0277252 -5.71598 303.173
0.175734 -5.72328 303.525
0.25333 -5.7194 303.257
0.412178 -5.72894 303.557
0.566231 -5.70969 303.102
0.685503 -5.72259 303.187
0.789217 -5.69345 301.502
0.849979 -5.70823 301.975
0.937279 -5.6988 303.026
1.03432 -5.69382 302.696
1.07625 -5.69874 302.428
1.10104 -5.70494 302.371
1.12377 -5.70905 302.457
1.20839 -5.67461 301.143
1.247 -5.69711 302.441
1.30844 -5.69622 302.095
1.36033 -5.71522 302.906
1.46942 -5.68432 302.155
1.56005 -5.68316 301.116
1.61336 -5.7111 302.91
1.7629 -5.70896 303.048
1.89667 -5.72075 303.213
2.03203 -5.69327 302.488
2.10409 -5.68361 301.305
2.15717 -5.7016 302.774
2.27205 -5.67799 302.86
2.37059 -5.7063 302.681
2.47125 -5.69921 302.538
2.5678 -5.69701 302.798
2.702 -5.70956 303.051
2.79627 -5.69188 302.517
2.91249 -5.71688 302.6
3.01152 -5.70963 302.894
3.08664 -5.68633 302.267
3.13573 -5.69226 301.946
3.14591 -5.69331 301.863
3.14567 -5.68835 301.815
3.15244 -5.68774 301.771
3.15643 -5.68787 301.84
3.19703 -5.67614 301.524
3.22986 -5.68297 301.564
3.24625 -5.68547 301.707
3.26418 -5.69393 302.006
3.3388 -5.71568 303.225
3.46977 -5.69223 302.793
3.5849 -5.72319 303.276
3.6762 -5.65747 301.231
3.76217 -5.69573 302.977
3.8903 -5.70034 302.809
3.96789 -5.67257 302.261
4.00214 -5.66768 301.714
4.02984 -5.67687 302.092
4.11143 -5.69407 302.255
4.16678 -5.68317 302.23
4.18238 -5.68679 302.062
4.18335 -5.68497 302.055
4.18791 -5.68392 302.236
4.22218 -5.67413 302.169
4.2562 -5.66503 301.926
4.29439 -5.66936 301.826
4.3337 -5.67271 301.797
4.38564 -5.68396 302.022
4.44703 -5.68784 302.341
4.48693 -5.6732 301.803
4.5373 -5.66996 301.656
4.54851 -5.67105 301.637
4.55002 -5.671 301.757
4.54814 -5.66973 301.668
4.54244 -5.66737 301.581
4.56655 -5.66558 301.502
4.58312 -5.67251 301.525
4.6033 -5.67331 301.596
4.61745 -5.68274 301.842
4.63178 -5.68092 301.719
4.64228 -5.68235 301.767
4.66217 -5.67517 301.577
4.68833 -5.67834 301.956
4.70636 -5.68616 301.877
4.73426 -5.68872 301.976
4.75724 -5.68981 302.382
4.78384 -5.68566 302.395
4.81654 -5.67404 301.779
4.86992 -5.66516 301.402
4.87486 -5.66774 301.44
4.88361 -5.66653 301.379
4.88344 -5.66166 301.367
4.87721 -5.66581 301.484
4.88398 -5.66511 301.219
4.88726 -5.6656 301.105
4.88754 -5.6727 301.319
4.89437 -5.66973 301.486
4.91671 -5.66838 301.326
4.92994 -5.66862 301.472
4.94262 -5.67582 301.762
4.95605 -5.6758 301.891
4.98611 -5.69037 302.288
5.03445 -5.69169 302.351
5.0629 -5.6762 302.481
5.09998 -5.67329 301.964
5.10087 -5.66955 301.91
5.10419 -5.65746 301.766
5.10404 -5.66324 301.827
5.10708 -5.66138 301.774
5.10585 -5.66876 301.744
5.14838 -5.65673 301.238
5.15165 -5.65564 301.361
5.15804 -5.65795 301.425
5.16022 -5.65664 301.278
5.16076 -5.64835 301.253
5.16204 -5.64687 301.1
5.15745 -5.6668 301.416
5.15913 -5.66492 301.519
5.15841 -5.65542 301.203
5.15929 -5.65391 301.194
5.15735 -5.65695 301.227
5.16043 -5.6576 301.27
5.16291 -5.65787 301.252
5.15893 -5.66413 301.375
5.15553 -5.67157 301.561
5.15866 -5.66958 301.568
5.16037 -5.65847 301.436
5.16475 -5.65548 301.338
5.16337 -5.663 301.29
5.15889 -5.66118 301.431
5.15535 -5.65928 301.379
5.16185 -5.65278 301.304
5.15664 -5.65497 301.332
5.15911 -5.6571 301.276
5.15772 -5.66234 301.418
5.15921 -5.66257 301.397
5.1598 -5.66922 301.527
5.15956 -5.6666 301.585
5.15729 -5.66876 301.444
5.1523 -5.66133 301.424
5.15436 -5.65915 301.413
5.15538 -5.65897 301.314
5.16031 -5.66598 301.48
5.15912 -5.66001 301.389
5.15941 -5.65893 301.298
5.15622 -5.66197 301.258
5.15405 -5.6654 301.332
5.15627 -5.66148 301.291
5.15711 -5.66172 301.304
5.15846 -5.66505 301.384
5.15549 -5.66544 301.46
5.1566 -5.66516 301.377
5.15694 -5.65636 301.28
5.15763 -5.65992 301.235
5.15471 -5.65757 301.277
5.15586 -5.66265 301.338
5.1602 -5.66247 301.448
5.15851 -5.65402 301.236
5.15893 -5.6515 301.185
5.15706 -5.66061 301.401
5.15857 -5.66438 301.584
5.16274 -5.66185 301.421
5.15709 -5.6657 301.322
5.15782 -5.66389 301.491
5.15675 -5.66043 301.469
5.15625 -5.6603 301.425
5.15593 -5.66379 301.448
5.157 -5.66569 301.558
5.15502 -5.66707 301.513
5.15635 -5.66543 301.583
5.15648 -5.66343 301.451
5.15788 -5.66346 301.383
5.15812 -5.66309 301.328
5.15571 -5.66417 301.388
5.15216 -5.66538 301.369
5.15777 -5.66458 301.427
5.15923 -5.66783 301.468
5.15915 -5.66393 301.515
5.15639 -5.65739 301.297
5.15973 -5.65853 301.273
5.15822 -5.66891 301.578
5.15779 -5.66321 301.608
5.15429 -5.65457 301.178
5.15349 -5.6619 301.399
5.15374 -5.66317 301.345
5.15833 -5.66425 301.455
5.16006 -5.65946 301.446
5.16221 -5.66286 301.368
5.16255 -5.65651 301.39
5.15998 -5.66222 301.366
5.15643 -5.66183 301.422
5.15949 -5.65274 301.478
5.15824 -5.65755 301.529
5.15708 -5.66029 301.269
5.1575 -5.66773 301.29
5.15835 -5.66509 301.342
5.15885 -5.66599 301.493
5.15849 -5.66825 301.28
5.16148 -5.66887 301.408
5.16112 -5.66364 301.359
5.1587 -5.66734 301.473
5.15902 -5.659 301.424
5.15783 -5.66059 301.462
5.15714 -5.67237 301.514
5.15792 -5.66182 301.36
5.15624 -5.66066 301.281
5.15567 -5.66144 301.246
5.15855 -5.65811 301.275
5.15511 -5.66001 301.162
5.15399 -5.6644 301.484
5.15537 -5.6732 301.509
5.15802 -5.66817 301.418
5.15676 -5.66174 301.386
5.15594 -5.66098 301.387
5.15577 -5.66394 301.49
5.15766 -5.65721 301.404
5.16003 -5.65229 301.282
5.15853 -5.65854 301.343
5.15645 -5.67136 301.537
5.15261 -5.66234 301.406
5.15727 -5.65856 301.467
5.15895 -5.66316 301.414
5.15517 -5.67089 301.463
5.15722 -5.66496 301.325
5.15828 -5.6567 301.218
5.15676 -5.65454 301.044
5.15425 -5.66555 301.324
5.15528 -5.66548 301.276
5.15376 -5.66332 301.372
5.15554 -5.66416 301.257
5.15792 -5.6656 301.468
5.15649 -5.66269 301.426
5.15281 -5.67191 301.655
5.15771 -5.66765 301.436
5.15314 -5.66594 301.624
5.15316 -5.66677 301.568
5.15697 -5.66651 301.436
5.1572 -5.66134 301.406
5.15759 -5.66108 301.453
5.15587 -5.66655 301.286
5.15504 -5.67229 301.164
5.15628 -5.66339 301.357
5.15517 -5.65583 301.357
5.15857 -5.6651 301.24
5.15416 -5.66613 301.441
5.15474 -5.66351 301.316
5.15926 -5.66067 301.18
5.15573 -5.66453 301.205
5.14969 -5.66741 301.295
5.15709 -5.65944 301.24
5.15703 -5.66405 301.316
5.15548 -5.66756 301.392
5.15382 -5.67116 301.472
5.15505 -5.66098 301.401
5.15281 -5.6618 301.488
5.1563 -5.66002 301.285
5.1573 -5.65633 301.116
5.15478 -5.65476 301.388
5.15212 -5.66037 301.615
5.15455 -5.66164 301.452
5.15425 -5.66847 301.505
5.15286 -5.66872 301.43
5.15517 -5.66545 301.514
5.1556 -5.66893 301.592
5.15648 -5.65549 301.366
5.15799 -5.66048 301.379
5.15429 -5.65696 301.365
5.15782 -5.65499 301.258
5.15683 -5.65338 301.171
5.15411 -5.66513 301.348
5.1568 -5.66822 301.409
5.15732 -5.66066 301.223
5.15683 -5.66292 301.398
5.15682 -5.65531 301.29
5.14989 -5.662 301.487
5.15156 -5.66126 301.445
5.15262 -5.66607 301.495
5.15514 -5.65902 301.475
5.15816 -5.65768 301.412
5.15947 -5.65614 301.292
5.16019 -5.65987 301.268
5.1603 -5.6604 301.407
5.15761 -5.66492 301.455
5.1588 -5.65923 301.245
5.15633 -5.67592 301.338
5.15726 -5.66569 301.395
5.15504 -5.6633 301.339
5.15843 -5.65252 301.324
5.16037 -5.65378 301.392
5.15766 -5.66117 301.493
5.15575 -5.65965 301.569
5.15674 -5.66086 301.286
5.15557 -5.66453 301.424
5.15949 -5.66116 301.452
5.1562 -5.6631 301.528
5.15652 -5.66016 301.312
5.16035 -5.65487 301.482
5.15755 -5.6537 301.478
5.1608 -5.64831 301.368
5.15678 -5.65764 301.414
5.15398 -5.66267 301.443
5.15574 -5.66049 301.592
5.15316 -5.66286 301.575
5.15371 -5.66875 301.58
5.15594 -5.67289 301.551
5.15532 -5.67137 301.399
5.15318 -5.66953 301.579
5.15677 -5.66016 301.337
5.15855 -5.65451 301.3
5.15873 -5.65788 301.333
5.15562 -5.65849 301.344
5.15721 -5.66015 301.37
5.15603 -5.6719 301.551
5.15758 -5.66168 301.506
5.15897 -5.66927 301.58
5.15829 -5.66027 301.335
5.15552 -5.65141 301.13
5.15639 -5.66574 301.232
5.15532 -5.6788 301.599
5.15566 -5.67556 301.586
5.15725 -5.66822 301.48
5.15902 -5.67435 301.645
5.15384 -5.66518 301.417
5.15726 -5.66366 301.519
5.15823 -5.66292 301.483
5.1578 -5.66072 301.326
5.16105 -5.65866 301.137
5.15561 -5.65656 301.201
5.15468 -5.6572 301.308
5.15613 -5.65572 301.35
5.15687 -5.66565 301.291
5.1558 -5.6724 301.371
5.1554 -5.67277 301.471
5.15573 -5.66546 301.247
5.15126 -5.67329 301.359
5.15651 -5.66595 301.523
5.1601 -5.66535 301.604
5.15944 -5.67158 301.478
5.15753 -5.67144 301.494
5.15587 -5.66618 301.452
5.15257 -5.66183 301.365
5.16065 -5.66569 301.399
5.15776 -5.66887 301.476
5.1551 -5.66819 301.532
5.15572 -5.66427 301.525
5.15751 -5.6668 301.525
5.15321 -5.67177 301.633
5.15565 -5.66787 301.664
5.15264 -5.67063 301.586
5.15468 -5.66574 301.511
5.15806 -5.66585 301.314
5.15791 -5.66465 301.406
5.157 -5.65746 301.367
5.15349 -5.6653 301.533
5.15276 -5.67545 301.626
5.15715 -5.66843 301.492
5.1569 -5.65896 301.413
5.15759 -5.66435 301.564
5.16035 -5.66127 301.658
5.15855 -5.65974 301.573
5.15755 -5.6604 301.579
5.15657 -5.66491 301.504
5.15951 -5.66808 301.272
5.16037 -5.66199 301.419
5.15564 -5.67102 301.502
5.15504 -5.65901 301.302
5.15039 -5.65147 301.226
5.16509 -5.66355 301.387
5.1796 -5.66508 301.549
5.18172 -5.65858 301.434
5.18035 -5.65764 301.464
5.17678 -5.65809 301.142
5.18298 -5.66844 301.489
5.18966 -5.67352 301.823
5.20671 -5.67119 301.68
5.21798 -5.67219 301.47
5.23295 -5.67322 301.461
5.26105 -5.70042 302.272
5.31762 -5.67525 301.544
5.38858 -5.67216 301.812
5.4252 -5.6682 302.051
5.47378 -5.68086 301.783
5.52768 -5.67491 301.53
5.58482 -5.68966 302.413
5.68097 -5.69114 302.642
5.71959 -5.70795 302.936
5.88059 -5.69991 303.439
5.95561 -5.69708 303.24
6.11955 -5.68731 302.948
6.20777 -5.66799 301.476
6.24378 -5.6814 302.251
6.2691 -5.67824 302.116
6.29462 -5.67488 301.924
6.31322 -5.66821 301.795
6.34475 -5.66878 301.429
6.35889 -5.66831 301.529
6.36664 -5.66871 301.601
6.38768 -5.6679 301.478
6.40507 -5.665 301.472
6.46943 -5.68469 302.563
6.50906 -5.67848 302.517
6.55732 -5.66165 301.461
6.71442 -5.69589 303.323
6.81422 -5.70113 303.695
7.07849 -5.71175 304.306
7.22396 -5.73663 305.216
7.49273 -5.71148 304.289
7.733 -5.69783 303.556
7.90306 -5.70111 303.278
7.98847 -5.66812 301.238
8.09575 -5.67907 302.462
8.1849 -5.6863 302.603
8.2563 -5.66588 302.071
8.30326 -5.64054 300.702
8.40251 -5.66978 302.335
8.48236 -5.67089 302.613
8.53452 -5.65157 302.127
8.57644 -5.66347 302.03
8.69803 -5.68349 302.687
8.78528 -5.64426 300.845
9.02619 -5.63764 300.761
9.26003 -5.70296 303.855
9.46239 -5.75022 306.995
9.63206 -5.68815 304.162
9.93759 -5.69197 304.054
10.1808 -5.65784 302.966
10.3648 -5.67532 302.982
10.4596 -5.67784 303.237
10.5128 -5.63568 301.273
10.5563 -5.64491 301.696
10.5699 -5.64185 301.473
10.5809 -5.63537 301.33
10.5915 -5.6334 301.179
10.6421 -5.62928 301.663
10.7253 -5.65929 302.289
10.776 -5.6578 302.296
10.8082 -5.63716 301.822
10.8473 -5.63515 301.48
10.8962 -5.65565 302.025
10.9712 -5.63897 301.514
11.0243 -5.63951 301.65
11.1053 -5.64961 302.346
11.2581 -5.65809 302.867
11.379 -5.66667 302.718
11.4179 -5.6242 301.046
11.4463 -5.63986 301.401
11.4873 -5.65611 302.022
11.6002 -5.65463 303.022
11.7019 -5.65207 302.173
11.7742 -5.66308 302.626
11.797 -5.64194 301.776
11.8316 -5.64863 302.204
11.9102 -5.6481 302.487
11.929 -5.64587 302.072
11.9514 -5.64024 302.075
12.0014 -5.6318 301.399
12.0918 -5.65027 302.204
12.1338 -5.62056 301.426
12.2053 -5.64104 302.134
12.2575 -5.65234 301.998
12.3504 -5.63807 302.117
12.403 -5.6272 302.204
12.5079 -5.64668 302.597
12.53 -5.62218 301.317
12.6582 -5.64408 302.657
12.9613 -5.64946 303.91
13.3278 -5.67076 304.532
13.6342 -5.65141 303.923
13.8505 -5.64153 302.851
13.9157 -5.58741 300.527
13.9811 -5.5983 300.264
14.1202 -5.64818 302.568
14.201 -5.63285 302.286
14.2294 -5.6197 301.957
14.2567 -5.60424 301.194
14.2772 -5.59385 300.95
14.2922 -5.59305 300.794
14.3399 -5.61323 301.416
14.3811 -5.62294 301.749
14.3847 -5.62115 301.531
14.3918 -5.61844 301.382
14.3977 -5.62075 301.542
14.4038 -5.61858 301.66
14.4259 -5.60597 301.458
14.4485 -5.61647 301.202
14.5019 -5.62835 301.835
14.538 -5.62856 301.966
14.5732 -5.62118 301.81
14.661 -5.62885 301.961
14.7085 -5.63054 302.347
14.7667 -5.63747 302.181
14.7648 -5.6326 301.745
14.7569 -5.61956 301.367
14.7626 -5.62074 301.553
14.7621 -5.61863 301.559
14.763 -5.62664 301.576
14.7613 -5.62197 301.51
14.7636 -5.62589 301.644
14.7703 -5.62565 301.756
14.7657 -5.62552 301.695
14.7625 -5.6258 301.637
14.7626 -5.62341 301.561
14.7639 -5.62883 301.661
14.7691 -5.62768 301.968
14.7681 -5.62393 301.793
14.7643 -5.62477 301.619
14.7584 -5.61603 301.43
14.759 -5.62197 301.502
14.7592 -5.63474 301.62
14.7599 -5.62456 301.561
14.7563 -5.61458 301.312
14.7581 -5.6251 301.501
14.7599 -5.62448 301.571
14.7615 -5.62856 301.548
14.7613 -5.62785 301.549
14.7633 -5.63333 301.646
14.7588 -5.62946 301.489
14.7647 -5.63047 301.606
14.7631 -5.62406 301.697
14.7575 -5.62082 301.458
14.7524 -5.62106 301.378
14.7577 -5.6241 301.533
14.7558 -5.62593 301.527
14.7602 -5.62758 301.53
14.7613 -5.62079 301.495
14.763 -5.6197 301.553
14.7688 -5.6301 301.685
14.7621 -5.62535 301.546
14.7606 -5.6291 301.596
14.755 -5.62338 301.471
14.7498 -5.62095 301.266
14.7592 -5.624 301.471
14.7615 -5.62381 301.532
14.7625 -5.6226 301.537
14.7608 -5.62578 301.415
14.761 -5.62346 301.449
14.7656 -5.63148 301.733
14.7587 -5.62526 301.465
14.7586 -5.61932 301.459
14.7563 -5.61934 301.485
14.7609 -5.61916 301.448
14.7586 -5.62138 301.434
14.7615 -5.62416 301.499
14.7583 -5.62363 301.428
14.756 -5.62642 301.451
14.7554 -5.62321 301.417
14.7605 -5.63555 301.591
14.7606 -5.62739 301.501
14.7597 -5.62296 301.449
14.7627 -5.63251 301.61
14.7616 -5.62908 301.548
14.7668 -5.63316 301.688
14.7596 -5.631 301.491
14.7644 -5.63779 301.707
14.771 -5.634 301.803
14.7603 -5.61898 301.484
14.767 -5.62052 301.704
14.7642 -5.61775 301.454
14.7631 -5.62992 301.607
14.7639 -5.62748 301.595
14.7653 -5.62966 301.683
14.7671 -5.62609 301.71
14.7604 -5.612 301.471
14.7634 -5.62373 301.609
14.7631 -5.63584 301.659
14.758 -5.62935 301.505
14.7542 -5.62822 301.4
14.7611 -5.62388 301.599
14.7639 -5.63312 301.68
14.7656 -5.6267 301.595
14.766 -5.6252 301.538
14.764 -5.63335 301.536
14.7647 -5.6334 301.664
14.7636 -5.62652 301.567
14.763 -5.62544 301.551
14.7653 -5.62873 301.569
14.7596 -5.62376 301.425
14.7635 -5.627 301.515
14.7668 -5.63423 301.575
14.7638 -5.63103 301.542
14.7689 -5.63117 301.622
14.7651 -5.62313 301.493
14.7619 -5.62096 301.467
14.7678 -5.62714 301.669
14.7712 -5.6314 301.684
14.7652 -5.62753 301.691
14.7554 -5.62464 301.434
14.7649 -5.63044 301.615
14.768 -5.62673 301.625
14.7628 -5.62761 301.541
14.7672 -5.63688 301.65
14.764 -5.62738 301.533
14.7562 -5.62252 301.408
14.7639 -5.62997 301.505
14.7717 -5.62433 301.578
14.7679 -5.6281 301.601
14.765 -5.63253 301.601
14.7685 -5.62897 301.666
14.7677 -5.62225 301.663
14.7703 -5.62149 301.709
14.7699 -5.626 301.767
14.767 -5.63241 301.746
14.756 -5.62907 301.417
14.7586 -5.62407 301.437
14.7643 -5.63261 301.614
14.7648 -5.6314 301.566
14.7618 -5.62567 301.583
14.7679 -5.62338 301.558
14.7659 -5.63134 301.576
14.762 -5.62869 301.532
14.7647 -5.62939 301.654
14.7608 -5.62702 301.545
14.7635 -5.63561 301.626
14.7641 -5.63178 301.545
14.7596 -5.63159 301.524
14.7613 -5.63498 301.623
14.7651 -5.63558 301.674
14.7671 -5.6326 301.622
14.7623 -5.62348 301.498
14.7665 -5.62745 301.591
14.7578 -5.62773 301.493
14.7559 -5.62612 301.41
14.754 -5.62404 301.391
14.7586 -5.61981 301.348
14.761 -5.62864 301.516
14.7601 -5.62438 301.416
14.7715 -5.63534 301.711
14.7652 -5.62541 301.573
14.7596 -5.62835 301.501
14.7646 -5.63235 301.594
14.7602 -5.62368 301.469
14.7657 -5.63274 301.705
14.7651 -5.63086 301.766
14.7643 -5.62439 301.584
14.7675 -5.62526 301.676
14.7692 -5.62943 301.757
14.7631 -5.62882 301.588
14.7653 -5.62833 301.631
14.7673 -5.6254 301.594
14.7647 -5.62763 301.548
14.7674 -5.63216 301.623
14.7682 -5.62534 301.573
14.7623 -5.63207 301.558
14.7571 -5.62929 301.407
14.763 -5.63054 301.496
14.7651 -5.62583 301.56
14.7681 -5.62707 301.661
14.7617 -5.62945 301.544
14.7611 -5.631 301.493
14.7625 -5.63264 301.595
14.7661 -5.64148 301.626
14.7654 -5.63712 301.515
14.7678 -5.63374 301.646
14.7627 -5.62179 301.393
14.7552 -5.6155 301.196
14.7677 -5.62464 301.636
14.7696 -5.631 301.647
14.7652 -5.62192 301.472
14.7653 -5.61963 301.51
14.7743 -5.62492 301.65
14.7611 -5.63725 301.482
14.765 -5.63361 301.499
14.7648 -5.62807 301.418
14.7624 -5.6239 301.495
14.7636 -5.63347 301.622
14.7633 -5.63375 301.511
14.7561 -5.63004 301.3
14.7579 -5.62564 301.383
14.7633 -5.63272 301.718
14.7574 -5.62811 301.509
14.7535 -5.63459 301.548
14.7533 -5.63014 301.444
14.7535 -5.62904 301.492
14.7562 -5.62888 301.539
14.7618 -5.62976 301.605
14.7602 -5.62717 301.62
14.7645 -5.63213 301.654
14.7573 -5.62552 301.567
14.7663 -5.62632 301.807
14.7665 -5.63674 301.734
14.7655 -5.63455 301.678
14.7609 -5.6336 301.633
14.7567 -5.63198 301.568
14.7613 -5.63329 301.627
14.7626 -5.63142 301.616
14.7541 -5.62743 301.414
14.7552 -5.62698 301.526
14.7593 -5.62213 301.591
14.764 -5.61477 301.676
14.763 -5.62256 301.692
14.7591 -5.62798 301.563
14.7628 -5.63052 301.647
14.76 -5.63385 301.55
14.7624 -5.63256 301.577
14.761 -5.62122 301.461
14.7645 -5.62285 301.567
14.7657 -5.62514 301.616
14.7632 -5.62251 301.581
14.7602 -5.61988 301.567
14.7633 -5.62558 301.581
14.7615 -5.62477 301.503
14.7581 -5.6259 301.542
14.7535 -5.62913 301.436
14.7534 -5.62367 301.393
14.7631 -5.62416 301.72
14.761 -5.6276 301.485
14.764 -5.62439 301.646
14.7595 -5.62707 301.488
14.7547 -5.62473 301.458
14.7629 -5.62499 301.5
14.7682 -5.62798 301.606
14.7594 -5.62654 301.444
14.7594 -5.62285 301.433
14.7574 -5.62419 301.471
14.7592 -5.62151 301.515
14.7652 -5.63047 301.658
14.7664 -5.63386 301.647
14.7648 -5.63544 301.644
14.7633 -5.63416 301.568
14.764 -5.6339 301.665
14.7501 -5.62444 301.218
14.7562 -5.62428 301.388
14.7627 -5.62947 301.526
14.7589 -5.62497 301.403
14.7679 -5.62766 301.661
14.7679 -5.6332 301.773
14.7674 -5.62855 301.808
14.7698 -5.64233 301.834
14.766 -5.63524 301.797
14.7672 -5.63316 301.775
14.7642 -5.63015 301.648
14.7627 -5.6261 301.51
14.7675 -5.63119 301.69
14.7634 -5.63459 301.64
14.7629 -5.63582 301.614
14.7615 -5.62993 301.602
14.7607 -5.62721 301.572
14.7638 -5.6432 301.691
14.7619 -5.63629 301.676
14.7623 -5.63374 301.642
14.7615 -5.63272 301.601
14.7543 -5.63112 301.413
14.7598 -5.6353 301.577
14.762 -5.62535 301.58
14.7614 -5.62553 301.538
14.7594 -5.62775 301.438
14.7596 -5.63055 301.535
14.7628 -5.62491 301.511
14.7588 -5.63136 301.588
14.76 -5.63966 301.579
14.7597 -5.63894 301.584
14.7611 -5.63302 301.562
14.7556 -5.62986 301.415
14.755 -5.63526 301.471
14.7614 -5.64038 301.689
14.7575 -5.6213 301.452
14.759 -5.62804 301.551
14.7676 -5.63285 301.738
14.7649 -5.63034 301.684
14.7702 -5.63266 301.738
14.7576 -5.6315 301.592
14.7706 -5.63546 301.82
14.7687 -5.63293 301.847
14.7663 -5.63442 301.747
14.7581 -5.62676 301.599
14.7639 -5.61823 301.613
14.7685 -5.62468 301.748
14.7648 -5.62603 301.576
14.7674 -5.63157 301.644
14.7676 -5.63582 301.659
14.761 -5.63465 301.533
14.7608 -5.62879 301.579
14.7655 -5.62686 301.699
14.7774 -5.64434 301.955
14.8011 -5.6078 300.855
14.8935 -5.60653 301.442
14.9873 -5.62519 302.203
15.0652 -5.62234 301.885
15.1041 -5.61439 301.529
15.1351 -5.61953 301.66
15.1496 -5.60912 301.143
15.1593 -5.60273 300.898
15.1728 -5.60106 300.875
15.1795 -5.59867 300.979
15.179 -5.59149 300.965
15.1849 -5.6056 301.023
15.1941 -5.61303 301.178
15.2199 -5.6148 301.409
15.2581 -5.61855 301.82
15.2878 -5.61816 301.722
15.32 -5.62196 301.958
15.3881 -5.63478 302.171
15.4206 -5.59168 301.325
15.4593 -5.60154 301.525
15.5338 -5.61341 301.91
15.6781 -5.65319 302.924
15.8798 -5.64334 303.274
15.9677 -5.58245 299.989
16.3323 -5.66316 304.241
16.4842 -5.63176 303.888
16.7566 -5.63374 303.826
16.8433 -5.63608 303.368
16.9691 -5.58868 301.261
17.0861 -5.62351 302.24
17.1364 -5.59771 301.352
17.1472 -5.5948 301.143
17.1585 -5.59501 301.133
17.1791 -5.5934 301.228
17.1983 -5.59306 301.295
17.2982 -5.61788 302.389
17.3842 -5.62305 302.625
17.473 -5.59939 301.702
17.5704 -5.61091 302.092
17.646 -5.6167 302.165
17.7202 -5.59992 301.929
17.7522 -5.58951 301.692
17.7731 -5.578 300.817
17.8929 -5.61035 302.287
18.0784 -5.62024 302.952
18.2799 -5.65258 303.368
18.4044 -5.60441 302.409
18.4624 -5.61341 302.274
18.4762 -5.58595 300.716
18.5629 -5.59702 301.566
18.5887 -5.58398 301.345
18.6008 -5.59017 301.407
18.6148 -5.59363 301.4
18.6374 -5.59853 301.535
18.7479 -5.61856 302.511
18.7636 -5.60712 301.937
18.7655 -5.58513 301.092
18.7941 -5.58241 301.084
18.8348 -5.57914 301.261
18.9239 -5.59221 302.056
18.9756 -5.599 301.831
19.0162 -5.60235 301.931
19.0415 -5.60993 301.886
19.1162 -5.62938 303.001
19.1729 -5.59284 301.825
19.2295 -5.58796 301.952
19.3243 -5.60315 302.17
19.3729 -5.58849 301.92
19.4415 -5.59067 301.678
19.4868 -5.59425 301.925
19.503 -5.58334 300.968
19.623 -5.55822 300.579
19.7839 -5.57493 300.954
19.9143 -5.60101 302.42
19.9334 -5.59318 301.762
19.9302 -5.58893 301.34
19.9291 -5.57786 301.198
19.9396 -5.57295 301.291
19.9435 -5.55989 300.699
20.063 -5.5801 301.969
20.1122 -5.5933 301.39
20.175 -5.61011 302.019
20.2163 -5.61109 302.253
20.2514 -5.58141 301.884
20.3173 -5.58411 301.8
20.402 -5.58923 302.01
20.4302 -5.59459 301.476
20.4712 -5.58493 301.494
20.5379 -5.57943 301.882
20.5547 -5.5748 301.356
20.5589 -5.57244 301.027
20.5858 -5.56933 301.206
20.6715 -5.5866 302.072
20.7254 -5.59678 302.442
20.7896 -5.60231 302.245
20.8383 -5.5794 302.154
20.9083 -5.58278 301.894
20.9768 -5.57327 301.542
21.0372 -5.58328 301.723
21.0485 -5.58451 301.555
21.0747 -5.58746 301.687
21.1446 -5.58947 301.781
21.1672 -5.56384 300.975
21.2773 -5.58834 302.024
21.2852 -5.57973 301.588
21.2987 -5.57301 301.661
21.3378 -5.59705 302.077
21.3848 -5.54496 300.615
21.5281 -5.57179 301.379
21.5972 -5.57432 301.608
21.6628 -5.59327 302.013
21.6779 -5.58078 301.806
21.6832 -5.56267 301.289
21.6951 -5.56321 301.408
21.6954 -5.5524 301.311
21.7059 -5.54543 301.13
21.7043 -5.54951 300.797
21.7459 -5.55372 301.233
21.7648 -5.55499 301.397
21.7973 -5.56475 301.647
21.8409 -5.57271 301.998
21.8581 -5.56814 301.061
21.9249 -5.54842 300.842
22.0003 -5.56702 301.425
22.0207 -5.56345 301.186
22.0165 -5.56371 301.111
22.0102 -5.56112 301.074
22.0099 -5.56201 300.976
22.0186 -5.55497 301.174
22.0149 -5.55965 301.139
22.0116 -5.55829 301.003
22.0063 -5.55252 300.888
22.0155 -5.55153 301.015
22.0422 -5.56325 301.159
22.0721 -5.57038 301.399
22.0764 -5.57438 301.433
22.0783 -5.57728 301.415
22.0886 -5.57758 301.626
22.0918 -5.57558 301.697
22.1322 -5.59198 301.979
22.1536 -5.59606 301.934
22.1398 -5.5905 301.754
22.1321 -5.58297 301.658
22.117 -5.57708 301.402
22.1217 -5.57615 301.35
22.1745 -5.59719 301.952
22.1758 -5.58563 301.657
22.1731 -5.58754 301.554
22.1829 -5.58032 301.528
22.1858 -5.57816 301.531
22.1815 -5.57328 301.337
22.2093 -5.56739 301.376
22.2358 -5.5649 301.382
22.2335 -5.56068 301.318
22.2275 -5.55734 301.224
22.2344 -5.56034 301.254
22.2359 -5.55704 301.148
22.2623 -5.5583 301.325
22.2504 -5.5525 300.981
22.2441 -5.54808 300.921
22.2816 -5.55807 301.487
22.3265 -5.57314 301.623
22.4966 -5.59553 302.867
22.4739 -5.57297 301.607
22.4987 -5.58323 301.716
22.4959 -5.57499 301.563
22.4962 -5.56186 301.389
22.496 -5.57087 301.385
22.5053 -5.56628 301.445
22.5077 -5.56445 301.456
22.5138 -5.57639 301.586
22.5046 -5.56371 301.34
22.5116 -5.56064 301.399
22.5135 -5.56684 301.456
22.5241 -5.56691 301.517
22.5329 -5.55797 301.408
22.5483 -5.56046 301.419
22.559 -5.55315 301.18
22.5771 -5.56279 301.16
22.5934 -5.55804 301.128
22.6183 -5.55746 301.311
22.6578 -5.56364 301.509
22.68 -5.56575 301.536
22.6803 -5.56741 301.482
22.6816 -5.56679 301.439
22.7081 -5.58203 301.725
22.7477 -5.58452 301.944
22.8295 -5.59681 302.382
22.7995 -5.55338 300.939
22.9257 -5.5747 301.927
22.968 -5.57974 301.806
22.9668 -5.57188 301.643
22.97 -5.5721 301.596
22.9724 -5.58105 301.672
22.9615 -5.58457 301.53
22.9693 -5.58372 301.647
22.9651 -5.57874 301.592
22.9696 -5.58073 301.598
22.9675 -5.57826 301.545
22.9834 -5.58151 301.569
22.993 -5.58987 301.431
23.0813 -5.58886 301.926
23.0936 -5.56102 301.346
23.0979 -5.56087 301.282
23.1004 -5.55702 301.246
23.1152 -5.55959 301.27
23.1289 -5.56565 301.35
23.1756 -5.55898 301.351
23.2593 -5.56765 301.931
23.2596 -5.5662 301.722
23.2621 -5.57476 301.693
23.2864 -5.56903 301.754
23.3318 -5.58484 301.933
23.3519 -5.57362 301.514
23.3693 -5.55529 301.169
23.3715 -5.55174 301.16
23.3765 -5.56052 301.268
23.3692 -5.55234 301.069
23.384 -5.55995 301.337
23.383 -5.5601 301.269
23.3814 -5.55989 301.23
23.3771 -5.55412 301.121
23.3986 -5.55946 301.461
23.3999 -5.56156 301.407
23.4057 -5.56877 301.394
23.3967 -5.55665 300.932
23.3923 -5.54486 300.556
23.4219 -5.55227 300.859
23.435 -5.54825 300.898
23.4597 -5.55612 301.188
23.4753 -5.56092 301.381
23.5248 -5.56941 301.609
23.557 -5.57878 301.684
23.5815 -5.57793 301.754
23.5919 -5.58617 301.733
23.5881 -5.58174 301.724
23.5875 -5.57642 301.604
23.5933 -5.57931 301.698
23.6013 -5.58095 301.759
23.6122 -5.58168 301.769
23.6502 -5.58066 301.906
23.6775 -5.57606 301.85
23.6973 -5.57045 301.761
23.6887 -5.55951 301.225
23.6885 -5.54357 300.77
23.6959 -5.54882 300.922
23.6943 -5.55533 300.959
23.6988 -5.55835 301.043
23.6898 -5.55631 300.852
23.697 -5.55175 300.963
23.7086 -5.55151 301.17
23.7036 -5.55789 301.084
23.7098 -5.55272 301.197
23.6967 -5.54544 300.965
23.6963 -5.55385 301.006
23.6953 -5.54672 300.911
23.6969 -5.54388 300.921
23.6857 -5.54474 300.759
23.6969 -5.55738 300.989
23.6951 -5.55051 300.946
23.6958 -5.54528 300.924
23.7014 -5.55505 301.017
23.7009 -5.5486 301.042
23.6988 -5.5486 301.059
23.6932 -5.54664 300.981
23.6822 -5.53754 300.705
23.6953 -5.54978 300.935
23.6904 -5.54762 300.825
23.7031 -5.54812 301.031
23.7027 -5.55303 301.008
23.6823 -5.55229 300.781
23.6873 -5.5497 300.782
23.6924 -5.5518 300.949
23.6862 -5.54222 300.894
23.6991 -5.54811 300.967
23.6876 -5.5424 300.803
23.6864 -5.54461 300.841
23.687 -5.54318 300.849
23.6841 -5.54308 300.841
23.6908 -5.54329 300.882
23.7016 -5.54868 301.046
23.6957 -5.54867 301.027
23.6977 -5.54402 301.081
23.7006 -5.54751 301.064
23.6859 -5.54457 300.836
23.6811 -5.54529 300.761
23.6769 -5.55505 300.673
23.6873 -5.54625 300.822
23.7103 -5.55109 301.241
23.7002 -5.55132 301.032
23.6831 -5.54971 300.765
23.6913 -5.55212 300.883
23.6881 -5.54885 300.849
23.6929 -5.54974 300.961
23.6922 -5.5498 300.952
23.7005 -5.5569 301.102
23.6732 -5.54203 300.712
23.6942 -5.55484 300.995
23.6931 -5.55173 300.905
23.6839 -5.54337 300.838
23.6928 -5.55062 300.966
23.6925 -5.547 300.962
23.6966 -5.54951 301.058
23.7037 -5.54997 301.064
23.7014 -5.54789 301.012
23.6987 -5.55103 301.057
23.6987 -5.54399 300.989
23.7019 -5.5502 301.089
23.6982 -5.55739 301.067
23.6971 -5.55544 300.96
23.7073 -5.55734 301.153
23.7067 -5.55295 301.136
23.7065 -5.54728 301.107
23.7021 -5.5463 301.067
23.6973 -5.5473 301.043
23.6982 -5.54712 301.028
23.6876 -5.53984 300.825
23.6894 -5.54343 300.911
23.6948 -5.55037 300.988
23.696 -5.54653 301.013
23.6907 -5.54752 300.955
23.7116 -5.5486 301.176
23.7082 -5.54214 301.123
23.7063 -5.54218 301.061
23.7071 -5.55099 301.116
23.7067 -5.54825 301.115
23.7047 -5.54356 301.115
23.7064 -5.54983 301.158
23.694 -5.54389 300.905
23.6946 -5.55327 300.941
23.6968 -5.55185 300.951
23.6997 -5.55629 301.034
23.6901 -5.55897 300.884
23.6907 -5.54993 300.849
23.6966 -5.56135 301.03
23.692 -5.55575 300.915
23.6936 -5.55172 300.963
23.7042 -5.55748 301.128
23.6987 -5.5545 301.019
23.6981 -5.5473 300.987
23.6982 -5.54536 301.015
23.7012 -5.54542 301.046
23.6955 -5.54975 300.969
23.6962 -5.55168 300.993
23.6948 -5.5557 300.987
23.6917 -5.54762 300.952
23.6949 -5.54682 300.915
23.6958 -5.54618 300.95
23.6898 -5.53838 300.843
23.6994 -5.5433 300.991
23.6939 -5.54232 300.994
23.7012 -5.54972 301.053
23.7003 -5.55075 301.085
23.6987 -5.54342 301.017
23.7056 -5.54485 301.127
23.7109 -5.54664 301.169
23.7009 -5.55328 301.064
23.695 -5.54813 300.99
23.6794 -5.54601 300.763
23.7052 -5.55017 301.101
23.6949 -5.55285 301.023
23.7009 -5.55311 301.131
23.6964 -5.53678 301.023
23.6925 -5.5445 300.916
23.6927 -5.54869 300.909
23.6903 -5.54096 300.899
23.689 -5.53729 300.892
23.695 -5.54913 301.014
23.6945 -5.54494 301.027
23.7024 -5.545 301.075
23.71 -5.55508 301.224
23.7031 -5.55257 301.091
23.6915 -5.5468 300.853
23.6904 -5.54192 300.861
23.6952 -5.55056 301.014
23.6883 -5.54283 300.842
23.688 -5.55034 300.893
23.6971 -5.54694 301
23.6972 -5.55094 301.047
23.7036 -5.55266 301.098
23.6982 -5.55093 301.046
23.6919 -5.5455 300.942
23.6996 -5.55116 301.052
23.6983 -5.54912 301.016
23.7028 -5.55265 301.126
23.7049 -5.54984 301.12
23.7053 -5.55439 301.105
23.7019 -5.549 301.082
23.6966 -5.55016 301.011
23.6937 -5.54988 300.945
23.6958 -5.5525 300.989
23.6952 -5.55411 300.995
23.6949 -5.5455 300.871
23.6999 -5.54979 301.008
23.7036 -5.54531 301.042
23.6976 -5.54832 300.954
23.6913 -5.54975 300.914
23.7023 -5.55431 301.077
23.6867 -5.55173 300.873
23.6842 -5.54803 300.788
23.6922 -5.55346 300.949
23.6909 -5.54872 300.922
23.703 -5.55111 301.096
23.7044 -5.54681 301.1
23.6904 -5.54889 300.906
23.6939 -5.54109 300.921
23.7012 -5.54957 301.141
23.6841 -5.53871 300.769
23.6938 -5.54284 300.866
23.7029 -5.55055 301.056
23.6994 -5.55446 301.031
23.7029 -5.5534 301.037
23.6934 -5.54495 300.878
23.6981 -5.54859 300.978
23.7 -5.54535 301.039
23.7007 -5.54809 301.052
23.6928 -5.5464 300.92
23.6951 -5.54547 300.956
23.698 -5.54794 301.038
23.6774 -5.54424 300.701
23.7061 -5.54326 301.122
23.7045 -5.54949 301.085
23.7002 -5.54933 301.072
23.6912 -5.54833 300.921
23.6962 -5.55097 300.988
23.6996 -5.54382 301.062
23.6928 -5.5484 300.985
23.6816 -5.54066 300.776
23.6896 -5.55188 300.995
23.7046 -5.55384 301.138
23.7095 -5.55566 301.229
23.6942 -5.55285 300.995
23.7025 -5.55718 301.105
23.7036 -5.55291 301.128
23.7118 -5.55199 301.283
23.6914 -5.55025 300.964
23.6841 -5.55046 300.864
23.6956 -5.54687 300.952
23.689 -5.54128 300.846
23.6942 -5.55017 300.953
23.7047 -5.55125 301.083
23.6933 -5.54541 300.955
23.6927 -5.54837 300.954
23.6909 -5.54514 300.867
23.6996 -5.55054 301.043
23.6946 -5.55599 300.995
23.6984 -5.54802 301.015
23.6903 -5.55132 300.852
23.689 -5.55177 300.836
23.6994 -5.5477 300.952
23.6962 -5.55245 300.952
23.6951 -5.54535 300.906
23.6931 -5.54405 300.956
23.6979 -5.54779 300.978
23.6996 -5.54739 300.976
23.7038 -5.55419 301.114
23.7052 -5.54785 301.118
23.7028 -5.54663 301.045
23.6848 -5.54354 300.791
23.694 -5.55061 300.934
23.6892 -5.53746 300.833
23.697 -5.55058 300.98
23.7013 -5.55155 301.068
23.7007 -5.54352 301.019
23.6949 -5.5424 300.936
23.6891 -5.54339 300.836
23.6837 -5.539 300.776
23.6989 -5.5494 301.036
23.6919 -5.54219 300.946
23.6966 -5.54789 300.947
23.7026 -5.55085 301.047
23.6982 -5.53966 300.92
23.7152 -5.54666 301.163
23.7182 -5.55475 301.324
23.7043 -5.54828 301.062
23.7072 -5.55128 301.11
23.7073 -5.54744 301.119
23.7067 -5.55017 301.073
23.7037 -5.55534 301.11
23.6958 -5.55352 300.968
23.6875 -5.54381 300.834
23.6952 -5.54473 300.943
23.6957 -5.55275 301.006
23.7022 -5.55196 301.075
23.6999 -5.54541 301.041
23.7032 -5.5512 301.093
23.71 -5.55742 301.215
23.703 -5.56025 301.086
23.7096 -5.55802 301.232
23.7008 -5.54684 301.065
23.7016 -5.54985 301.052
23.6974 -5.55203 301.04
23.6987 -5.54961 301.008
23.7041 -5.55186 301.104
23.7009 -5.54645 301.063
23.713 -5.5538 301.261
23.7075 -5.55054 301.19
23.7026 -5.55239 301.102
23.7054 -5.54661 301.112
23.7026 -5.54595 301.069
23.7027 -5.55014 301.037
23.7061 -5.54272 301.122
23.7069 -5.54724 301.141
23.7055 -5.53998 301.163
23.708 -5.55113 301.225
23.7122 -5.54722 301.184
23.7077 -5.55064 301.154
23.7068 -5.5551 301.205
23.7022 -5.55233 301.081
23.7282 -5.56115 301.417
23.8368 -5.57661 301.333
23.9121 -5.58515 302.002
23.8889 -5.57461 301.28
23.9514 -5.59417 301.823
23.9803 -5.56106 301.598
24.0256 -5.57359 301.783
24.0999 -5.56835 301.856
24.1281 -5.57876 301.822
24.1438 -5.59031 301.862
24.1366 -5.58568 301.684
24.1424 -5.58692 301.713
24.171 -5.58355 301.866
24.2351 -5.58759 302.142
24.2429 -5.56301 301.509
24.2463 -5.54898 301.059
24.2874 -5.5632 301.428
24.3109 -5.55818 301.299
24.3357 -5.56266 301.36
24.3416 -5.55648 301.173
24.407 -5.5729 301.818
24.4905 -5.58905 302.385
24.5141 -5.59994 302.034
24.5464 -5.59617 301.82
24.6041 -5.57957 302.057
24.7344 -5.5834 302.437
24.866 -5.59793 302.493
24.8599 -5.54748 300.418
25.1638 -5.60959 303.192
25.2597 -5.59912 303.173
25.518 -5.6257 303.849
25.6456 -5.60563 302.851
25.6082 -5.56536 300.802
25.7 -5.57499 301.695
25.7049 -5.55468 301.361
25.7231 -5.55599 301.309
25.7307 -5.55819 301.191
25.7742 -5.5657 301.499
25.9682 -5.60511 303.459
26.0329 -5.61687 303.344
26.0694 -5.58833 302.565
26.2651 -5.6165 303.068
26.2421 -5.54191 300.611
26.423 -5.5653 301.184
26.5472 -5.59027 302.028
26.5327 -5.53895 300.619
26.611 -5.55734 301
26.7546 -5.59175 302.275
26.7525 -5.57318 301.392
26.7809 -5.56665 300.964
26.839 -5.56316 301.337
26.9027 -5.56635 301.723
26.963 -5.57472 302.059
27.0747 -5.59039 302.355
27.1386 -5.58452 301.943
27.1144 -5.54878 300.809
27.3413 -5.58924 302.504
27.4557 -5.59097 302.542
27.5153 -5.5596 301.821
27.5607 -5.57546 301.552
27.5818 -5.57649 301.579
27.5883 -5.57748 301.309
27.6915 -5.58738 302.296
27.6623 -5.54403 300.737
27.7934 -5.55901 301.341
27.839 -5.55824 301.041
27.9665 -5.55431 301.416
27.975 -5.53924 301.05
28.0646 -5.55006 301.749
28.0872 -5.56028 301.157
28.1557 -5.56044 301.363
28.2271 -5.56405 301.804
28.2757 -5.57345 302.046
28.3751 -5.55895 302.157
28.4831 -5.59637 302.79
28.4631 -5.55165 301.134
28.6308 -5.57727 302.254
28.7785 -5.58107 302.341
28.8273 -5.5651 301.992
28.8805 -5.56093 301.677
28.9001 -5.54645 301.153
28.9583 -5.5571 301.267
29.0561 -5.57874 301.929
29.0664 -5.56256 301.34
29.1256 -5.54593 301.03
29.234 -5.55534 301.404
29.2816 -5.5665 301.619
29.305 -5.55375 301.286
29.4594 -5.59102 302.434
29.5873 -5.56719 302.531
29.6742 -5.56978 302.188
29.6666 -5.55915 301.398
29.8003 -5.5627 302.05
29.9846 -5.57864 302.888
30.0812 -5.56945 302.637
30.0903 -5.54384 301.097
30.1825 -5.56359 301.597
30.2244 -5.56403 301.731
30.2367 -5.5604 301.76
30.2399 -5.55404 301.606
30.2512 -5.54992 301.658
30.2549 -5.54514 301.642
30.2875 -5.55499 301.855
30.3072 -5.54722 301.432
30.5227 -5.56944 303.331
30.4962 -5.57476 302.081
30.5449 -5.57651 302.014
30.6117 -5.55156 301.883
30.7753 -5.56978 302.794
30.8879 -5.5807 303.393
30.8351 -5.56849 302.026
30.8801 -5.55103 301.819
30.8795 -5.54613 301.029
31.0235 -5.56349 302.154
30.9903 -5.55784 301.349
31.0244 -5.56039 301.704
31.0338 -5.56358 301.704
31.0483 -5.56568 301.791
31.081 -5.56715 301.939
31.0941 -5.561 301.889
31.0808 -5.54693 301.415
31.174 -5.55505 301.99
31.3676 -5.56933 302.899
31.514 -5.57152 302.953
31.4936 -5.53555 300.718
32.0019 -5.59669 304.277
32.1824 -5.58483 303.557
32.4155 -5.58978 303.484
32.6595 -5.59011 303.624
32.8045 -5.5633 302.963
32.7413 -5.55532 301.123
32.8979 -5.55211 302.043
32.9264 -5.54266 301.425
32.9502 -5.55065 301.443
32.9419 -5.54583 301.308
32.9496 -5.53957 301.374
32.9579 -5.53616 301.468
32.9532 -5.54912 301.45
32.958 -5.54392 301.528
32.9341 -5.54091 301.322
32.9288 -5.53949 301.29
32.9161 -5.53966 301.22
32.9112 -5.53971 301.134
32.9038 -5.53466 301.069
32.9105 -5.53834 301.102
32.9258 -5.54236 301.294
32.94 -5.54263 301.364
33.0387 -5.56466 302.048
33.135 -5.57403 302.661
33.0968 -5.55857 301.857
33.0842 -5.55063 301.409
33.114 -5.55629 301.641
33.1323 -5.55847 301.751
33.1485 -5.55744 301.785
33.1572 -5.54852 301.536
33.1356 -5.5382 301.055
33.1611 -5.54482 300.924
33.2459 -5.54148 301.178
33.4064 -5.57276 302.327
33.4101 -5.54575 301.697
33.4389 -5.54742 301.539
33.5201 -5.55543 301.787
33.6259 -5.56291 302.298
33.6635 -5.55856 301.985
33.6663 -5.55304 301.797
33.6474 -5.53621 301.365
33.7717 -5.54316 302.232
33.7017 -5.53314 300.927
33.7444 -5.53238 301.14
33.7585 -5.53744 301.163
33.7524 -5.53761 301.093
33.7523 -5.53989 301.14
33.7354 -5.53056 300.968
33.7277 -5.53134 300.872
33.7524 -5.53643 301.138
33.7513 -5.53508 301.074
33.7435 -5.53053 300.987
33.7413 -5.53388 300.998
33.7695 -5.53844 301.297
33.7474 -5.53106 301.097
33.7541 -5.53543 301.117
33.7416 -5.53086 300.987
33.7544 -5.53344 301.139
33.7717 -5.53481 301.296
33.7294 -5.52249 300.838
33.7262 -5.52052 300.848
33.7384 -5.51998 300.948
33.7562 -5.53311 301.108
33.754 -5.53487 301.156
33.7409 -5.53243 301.03
33.73 -5.53306 300.914
33.7457 -5.53102 301.085
33.7396 -5.52283 301.022
33.7557 -5.52813 301.178
33.7467 -5.52957 301.045
33.7494 -5.53286 301.078
33.7428 -5.52778 301.012
33.7373 -5.53214 300.982
33.7397 -5.52938 300.983
33.7544 -5.53264 301.148
33.7442 -5.53419 301.037
33.74 -5.53864 300.993
33.7371 -5.52863 300.947
33.7366 -5.52309 300.937
33.7357 -5.52954 300.94
33.7645 -5.54028 301.26
33.7612 -5.53429 301.215
33.7543 -5.52598 301.143
33.7518 -5.52533 301.096
33.7386 -5.5238 300.971
33.75 -5.529 301.118
33.7615 -5.52889 301.206
33.7583 -5.53585 301.161
33.7527 -5.53529 301.165
33.7556 -5.53129 301.17
33.7388 -5.52946 301.012
33.7428 -5.53079 301.034
33.7372 -5.53077 300.992
33.7591 -5.5376 301.224
34.1401 -5.586 303.86
34.5315 -5.60043 304.715
34.7938 -5.58909 303.973
34.7263 -5.52893 301.386
34.8103 -5.5543 302.013
34.8064 -5.5483 301.914
34.7627 -5.53484 301.122
35.1798 -5.57821 304.196
35.0257 -5.5163 300.665
35.0984 -5.52368 300.526
35.2919 -5.54529 301.763
35.2657 -5.53627 301.533
35.271 -5.54876 301.643
35.2501 -5.53987 301.409
35.2565 -5.537 301.476
35.2626 -5.53722 301.521
35.2541 -5.54424 301.423
35.2549 -5.54244 301.465
35.2562 -5.54484 301.496
35.2543 -5.54023 301.478
35.2542 -5.53601 301.489
35.2477 -5.53669 301.364
35.2511 -5.53807 301.432
35.2515 -5.5432 301.465
35.2476 -5.54247 301.398
35.2417 -5.53413 301.32
35.2209 -5.54202 301.154
35.2505 -5.53866 301.418
35.2578 -5.54245 301.504
35.2495 -5.5379 301.438
35.2462 -5.53825 301.418
35.2504 -5.53866 301.434
35.258 -5.5498 301.518
35.2334 -5.54107 301.28
35.2289 -5.53872 301.261
35.2301 -5.53731 301.262
35.2498 -5.53876 301.452
35.2678 -5.54736 301.631
35.2611 -5.54614 301.526
35.275 -5.54734 301.691
35.2676 -5.54665 301.619
35.263 -5.54538 301.518
35.2431 -5.53597 301.343
35.2571 -5.54544 301.532
35.2418 -5.54054 301.376
35.2346 -5.53791 301.288
35.2522 -5.5383 301.503
35.2426 -5.53369 301.375
35.2583 -5.53928 301.536
35.2476 -5.53963 301.419
35.261 -5.554 301.558
35.2592 -5.54206 301.455
35.2817 -5.54258 301.568
35.2961 -5.54354 301.711
35.3067 -5.54128 301.819
35.2937 -5.54123 301.686
35.2725 -5.53856 301.491
35.2792 -5.5403 301.544
35.2878 -5.5407 301.617
35.2754 -5.53619 301.539
35.2739 -5.54015 301.545
35.2586 -5.53568 301.36
35.246 -5.53187 301.209
35.2787 -5.53987 301.551
35.288 -5.54115 301.644
35.2702 -5.54022 301.487
35.2724 -5.53851 301.509
35.2882 -5.53951 301.665
35.2953 -5.54209 301.749
35.281 -5.53908 301.602
35.292 -5.54081 301.719
35.2843 -5.53933 301.626
35.284 -5.53534 301.649
35.2918 -5.5389 301.713
35.3142 -5.54363 301.892
35.3051 -5.54356 301.809
35.2951 -5.54589 301.706
35.2938 -5.54402 301.719
35.282 -5.53849 301.628
35.291 -5.54015 301.664
35.3105 -5.54165 301.874
35.6889 -5.58843 303.813
35.599 -5.54489 301.673
35.6102 -5.54194 301.764
35.6176 -5.55045 301.814
35.6197 -5.54613 301.832
35.6112 -5.54754 301.748
35.6254 -5.54847 301.866
35.624 -5.54182 301.853
35.6294 -5.54224 301.895
35.6331 -5.5484 301.97
35.6204 -5.53995 301.806
35.6352 -5.55418 301.986
35.6334 -5.54954 301.968
35.6423 -5.55354 302.049
35.62 -5.54391 301.813
35.634 -5.54512 301.965
35.618 -5.54788 301.793
35.6196 -5.54905 301.828
35.6025 -5.54589 301.67
35.6121 -5.55099 301.716
35.6075 -5.54074 301.715
35.6268 -5.54311 301.914
35.6282 -5.54438 301.893
35.6207 -5.54149 301.805
35.6262 -5.54509 301.899
35.6173 -5.54134 301.806
35.6257 -5.55145 301.897
35.6278 -5.54287 301.892
35.6273 -5.54409 301.885
35.6226 -5.54263 301.828
35.6315 -5.54313 301.934
35.6245 -5.55126 301.9
35.6293 -5.54826 301.91
35.6226 -5.54585 301.876
35.6139 -5.53621 301.756
35.6186 -5.54417 301.822
35.6215 -5.54579 301.843
35.6262 -5.54671 301.892
35.6187 -5.54283 301.835
35.6076 -5.54132 301.742
35.6223 -5.54845 301.871
35.6299 -5.54763 301.954
35.6109 -5.54339 301.739
35.6288 -5.5531 301.94
35.6317 -5.54688 301.95
35.6175 -5.54506 301.79
35.6314 -5.54747 301.928
35.6286 -5.54871 301.947
35.6328 -5.55094 301.97
35.6189 -5.5497 301.841
35.6249 -5.54727 301.879
35.6401 -5.54981 301.996
35.6223 -5.54337 301.829
35.6132 -5.54671 301.782
35.6223 -5.54669 301.872
35.6443 -5.55133 302.074
35.6144 -5.55006 301.793
35.6077 -5.54708 301.736
35.6036 -5.55772 301.723
35.6184 -5.58543 301.929
35.6181 -5.58297 301.898
35.6045 -5.58315 301.751
35.6123 -5.58756 301.874
35.6138 -5.58995 301.903
35.6142 -5.57742 301.837
35.6281 -5.55876 301.935
35.6264 -5.55885 301.925
35.6125 -5.56176 301.807
35.6173 -5.58062 301.92
35.5979 -5.56751 301.716
35.6065 -5.56832 301.772
35.5804 -5.56881 301.578
35.59 -5.57406 301.624
35.5971 -5.56918 301.7
35.5795 -5.57242 301.565
35.5974 -5.57672 301.769
35.6037 -5.57426 301.815
35.6227 -5.57751 302.012
35.6157 -5.58024 301.982
35.6031 -5.5795 301.872
35.6558 -5.58796 302.349
35.6387 -5.57413 301.864
35.7164 -5.58914 302.287
35.6926 -5.59005 301.896
35.6461 -5.57832 301.703
35.6865 -5.60401 302.67
35.2546 -5.54744 299.967
35.0872 -5.53564 299.516
35.03 -5.55841 301.213
34.8918 -5.55749 300.422
34.7805 -5.55085 300.007
34.7456 -5.57851 301.102
34.5328 -5.55776 300.086
34.5044 -5.56094 300.799
34.4918 -5.56948 301.006
34.4564 -5.57903 301.563
34.4415 -5.58003 301.652
34.3559 -5.57038 301.049
34.2694 -5.54908 300.518
34.2517 -5.57096 301.073
34.2242 -5.57202 301.142
34.0787 -5.55945 300.19
33.9723 -5.54784 299.892
33.9619 -5.56952 300.982
33.9773 -5.57766 301.487
33.9389 -5.57104 301.198
33.9229 -5.57121 301.464
33.8713 -5.55992 301.529
33.8509 -5.55039 301.555
33.8327 -5.53205 301.413
33.8463 -5.53857 301.559
33.8541 -5.54169 301.647
33.851 -5.54326 301.633
33.8522 -5.54625 301.671
33.8316 -5.54252 301.449
33.8651 -5.55591 301.832
33.8135 -5.54482 301.345
33.7622 -5.52783 300.959
33.731 -5.52664 300.93
33.7089 -5.5294 300.983
33.711 -5.5285 301.165
33.7165 -5.53584 301.369
33.6966 -5.53458 301.386
33.6871 -5.54121 301.479
33.6368 -5.54017 301.136
33.6313 -5.54847 301.362
33.6316 -5.55424 301.547
33.6242 -5.55518 301.607
33.6158 -5.55056 301.55
33.6146 -5.55313 301.605
33.6178 -5.5544 301.696
33.6296 -5.55253 301.837
33.6323 -5.56445 301.856
33.6392 -5.56388 301.89
33.5505 -5.54528 301.149
33.4725 -5.53152 300.829
33.5039 -5.53815 301.219
33.5098 -5.53824 301.317
33.4887 -5.53592 301.158
33.481 -5.5386 301.42
33.4423 -5.53396 301.362
33.4262 -5.54259 301.523
33.4172 -5.54903 301.751
33.3562 -5.54103 301.506
33.342 -5.55363 301.557
33.3469 -5.56302 301.72
33.354 -5.5621 301.677
33.3676 -5.56355 301.786
33.3424 -5.55643 301.517
33.3449 -5.55602 301.57
33.3443 -5.55765 301.569
33.3459 -5.55813 301.593
33.2836 -5.55292 301.096
33.3034 -5.56212 301.673
33.2998 -5.56139 301.625
33.3023 -5.56394 301.668
33.2536 -5.55542 301.323
33.197 -5.55164 301.181
33.1796 -5.54378 301.084
33.1632 -5.54037 300.958
33.1531 -5.53751 300.853
33.1554 -5.53193 300.883
33.1624 -5.54306 300.985
33.1646 -5.54095 300.99
33.151 -5.53941 300.843
33.138 -5.5428 300.727
33.1426 -5.54276 300.724
33.1525 -5.54878 300.875
33.1502 -5.53106 300.825
33.1427 -5.53801 300.775
33.1583 -5.5415 300.932
33.1638 -5.54136 301
33.1564 -5.54178 300.926
33.1486 -5.53531 300.799
33.1453 -5.53633 300.764
33.1462 -5.53465 300.805
33.1609 -5.54719 300.947
33.1465 -5.53514 300.768
33.1404 -5.53493 300.749
33.154 -5.53577 300.909
33.1441 -5.53637 300.777
33.1389 -5.53065 300.72
33.1358 -5.53864 300.697
33.1504 -5.54677 300.888
33.1592 -5.54994 300.96
33.1641 -5.54466 300.988
33.1589 -5.54115 300.921
33.1526 -5.53918 300.815
33.1584 -5.54141 300.923
33.1546 -5.53942 300.892
33.1468 -5.53658 300.808
33.1355 -5.53182 300.652
33.1549 -5.53359 300.9
33.1768 -5.53806 301.146
33.1586 -5.54391 300.99
33.1425 -5.53344 300.79
33.1555 -5.5374 300.912
33.1415 -5.53566 300.78
33.146 -5.53853 300.825
33.1438 -5.53295 300.783
33.135 -5.53706 300.695
33.1468 -5.53408 300.826
33.1608 -5.54123 300.971
33.1549 -5.54362 300.888
33.146 -5.54226 300.78
33.1658 -5.5469 301.018
33.1721 -5.54714 301.115
33.1602 -5.54422 301.018
33.1684 -5.54536 301.103
33.1561 -5.53857 300.954
33.1562 -5.54794 300.956
33.1651 -5.54156 301.009
33.1557 -5.5349 300.932
33.146 -5.53227 300.866
33.1619 -5.53438 300.98
33.1706 -5.53861 301.071
33.1598 -5.54043 300.989
33.1508 -5.54651 300.893
33.1704 -5.55414 301.073
33.1582 -5.55526 300.981
33.1542 -5.54509 300.912
33.15 -5.54021 300.861
33.1686 -5.54351 301.062
33.1701 -5.54234 301.071
33.1626 -5.54055 300.953
33.1582 -5.54534 300.95
33.1556 -5.54987 300.953
33.1377 -5.53858 300.747
33.1548 -5.54164 300.858
33.1629 -5.54032 300.933
33.1409 -5.53006 300.726
33.1348 -5.53603 300.667
33.1423 -5.53818 300.737
33.1346 -5.53894 300.648
33.1432 -5.53618 300.729
33.1677 -5.5457 300.998
33.1646 -5.53844 300.926
33.1538 -5.53691 300.814
33.1606 -5.54795 300.894
33.151 -5.53977 300.807
33.1474 -5.53943 300.756
33.1496 -5.53783 300.774
33.168 -5.54578 300.98
33.1623 -5.54153 300.916
33.1589 -5.54649 300.874
33.1575 -5.53953 300.879
33.1577 -5.54085 300.853
33.1909 -5.55221 301.224
33.1457 -5.53589 300.77
33.144 -5.53333 300.748
33.1547 -5.54632 300.884
33.1621 -5.55041 300.961
33.1572 -5.54335 300.849
33.1706 -5.53873 300.961
33.1641 -5.53661 300.93
33.1575 -5.5432 300.871
33.1532 -5.53645 300.793
33.1344 -5.53113 300.596
33.1607 -5.53854 300.871
33.1679 -5.53782 300.959
33.1658 -5.54255 300.982
33.154 -5.5394 300.83
33.1448 -5.53046 300.727
33.1548 -5.53381 300.847
33.1507 -5.53009 300.775
33.1603 -5.53359 300.9
33.1684 -5.53802 300.985
33.1586 -5.54281 300.905
33.1482 -5.5405 300.82
33.1737 -5.54157 301.109
33.1506 -5.53405 300.815
33.1197 -5.52816 300.491
33.1654 -5.54152 300.957
33.1614 -5.5408 300.913
33.155 -5.54159 300.873
33.1511 -5.54438 300.864
33.1587 -5.54128 300.895
33.1697 -5.54191 300.991
33.1743 -5.53978 301.06
33.1479 -5.5354 300.793
33.1714 -5.53757 301.012
33.1789 -5.53739 301.091
33.1711 -5.54328 300.997
33.1772 -5.53915 301.049
33.164 -5.53776 300.924
33.1657 -5.54016 300.975
33.1691 -5.53772 300.965
33.1588 -5.54085 300.874
33.1625 -5.5379 300.898
33.1524 -5.53065 300.753
33.1562 -5.53579 300.832
33.1566 -5.54334 300.874
33.1541 -5.5468 300.799
33.1719 -5.5426 301.01
33.1602 -5.54099 300.867
33.1573 -5.54073 300.848
33.154 -5.53847 300.841
33.1665 -5.53616 300.989
33.1519 -5.53638 300.836
33.1451 -5.53655 300.756
33.134 -5.5349 300.614
33.1521 -5.53807 300.846
33.1572 -5.54034 300.896
33.1522 -5.53464 300.847
33.1583 -5.53404 300.867
33.1728 -5.53995 301.055
33.1636 -5.53899 300.948
33.1461 -5.53523 300.754
33.1393 -5.53212 300.695
33.1438 -5.53092 300.75
33.1487 -5.53212 300.776
33.1529 -5.53735 300.796
33.1584 -5.5401 300.861
33.1424 -5.53865 300.702
33.149 -5.54442 300.769
33.1523 -5.53586 300.753
33.1556 -5.54086 300.862
33.1723 -5.54593 301.065
33.1619 -5.54271 300.906
33.1523 -5.53911 300.807
33.1379 -5.53294 300.669
33.1453 -5.53537 300.773
33.1512 -5.54003 300.84
33.1664 -5.54329 301.008
33.1661 -5.5453 301.005
33.1516 -5.53956 300.848
33.1542 -5.53843 300.851
33.1459 -5.53735 300.765
33.1571 -5.5353 300.886
33.1521 -5.53666 300.849
33.1667 -5.53573 300.983
33.1619 -5.52638 300.907
33.1524 -5.53024 300.841
33.1578 -5.53649 300.888
33.1508 -5.53358 300.81
33.1468 -5.53768 300.806
33.1421 -5.53354 300.717
33.1268 -5.52075 300.521
33.1431 -5.53833 300.782
33.1595 -5.53684 300.913
33.1509 -5.53149 300.81
33.1366 -5.52612 300.702
33.1459 -5.53251 300.799
33.1489 -5.5384 300.844
33.1724 -5.54398 301.038
33.161 -5.53645 300.921
33.1607 -5.53347 300.908
33.151 -5.53248 300.782
33.1395 -5.52995 300.686
33.1442 -5.53285 300.756
33.1572 -5.53887 300.856
33.1697 -5.54718 301.033
33.1668 -5.54346 300.994
33.1448 -5.53964 300.758
33.1598 -5.5358 300.911
33.1472 -5.53397 300.797
33.1507 -5.52498 300.807
33.163 -5.52079 300.927
33.1531 -5.52824 300.837
33.159 -5.53765 300.9
33.1566 -5.53812 300.864
33.1803 -5.53812 301.107
33.1678 -5.53464 300.935
33.1557 -5.53654 300.876
33.1638 -5.54037 300.947
33.1688 -5.54435 301.014
33.1785 -5.5447 301.116
33.1623 -5.53787 300.977
33.1719 -5.54094 301.052
33.1366 -5.53863 300.684
33.1591 -5.54389 300.928
33.1725 -5.55246 301.065
33.1645 -5.53939 300.916
33.1527 -5.53769 300.81
33.1489 -5.53772 300.793
33.1466 -5.53474 300.753
33.1718 -5.552 301.048
33.1572 -5.55141 300.884
33.1582 -5.54274 300.896
33.1628 -5.53961 300.918
33.1688 -5.54274 300.98
33.1516 -5.53772 300.805
33.1516 -5.5382 300.825
33.1344 -5.53026 300.661
33.165 -5.54227 300.933
33.1595 -5.53714 300.903
33.1507 -5.54029 300.832
33.152 -5.53359 300.832
33.1516 -5.5399 300.842
33.1488 -5.53499 300.815
33.1462 -5.53829 300.769
33.147 -5.54315 300.798
33.1498 -5.53378 300.791
33.1565 -5.5416 300.866
33.1541 -5.54105 300.842
33.1405 -5.53071 300.724
33.1523 -5.54068 300.819
33.1569 -5.53528 300.912
33.1578 -5.53223 300.869
33.1532 -5.5249 300.789
33.1571 -5.53527 300.879
33.1558 -5.53762 300.894
33.1603 -5.53855 300.909
33.1658 -5.53503 300.947
33.1606 -5.53583 300.901
33.1566 -5.53378 300.906
33.1546 -5.53452 300.835
33.1549 -5.53658 300.834
33.1754 -5.53573 301.076
33.175 -5.53334 301.075
33.1681 -5.5362 300.981
33.1554 -5.53285 300.869
33.3471 -5.5662 302.371
33.4337 -5.57006 302.114
33.3423 -5.50623 300.309
33.7281 -5.58136 303.321
33.5782 -5.50876 299.823
34.1278 -5.58945 303.727
34.3397 -5.56747 303.292
34.3178 -5.54889 301.856
34.3708 -5.55561 302.031
34.3947 -5.5489 301.868
34.4532 -5.55311 302.055
34.5744 -5.56959 302.513
34.5216 -5.55211 301.631
34.5284 -5.55125 301.665
34.5311 -5.55106 301.696
34.5401 -5.55033 301.789
34.5259 -5.53579 301.282
34.517 -5.52934 300.848
34.6308 -5.54077 301.528
34.6635 -5.54059 301.465
34.7171 -5.54785 301.734
34.8139 -5.55579 302.361
34.8825 -5.57347 302.77
34.7959 -5.5325 301.232
34.9011 -5.53989 301.954
34.8518 -5.52316 300.91
34.888 -5.52435 300.811
35.1535 -5.56011 302.666
35.1552 -5.52511 301.731
35.1472 -5.52285 301.076
35.1495 -5.51482 300.68
35.4533 -5.56404 302.991
35.5764 -5.54247 302.714
35.7714 -5.56169 303.088
35.7777 -5.56121 302.751
35.6879 -5.52668 301.087
35.7528 -5.52886 301.516
35.865 -5.54752 302.124
36.0025 -5.54963 302.672
36.0111 -5.55236 302.372
36.0209 -5.54974 302.098
36.0363 -5.54048 301.747
36.078 -5.53872 301.916
36.2876 -5.55807 302.979
36.3564 -5.55603 302.405
36.3096 -5.51886 300.972
36.6294 -5.56387 303.151
36.7395 -5.55515 302.931
37.0565 -5.56728 304.054
36.857 -5.50711 300.504
37.2301 -5.56071 303.032
37.2008 -5.54317 302.256
37.2276 -5.53312 302.041
37.2891 -5.53756 302.216
37.3484 -5.54811 302.523
37.3769 -5.53996 302.305
37.4272 -5.52935 302.262
37.4918 -5.54377 302.32
37.5535 -5.52616 302.163
37.5251 -5.52028 301.406
37.716 -5.54612 302.697
37.6881 -5.52958 301.911
37.7239 -5.51793 301.639
37.8401 -5.53059 302.153
37.9204 -5.54057 302.46
37.9188 -5.53901 302.122
38.0285 -5.54673 302.601
38.1112 -5.54236 302.575
38.2355 -5.54975 302.68
38.2017 -5.52817 302.011
38.2091 -5.52592 301.947
38.274 -5.53801 302.389
38.3391 -5.5477 302.789
38.4102 -5.53613 302.651
38.6621 -5.56195 303.595
38.5302 -5.51207 301.448
38.5659 -5.51167 301.397
38.5913 -5.51471 301.47
38.6179 -5.52594 301.544
38.6964 -5.53391 302.01
38.6904 -5.50823 301.276
38.9204 -5.53935 302.763
38.9327 -5.52494 302.269
38.8757 -5.51179 301.43
38.8819 -5.5103 301.386
39.0095 -5.52431 302.126
39.0552 -5.5277 302.156
39.0832 -5.52515 302.177
39.0916 -5.52633 302.033
39.089 -5.53237 301.858
39.1252 -5.52942 301.856
39.1553 -5.52629 301.89
39.1981 -5.52669 301.975
39.1859 -5.5144 301.557
39.223 -5.52059 301.675
39.2357 -5.51984 301.617
39.2958 -5.53347 301.956
39.3249 -5.5352 302.079
39.3786 -5.52778 302.269
39.4183 -5.52627 302.331
39.4365 -5.52498 302.251
39.4948 -5.53292 302.49
39.5477 -5.53143 302.5
39.5064 -5.51789 301.866
39.5811 -5.54049 302.047
39.707 -5.53718 302.652
39.7253 -5.5136 302.14
39.7729 -5.52893 302.256
39.7598 -5.52826 301.954
39.7232 -5.51814 301.401
39.7723 -5.51191 301.567
39.8273 -5.51475 301.77
39.9132 -5.52745 302.194
39.9406 -5.5234 302.108
39.9727 -5.52206 302.131
39.9661 -5.51539 301.845
40.0036 -5.51836 301.979
40.0494 -5.52524 302.205
40.0845 -5.51666 302.249
40.096 -5.50739 301.996
40.102 -5.50818 301.61
40.2017 -5.52246 302.17
40.1924 -5.51902 301.911
40.2066 -5.51315 301.907
40.2418 -5.51974 302.073
40.2294 -5.50482 301.775
40.2997 -5.51249 302.151
40.3045 -5.51589 302.081
40.3102 -5.51587 302.043
40.3217 -5.51666 302.045
40.3457 -5.52691 302.136
40.3946 -5.51636 301.961
40.4803 -5.53055 302.222
40.5003 -5.5172 301.993
40.535 -5.50478 302.114
40.5216 -5.50473 301.797
40.5631 -5.51147 302.044
40.5974 -5.52236 302.233
40.5961 -5.51308 302.153
40.5775 -5.50749 301.948
40.5904 -5.51184 301.968
40.6114 -5.5222 302.1
40.6251 -5.51923 302.141
40.6368 -5.52438 302.182
40.6273 -5.52028 301.977
40.6246 -5.5146 301.802
40.677 -5.51703 302.021
40.67 -5.51191 301.692
40.75 -5.51473 301.979
40.8246 -5.52186 302.237
40.8984 -5.5265 302.406
40.9629 -5.53085 302.602
41.0512 -5.53062 302.801
41.2278 -5.5297 303.194
41.2403 -5.51923 302.468
41.1507 -5.50491 301.439
41.1718 -5.50104 301.361
41.2223 -5.50209 301.519
41.2401 -5.51055 301.587
41.2702 -5.5091 301.727
41.2723 -5.51178 301.726
41.2611 -5.50742 301.614
41.2935 -5.51176 301.889
41.2821 -5.50694 301.806
41.3275 -5.51718 302.026
41.337 -5.51028 301.887
41.3339 -5.50467 301.832
41.3492 -5.50821 301.927
41.3637 -5.50679 302.094
41.3436 -5.50612 301.901
41.364 -5.51123 302.056
41.3726 -5.50837 302.098
41.4247 -5.5144 302.291
41.4424 -5.51787 302.285
41.4257 -5.51043 302.041
41.4331 -5.51108 302.019
41.4433 -5.51047 302.082
41.4418 -5.51449 302.093
41.4247 -5.51024 301.947
41.4469 -5.51388 302.095
41.4467 -5.51606 302.079
41.4478 -5.51416 302.119
41.4454 -5.50937 302.08
41.4409 -5.50882 302.034
41.4305 -5.50846 301.932
41.4294 -5.51478 301.937
41.4427 -5.51331 302.006
41.425 -5.51364 301.877
41.417 -5.51127 301.831
41.4348 -5.51609 301.973
41.4512 -5.51915 302.056
41.4572 -5.51377 302.075
41.4576 -5.51762 302.115
41.4701 -5.52163 302.209
41.4882 -5.52005 302.225
41.4277 -5.50437 301.369
41.5665 -5.51642 302.159
41.5253 -5.50963 301.682
41.5337 -5.51201 301.723
41.5057 -5.51043 301.511
41.5618 -5.50982 301.731
41.6237 -5.50925 302.073
41.6303 -5.5126 302.06
41.6311 -5.51294 302.022
41.6243 -5.51324 301.972
41.6402 -5.51819 302.107
41.6668 -5.51658 302.28
41.6421 -5.51443 301.931
41.7173 -5.51252 302.227
41.7781 -5.51459 302.378
41.7903 -5.51753 302.331
41.7745 -5.51517 302.016
41.7919 -5.51654 301.941
41.7686 -5.50254 301.456
41.8401 -5.51077 301.783
41.9108 -5.51272 302.18
41.9547 -5.5002 302.128
42.0555 -5.51754 302.73
42.0674 -5.51423 302.614
42.0634 -5.51642 302.304
42.0592 -5.51912 302.213
42.0575 -5.5188 302.179
42.0618 -5.52139 302.209
42.0557 -5.51618 302.142
42.0481 -5.51249 302.047
42.0362 -5.50828 301.915
42.0726 -5.51211 302.156
42.081 -5.51116 302.173
42.0987 -5.51018 302.102
42.137 -5.50515 302.164
42.0804 -5.50502 301.511
42.0939 -5.4952 301.494
42.1249 -5.49581 301.683
42.1551 -5.50603 301.876
42.1401 -5.49666 301.683
42.1561 -5.49792 301.718
42.283 -5.5087 302.463
42.3569 -5.52295 302.836
42.3847 -5.51505 302.486
42.3397 -5.50357 301.933
42.3553 -5.50293 302.02
42.3571 -5.50474 302.032
42.3357 -5.50208 301.855
42.3157 -5.50395 301.712
42.3246 -5.49891 301.707
42.344 -5.50183 301.836
42.3332 -5.50241 301.766
42.3244 -5.49888 301.701
42.345 -5.50153 301.886
42.3238 -5.49656 301.645
42.3352 -5.50638 301.776
42.3311 -5.50053 301.741
42.3321 -5.50231 301.752
42.333 -5.50361 301.763
42.313 -5.48754 301.57
42.4543 -5.51368 302.452
42.5486 -5.5208 302.577
42.524 -5.51504 302.251
42.5123 -5.50848 302.136
42.5094 -5.50395 302.111
42.5112 -5.50834 302.145
42.5178 -5.50924 302.22
42.5138 -5.50659 301.972
42.5493 -5.50751 302.087
42.5547 -5.51107 302.141
42.5726 -5.51245 302.298
42.5537 -5.51104 302.178
42.5667 -5.51237 302.306
42.558 -5.50545 302.227
42.6096 -5.51164 302.588
42.6265 -5.50797 302.529
42.6402 -5.5074 302.465
42.6431 -5.50874 302.332
42.6397 -5.5096 302.155
42.6111 -5.5142 301.634
42.6806 -5.5151 302.045
42.6758 -5.5087 301.969
42.6849 -5.50853 301.998
42.7003 -5.50058 301.804
42.7067 -5.49479 301.583
42.8132 -5.50704 302.263
42.849 -5.50719 302.398
42.8722 -5.51105 302.335
42.8813 -5.50387 302.208
42.9 -5.50371 302.247
42.9291 -5.51068 302.383
42.8973 -5.50592 302.068
42.8802 -5.5046 301.896
42.914 -5.50549 302.024
42.9046 -5.50355 301.852
42.9426 -5.50245 301.983
42.9565 -5.50567 301.941
42.9511 -5.50233 301.833
42.9392 -5.50024 301.727
42.9696 -5.49838 301.896
42.9374 -5.49147 301.626
42.9388 -5.49311 301.638
42.9519 -5.49942 301.758
42.9572 -5.49205 301.695
42.942 -5.48469 301.506
42.9461 -5.4877 301.544
42.9585 -5.49138 301.652
42.9695 -5.49682 301.749
42.9546 -5.49992 301.621
42.9661 -5.49681 301.676
42.9786 -5.49837 301.755
42.9623 -5.49099 301.643
42.9657 -5.48959 301.713
42.9572 -5.4983 301.637
42.9459 -5.49568 301.519
42.9633 -5.49517 301.7
42.9894 -5.49933 301.904
42.96 -5.49164 301.671
42.9681 -5.48497 301.707
42.982 -5.49685 301.814
42.9639 -5.49668 301.684
42.9341 -5.49146 301.439
42.9402 -5.48208 301.53
42.9308 -5.48493 301.445
42.9377 -5.49069 301.51
42.9348 -5.49242 301.494
42.9474 -5.49074 301.587
42.943 -5.48833 301.535
42.9482 -5.48957 301.571
42.9462 -5.48917 301.546
42.934 -5.4862 301.455
42.9514 -5.49441 301.579
42.9394 -5.48849 301.484
42.9459 -5.48792 301.539
42.9495 -5.48942 301.609
42.9525 -5.49137 301.6
42.9632 -5.49388 301.692
42.9544 -5.4934 301.61
42.9577 -5.49274 301.651
42.9417 -5.49709 301.525
42.9621 -5.50437 301.726
42.9605 -5.49574 301.673
42.9468 -5.49107 301.568
42.9286 -5.48254 301.39
42.9425 -5.48799 301.508
42.9462 -5.49314 301.541
42.9476 -5.49589 301.547
42.9513 -5.49539 301.586
42.9416 -5.49343 301.531
42.9565 -5.49831 301.625
42.9672 -5.50585 301.733
42.9799 -5.50866 301.85
42.9924 -5.5003 301.942
42.958 -5.49869 301.661
42.9518 -5.49638 301.596
42.955 -5.49732 301.62
42.973 -5.50181 301.742
42.961 -5.4973 301.684
42.9652 -5.5025 301.714
42.9648 -5.49726 301.679
42.9902 -5.49898 301.889
42.9778 -5.50035 301.841
42.9668 -5.49555 301.72
42.9636 -5.49946 301.701
42.9333 -5.49487 301.445
42.9261 -5.49024 301.389
42.9569 -5.49666 301.638
42.9328 -5.48813 301.426
42.9335 -5.48503 301.449
42.9544 -5.4875 301.634
42.9595 -5.49282 301.7
42.9585 -5.49078 301.687
42.9598 -5.50108 301.705
42.9628 -5.49886 301.696
42.9725 -5.5043 301.761
42.9498 -5.49278 301.604
42.9407 -5.4926 301.551
42.9427 -5.48771 301.548
42.9449 -5.49069 301.585
42.9537 -5.49382 301.629
42.9585 -5.49975 301.68
42.9488 -5.49716 301.598
42.9344 -5.49248 301.487
42.9389 -5.48983 301.507
42.9409 -5.48492 301.525
42.9499 -5.48933 301.594
42.9597 -5.48984 301.625
42.957 -5.48825 301.619
42.9454 -5.49322 301.548
42.9899 -5.50573 301.918
42.9438 -5.49788 301.556
42.9676 -5.50337 301.761
42.9623 -5.49983 301.73
42.9821 -5.50617 301.871
42.9772 -5.49638 301.809
42.9629 -5.50078 301.711
42.9506 -5.49755 301.62
42.9587 -5.49965 301.678
42.9438 -5.49668 301.578
42.947 -5.49948 301.588
42.9634 -5.50171 301.705
42.97 -5.50479 301.76
42.9715 -5.501 301.804
42.9616 -5.49755 301.713
42.9785 -5.50421 301.851
42.9746 -5.497 301.801
42.9571 -5.50102 301.651
42.9677 -5.50258 301.733
42.9675 -5.50246 301.769
42.9702 -5.50075 301.752
42.9699 -5.50001 301.753
42.9741 -5.50122 301.777
42.9718 -5.49895 301.755
42.9783 -5.49328 301.815
42.979 -5.48818 301.796
42.9722 -5.49727 301.749
42.967 -5.50086 301.751
42.9571 -5.49356 301.627
42.9459 -5.49011 301.534
42.9446 -5.49072 301.532
42.9598 -5.49581 301.672
42.9734 -5.50014 301.764
42.9739 -5.50089 301.741
42.9952 -5.49793 301.919
42.96 -5.48447 301.662
42.9807 -5.49987 301.845
42.9626 -5.50349 301.69
42.9442 -5.4963 301.552
42.9569 -5.50091 301.642
42.9664 -5.50425 301.728
42.9606 -5.50463 301.664
42.9639 -5.50253 301.712
42.9597 -5.49959 301.656
42.9556 -5.50331 301.645
42.9707 -5.50448 301.79
42.9661 -5.50861 301.72
42.959 -5.4937 301.676
42.9556 -5.49955 301.645
42.947 -5.49417 301.592
42.943 -5.49572 301.535
42.9508 -5.49548 301.588
42.9465 -5.48988 301.55
42.9532 -5.48724 301.591
42.9405 -5.4885 301.494
42.9295 -5.48728 301.406
42.957 -5.49289 301.628
42.9867 -5.50174 301.895
42.9472 -5.49396 301.588
42.9496 -5.49817 301.594
42.9663 -5.49261 301.687
42.9608 -5.49981 301.637
42.9725 -5.50203 301.743
42.9808 -5.49648 301.827
42.9553 -5.49524 301.623
42.9473 -5.49266 301.561
42.9447 -5.49259 301.567
42.9293 -5.49739 301.454
42.9498 -5.49467 301.569
42.9614 -5.49721 301.658
42.9657 -5.49989 301.712
42.9639 -5.50055 301.718
42.9782 -5.50315 301.813
42.9957 -5.51072 301.982
42.9821 -5.50069 301.837
42.9366 -5.49075 301.473
42.9395 -5.49398 301.517
42.948 -5.48762 301.59
42.9784 -5.49485 301.852
42.9417 -5.49925 301.566
42.9332 -5.48653 301.466
42.9285 -5.48326 301.417
42.9308 -5.49135 301.454
42.9346 -5.49373 301.487
42.9543 -5.49064 301.647
42.9708 -5.49517 301.813
42.9763 -5.49902 301.823
42.9469 -5.49698 301.601
42.9597 -5.49648 301.678
42.962 -5.5 301.704
42.9506 -5.49601 301.616
42.9692 -5.49878 301.779
42.958 -5.50033 301.653
42.9803 -5.49944 301.853
42.974 -5.49151 301.784
42.9519 -5.49348 301.607
42.9817 -5.49754 301.845
42.9623 -5.49805 301.715
42.9515 -5.48956 301.595
42.9666 -5.4908 301.729
42.94 -5.49151 301.503
42.9574 -5.50236 301.651
42.9838 -5.50477 301.876
42.9967 -5.50071 301.938
42.9765 -5.50162 301.799
42.9511 -5.4964 301.613
42.9594 -5.49944 301.682
42.9385 -5.50231 301.541
42.9547 -5.49916 301.632
42.9787 -5.49687 301.813
42.9659 -5.49093 301.705
42.9414 -5.491 301.548
42.9535 -5.49554 301.65
42.9571 -5.48669 301.636
42.9556 -5.49119 301.633
42.9577 -5.49442 301.683
42.9634 -5.49543 301.719
42.9829 -5.50655 301.882
42.9705 -5.50041 301.762
42.9624 -5.49697 301.7
42.9671 -5.49375 301.739
42.9719 -5.49874 301.787
42.9442 -5.49492 301.56
42.9496 -5.49729 301.589
42.9438 -5.49882 301.559
42.9525 -5.50141 301.659
42.946 -5.49721 301.586
42.9352 -5.49648 301.515
42.9389 -5.49788 301.534
42.9421 -5.49835 301.584
42.9494 -5.49241 301.59
42.9441 -5.49504 301.534
42.9388 -5.49781 301.512
42.9667 -5.50152 301.749
42.9814 -5.50225 301.868
42.9716 -5.50772 301.756
42.9805 -5.50258 301.827
42.9586 -5.50118 301.662
42.9777 -5.49356 301.814
42.9699 -5.49324 301.76
42.9716 -5.49413 301.751
42.9566 -5.4939 301.61
42.924 -5.4875 301.357
42.9343 -5.49292 301.443
42.9493 -5.49524 301.543
42.9641 -5.49694 301.684
42.9546 -5.49528 301.59
42.9314 -5.49204 301.416
