-7.24455 -6.76791 246.207
-7.2402 -6.7649 246.106
-7.24414 -6.77201 246.248
-7.24952 -6.76743 246.302
-7.24954 -6.76868 246.289
-7.2568 -6.77529 246.383
-7.25182 -6.77106 246.348
-7.22915 -6.7607 246.015
-7.24805 -6.7747 246.262
-7.25017 -6.77087 246.304
-7.25253 -6.77458 246.351
-7.25611 -6.77962 246.433
-7.2492 -6.77617 246.317
-7.2374 -6.76468 246.12
-7.24996 -6.77178 246.297
-7.2566 -6.77582 246.402
-7.25276 -6.76888 246.291
-7.23985 -6.76373 246.178
-7.2418 -6.76873 246.254
-7.23725 -6.76089 246.085
-7.23946 -6.76216 246.128
-7.24847 -6.76696 246.247
-7.24807 -6.76747 246.313
-7.24541 -6.7656 246.314
-7.24442 -6.76658 246.214
-7.25775 -6.77871 246.459
-7.24507 -6.77074 246.234
-7.24184 -6.76592 246.149
-7.2479 -6.77099 246.294
-7.24568 -6.76494 246.229
-7.24531 -6.76588 246.271
-7.25023 -6.76976 246.352
-7.24849 -6.76906 246.285
-7.24612 -6.76781 246.188
-7.2493 -6.77254 246.275
-7.25484 -6.77709 246.37
-7.24673 -6.77261 246.236
-7.25117 -6.77453 246.337
-7.24552 -6.76825 246.25
-7.24571 -6.76837 246.242
-7.25361 -6.78477 246.325
-7.25493 -6.77867 246.299
-7.24798 -6.77567 246.177
-7.24592 -6.77452 246.233
-7.25587 -6.77974 246.41
-7.25817 -6.77375 246.512
-7.25563 -6.77843 246.441
-7.24016 -6.76804 246.147
-7.2405 -6.77209 246.152
-7.24576 -6.77346 246.276
-7.24965 -6.77653 246.317
-7.25801 -6.78197 246.408
-7.23968 -6.77398 246.148
-7.2537 -6.78581 246.352
-7.24794 -6.77837 246.286
-7.23916 -6.77242 246.2
-7.23666 -6.7723 246.088
-7.24393 -6.77435 246.154
-7.23619 -6.76857 246.076
-7.25154 -6.77958 246.25
-7.24935 -6.7791 246.225
-7.24773 -6.7773 246.269
-7.24894 -6.78024 246.299
-7.25313 -6.78118 246.313
-7.24993 -6.77407 246.326
-7.24318 -6.77116 246.228
-7.24647 -6.77186 246.215
-7.24245 -6.7649 246.213
-7.24625 -6.76626 246.236
-7.25253 -6.76576 246.284
-7.24721 -6.76263 246.207
-7.24256 -6.76091 246.186
-7.24886 -6.76181 246.195
-7.25525 -6.7606 246.288
-7.24987 -6.75924 246.215
-7.25494 -6.76152 246.289
-7.24651 -6.75827 246.156
-7.24875 -6.7578 246.184
-7.25536 -6.76163 246.321
-7.25928 -6.75968 246.401
-7.25105 -6.75061 246.206
-7.23739 -6.73462 245.931
-7.25499 -6.7434 246.144
-7.25424 -6.74137 246.153
-7.25751 -6.74306 246.266
-7.26503 -6.74908 246.415
-7.25078 -6.73432 246.123
-7.26535 -6.74128 246.191
-7.24936 -6.72123 245.97
-7.25118 -6.71745 246.059
-7.25604 -6.72523 246.079
-7.26114 -6.73516 246.284
-7.26636 -6.72754 246.26
-7.27165 -6.72686 246.289
-7.26716 -6.72249 246.212
-7.26154 -6.71447 246.033
-7.27129 -6.72079 246.313
-7.26683 -6.72437 246.214
-7.26279 -6.71981 246.151
-7.26412 -6.715 246.164
-7.27174 -6.7219 246.393
-7.27215 -6.72197 246.398
-7.27375 -6.71339 246.324
-7.27344 -6.70871 246.261
-7.27277 -6.70513 246.215
-7.26691 -6.696 246.108
-7.27896 -6.70772 246.383
-7.28405 -6.71383 246.398
-7.2776 -6.7069 246.333
-7.27632 -6.70388 246.384
-7.28226 -6.70407 246.41
-7.27219 -6.69606 246.219
-7.27689 -6.69647 246.285
-7.27301 -6.69438 246.255
-7.27868 -6.69785 246.297
-7.27323 -6.68945 246.193
-7.26378 -6.69038 246.076
-7.27304 -6.69436 246.151
-7.27171 -6.69906 246.221
-7.27879 -6.70597 246.32
-7.28416 -6.70932 246.378
-7.26761 -6.69279 246.001
-7.27511 -6.69611 246.189
-7.27372 -6.6928 246.234
-7.28054 -6.70869 246.345
-7.28925 -6.7159 246.464
-7.26893 -6.70401 246.13
-7.25251 -6.69487 245.949
-7.26821 -6.70641 246.169
-7.28296 -6.72405 246.473
-7.28179 -6.71896 246.357
-7.28937 -6.7259 246.535
-7.27392 -6.71244 246.264
-7.28271 -6.72341 246.322
-7.28212 -6.72305 246.348
-7.27169 -6.7182 246.222
-7.27474 -6.7271 246.274
-7.2706 -6.72086 246.232
-7.27465 -6.72551 246.361
-7.27401 -6.72831 246.399
-7.28284 -6.73639 246.579
-7.28524 -6.74365 246.653
-7.27463 -6.73614 246.469
-7.26441 -6.73179 246.28
-7.26571 -6.74516 246.31
-7.27453 -6.7485 246.439
-7.26438 -6.74644 246.356
-7.25834 -6.7511 246.312
-7.25619 -6.74917 246.251
-7.25458 -6.74644 246.23
-7.25818 -6.75501 246.363
-7.26477 -6.76715 246.463
-7.25511 -6.76349 246.402
-7.25366 -6.767 246.402
-7.24782 -6.76348 246.288
-7.24696 -6.76345 246.26
-7.25479 -6.77068 246.4
-7.2564 -6.7718 246.379
-7.2559 -6.77683 246.385
-7.25729 -6.78003 246.42
-7.26052 -6.78478 246.469
-7.25767 -6.77997 246.416
-7.24197 -6.76725 246.21
-7.24344 -6.78071 246.227
-7.24685 -6.7812 246.276
-7.24043 -6.77345 246.206
-7.25153 -6.78357 246.408
-7.25559 -6.78831 246.458
-7.25505 -6.7844 246.444
-7.25516 -6.78893 246.471
-7.24967 -6.78484 246.41
-7.24981 -6.78753 246.373
-7.25483 -6.7877 246.516
-7.2556 -6.7852 246.456
-7.26078 -6.79556 246.608
-7.25621 -6.79813 246.598
-7.24911 -6.7926 246.463
-7.26267 -6.80445 246.649
-7.25507 -6.79581 246.526
-7.25157 -6.79116 246.47
-7.24957 -6.79417 246.468
-7.2456 -6.78953 246.458
-7.24165 -6.78785 246.314
-7.24166 -6.79244 246.254
-7.25017 -6.792 246.441
-7.24038 -6.78123 246.374
-7.25358 -6.79709 246.585
-7.24881 -6.79406 246.377
-7.24798 -6.79593 246.477
-7.24242 -6.78992 246.393
-7.23568 -6.7902 246.274
-7.23992 -6.7947 246.347
-7.24413 -6.79614 246.327
-7.24553 -6.79335 246.324
-7.2373 -6.79094 246.204
-7.24384 -6.79468 246.313
-7.25073 -6.79896 246.424
-7.23869 -6.79316 246.267
-7.24385 -6.79926 246.361
-7.2454 -6.79649 246.376
-7.24295 -6.7949 246.35
-7.24898 -6.79707 246.429
-7.24313 -6.7906 246.334
-7.24601 -6.79317 246.379
-7.24077 -6.79 246.298
-7.24443 -6.7918 246.391
-7.24682 -6.7979 246.414
-7.24154 -6.79711 246.37
-7.2445 -6.79806 246.428
-7.25082 -6.7986 246.452
-7.24413 -6.79477 246.391
-7.24349 -6.80131 246.43
-7.25136 -6.80105 246.425
-7.23873 -6.78388 246.23
-7.23813 -6.79144 246.244
-7.24602 -6.79818 246.398
-7.24441 -6.79672 246.388
-7.24443 -6.79734 246.35
-7.24108 -6.78991 246.257
-7.24228 -6.79308 246.309
-7.24239 -6.79314 246.284
-7.2371 -6.78909 246.187
-7.24162 -6.79106 246.252
-7.24384 -6.79135 246.317
-7.2375 -6.79046 246.235
-7.22602 -6.78213 246.051
-7.23911 -6.78544 246.295
-7.24097 -6.78873 246.293
-7.23849 -6.7898 246.247
-7.23759 -6.79139 246.187
-7.23158 -6.78648 246.147
-7.23408 -6.78409 246.193
-7.24012 -6.79261 246.272
-7.23734 -6.79319 246.273
-7.23549 -6.7903 246.276
-7.25025 -6.80038 246.477
-7.25033 -6.7975 246.417
-7.24772 -6.79375 246.375
-7.24779 -6.79768 246.416
-7.23204 -6.78722 246.175
-7.2342 -6.78662 246.211
-7.2437 -6.79347 246.374
-7.23745 -6.79246 246.237
-7.23455 -6.78997 246.194
-7.24026 -6.79317 246.277
-7.24201 -6.79046 246.275
-7.24823 -6.79509 246.399
-7.23945 -6.78905 246.272
-7.24856 -6.79569 246.47
-7.24764 -6.79486 246.426
-7.24274 -6.79032 246.337
-7.24165 -6.79259 246.304
-7.25271 -6.7978 246.525
-7.25114 -6.79372 246.437
-7.24243 -6.79099 246.394
-7.25398 -6.80592 246.598
-7.24421 -6.79549 246.409
-7.24064 -6.78958 246.348
-7.24568 -6.7954 246.391
-7.2511 -6.79898 246.465
-7.27314 -6.82685 247.359
-7.2101 -6.85312 248.486
-6.92883 -6.83561 247.857
-6.81778 -6.81425 247.345
-6.65864 -6.83283 247.884
-6.43846 -6.81976 247.607
-6.3402 -6.83191 247.46
-6.16299 -6.79645 246.778
-6.05043 -6.77357 246.235
-6.02761 -6.77795 246.455
-5.96566 -6.78506 246.444
-5.91286 -6.79236 246.703
-5.85025 -6.81083 247.103
-5.72029 -6.76645 245.747
-5.68616 -6.80628 247.205
-5.66372 -6.86552 249.219
-5.45992 -6.81589 247.396
-5.28214 -6.81943 247.596
-5.08985 -6.81154 247.48
-4.86223 -6.75187 245.319
-4.81699 -6.79134 246.783
-4.68772 -6.79452 246.935
-4.49285 -6.74281 245.367
-4.43586 -6.81432 247.55
-4.15348 -6.73291 244.883
-4.10299 -6.81415 247.618
-4.01069 -6.81898 247.771
-3.81202 -6.79477 247.133
-3.63114 -6.80452 247.282
-3.44865 -6.81358 247.687
-3.31931 -6.7882 247.261
-3.08717 -6.80011 247.251
-2.84749 -6.7363 245.099
-2.78308 -6.79231 247.004
-2.62118 -6.80345 247.007
-2.54802 -6.78212 246.689
-2.42549 -6.73643 245.273
-2.30092 -6.73767 245.224
-2.24887 -6.82054 247.579
-2.05639 -6.78799 246.885
-1.98324 -6.78555 246.903
-1.85321 -6.79433 246.982
-1.70522 -6.80689 247.255
-1.50445 -6.74338 245.068
-1.41592 -6.79824 247.238
-1.19716 -6.80134 247.37
-1.09491 -6.79519 247.376
-0.850977 -6.77673 246.77
-0.707268 -6.77661 246.65
-0.65778 -6.78828 246.696
-0.606089 -6.78999 246.385
-0.54212 -6.7614 246.137
-0.483662 -6.74978 245.752
-0.459721 -6.76995 246.119
-0.380955 -6.76376 245.991
-0.314621 -6.75791 246.018
-0.245876 -6.75673 246.187
-0.174383 -6.75172 245.467
-0.137356 -6.77959 246.405
-0.0556831 -6.77273 246.417
-0.00775909 -6.77652 246.708
0.130566 -6.78672 246.872
0.294319 -6.72512 244.734
0.371225 -6.7964 247.121
0.468365 -6.79994 247.174
0.667297 -6.78763 246.864
0.816452 -6.76632 246.409
0.883829 -6.76941 246.218
0.917362 -6.75588 245.846
0.938103 -6.75928 245.825
0.981356 -6.75756 245.656
1.02431 -6.75027 245.615
1.04508 -6.75595 245.799
1.06565 -6.75787 245.921
1.09313 -6.75536 245.82
1.12217 -6.74346 245.619
1.12732 -6.745 245.739
1.13761 -6.74413 245.758
1.18574 -6.77617 246.558
1.25741 -6.76049 246.047
1.28054 -6.75385 245.85
1.30324 -6.75184 245.762
1.34128 -6.75129 245.819
1.37449 -6.7562 245.869
1.40783 -6.73495 245.296
1.44728 -6.72632 245.148
1.47499 -6.74674 245.737
1.50058 -6.74755 245.927
1.53131 -6.76552 246.527
1.60408 -6.76449 246.049
1.63644 -6.76342 245.997
1.69325 -6.74358 245.281
1.73833 -6.75831 245.897
1.78549 -6.75215 245.781
1.8296 -6.76826 246.355
1.93044 -6.76322 245.985
1.97463 -6.76181 246.156
2.00773 -6.7358 245.391
2.00982 -6.74058 245.457
2.01864 -6.73707 245.404
2.01963 -6.74439 245.606
2.02026 -6.74501 245.568
2.02046 -6.74036 245.41
2.02298 -6.73579 245.259
2.02531 -6.73792 245.355
2.01637 -6.74734 245.646
2.02198 -6.73818 245.454
2.02319 -6.73298 245.375
2.02169 -6.73734 245.432
2.02144 -6.73997 245.5
2.02247 -6.73639 245.485
2.02113 -6.73989 245.508
2.02091 -6.73852 245.519
2.02258 -6.73364 245.461
2.02194 -6.73783 245.477
2.02317 -6.73591 245.498
2.025 -6.73004 245.381
2.02052 -6.73615 245.452
2.01726 -6.72866 245.322
2.01928 -6.72952 245.361
2.0196 -6.73884 245.51
2.01974 -6.74012 245.614
2.01944 -6.73603 245.55
2.02152 -6.72487 245.366
2.02529 -6.7255 245.305
2.02684 -6.72809 245.426
2.03108 -6.74084 245.521
2.03391 -6.74339 245.602
2.03753 -6.74604 245.497
2.04342 -6.74463 245.351
2.04904 -6.73979 245.452
2.0467 -6.74758 245.574
2.04562 -6.7482 245.488
2.04792 -6.74554 245.434
2.04493 -6.74743 245.42
2.04254 -6.74686 245.504
2.04361 -6.73775 245.398
2.04357 -6.73268 245.387
2.04177 -6.73589 245.436
2.03918 -6.73993 245.517
2.03895 -6.74053 245.54
2.03851 -6.7372 245.5
2.04365 -6.72977 245.497
2.04666 -6.72361 245.447
2.04553 -6.72369 245.425
2.0423 -6.72672 245.47
2.04066 -6.72888 245.489
2.0383 -6.7305 245.538
2.04009 -6.72829 245.439
2.04215 -6.72861 245.408
2.04522 -6.72434 245.349
2.04953 -6.71581 245.246
2.04843 -6.71735 245.161
2.04407 -6.72184 245.25
2.04228 -6.72536 245.306
2.03664 -6.73274 245.49
2.03851 -6.73249 245.449
2.04415 -6.71921 245.249
2.0407 -6.72567 245.405
2.04392 -6.72044 245.284
2.03844 -6.73398 245.561
2.04161 -6.72278 245.497
2.04515 -6.72158 245.344
2.04536 -6.71649 245.338
2.04363 -6.72013 245.423
2.04069 -6.73129 245.531
2.04123 -6.73012 245.481
2.0392 -6.72915 245.444
2.03908 -6.73629 245.6
2.04147 -6.73299 245.593
2.04034 -6.731 245.631
2.03949 -6.7403 245.728
2.0404 -6.73132 245.58
2.0392 -6.72841 245.515
2.03772 -6.73212 245.523
2.03785 -6.73451 245.56
2.03967 -6.72956 245.497
2.04226 -6.72106 245.364
2.04082 -6.72883 245.592
2.03939 -6.73048 245.659
2.03654 -6.72939 245.569
2.03629 -6.7366 245.651
2.0404 -6.72418 245.418
2.04121 -6.71537 245.323
2.04118 -6.7181 245.303
2.04447 -6.71924 245.242
2.0386 -6.72816 245.53
2.03448 -6.73238 245.531
2.03904 -6.73167 245.52
2.03911 -6.72211 245.543
2.04181 -6.72466 245.561
2.04254 -6.7279 245.572
2.04551 -6.72333 245.376
2.04477 -6.71747 245.311
2.04281 -6.71856 245.261
2.03833 -6.72637 245.506
2.0412 -6.72852 245.486
2.04081 -6.72801 245.459
2.04164 -6.72873 245.402
2.03696 -6.73196 245.465
2.04092 -6.72513 245.387
2.03827 -6.73084 245.535
2.0401 -6.72969 245.497
2.03815 -6.73014 245.487
2.03829 -6.7317 245.499
2.03336 -6.73831 245.648
2.03276 -6.73279 245.606
2.03767 -6.72742 245.566
2.03628 -6.73228 245.513
2.04135 -6.72567 245.467
2.0316 -6.73269 245.706
2.03565 -6.73033 245.623
2.03308 -6.73124 245.614
2.03575 -6.72421 245.509
2.03837 -6.72925 245.477
2.03647 -6.72837 245.409
2.03099 -6.73788 245.577
2.04034 -6.72376 245.42
2.03827 -6.72681 245.475
2.03638 -6.73479 245.595
2.03763 -6.72832 245.454
2.04213 -6.72263 245.359
2.04393 -6.72263 245.381
2.04137 -6.72112 245.397
2.04589 -6.72426 245.375
2.04066 -6.73297 245.444
2.0418 -6.72555 245.402
2.04204 -6.71772 245.317
2.03656 -6.72845 245.472
2.03517 -6.72153 245.418
2.03744 -6.72102 245.445
2.03953 -6.72092 245.465
2.04188 -6.72181 245.504
2.04238 -6.72144 245.574
2.03991 -6.71831 245.528
2.03902 -6.71934 245.557
2.03735 -6.71681 245.515
2.03723 -6.71534 245.486
2.0351 -6.71815 245.525
2.0345 -6.71883 245.66
2.03511 -6.71381 245.489
2.03779 -6.71382 245.539
2.03574 -6.71329 245.6
2.03551 -6.7236 245.695
2.0411 -6.70974 245.485
2.04165 -6.70906 245.418
2.04055 -6.70618 245.417
2.03945 -6.70444 245.435
2.04324 -6.69931 245.346
2.03311 -6.70825 245.5
2.03342 -6.70614 245.511
2.03298 -6.70711 245.475
2.04004 -6.68992 245.254
2.03847 -6.69588 245.322
2.0368 -6.6945 245.48
2.03335 -6.70698 245.669
2.03265 -6.69891 245.525
2.03252 -6.69319 245.403
2.03283 -6.70076 245.512
2.03165 -6.70761 245.65
2.03633 -6.70302 245.551
2.03591 -6.70896 245.624
2.03242 -6.70877 245.639
2.02954 -6.71427 245.819
2.03291 -6.71369 245.687
2.03595 -6.705 245.585
2.0353 -6.70892 245.524
2.03607 -6.71171 245.519
2.03855 -6.70967 245.559
2.03678 -6.71207 245.54
2.03819 -6.71266 245.575
2.03726 -6.71344 245.574
2.03642 -6.71438 245.585
2.03612 -6.71204 245.568
2.03897 -6.70476 245.387
2.04036 -6.69987 245.24
2.03843 -6.70763 245.345
2.03394 -6.71685 245.51
2.03489 -6.72647 245.517
2.03795 -6.72434 245.491
2.03858 -6.71886 245.403
2.04026 -6.71542 245.448
2.03782 -6.72317 245.54
2.03972 -6.72542 245.47
2.04207 -6.72795 245.531
2.04616 -6.72167 245.51
2.0455 -6.72681 245.447
2.04816 -6.72301 245.538
2.04143 -6.73328 245.708
2.03933 -6.73142 245.47
2.04237 -6.72519 245.386
2.04479 -6.72176 245.434
2.04435 -6.7304 245.392
2.04431 -6.72965 245.41
2.04567 -6.73012 245.477
2.04649 -6.72909 245.362
2.04579 -6.72569 245.338
2.04225 -6.73877 245.636
2.09396 -6.75873 246.332
2.16331 -6.73594 245.757
2.21344 -6.70763 244.879
2.25619 -6.72949 245.425
2.29615 -6.75173 246.28
2.36905 -6.72169 245.278
2.41097 -6.7386 245.966
2.43742 -6.72243 245.346
2.44639 -6.73863 245.69
2.46781 -6.73747 245.801
2.4971 -6.72969 245.622
2.5167 -6.72921 245.418
2.53303 -6.74082 245.682
2.54889 -6.74999 245.885
2.59847 -6.74608 245.836
2.66724 -6.7547 245.955
2.70583 -6.76169 246.359
2.79292 -6.75239 245.91
2.84769 -6.74342 245.714
2.89484 -6.73146 245.215
2.95004 -6.76512 246.282
3.02931 -6.73061 245.22
3.06974 -6.74383 245.882
3.1152 -6.75824 246.083
3.20604 -6.7555 246.092
3.31448 -6.75315 246.134
3.37321 -6.75597 246.193
3.48628 -6.75331 246.171
3.54609 -6.7485 245.96
3.64523 -6.77616 246.707
3.70992 -6.75625 246.359
3.8258 -6.72584 245.023
3.90555 -6.76676 246.453
4.06685 -6.75435 246.232
4.19868 -6.75846 246.351
4.27482 -6.73013 245.191
4.32471 -6.7523 246.118
4.4675 -6.74964 245.964
4.56405 -6.77836 246.53
4.69339 -6.71987 245.009
4.74755 -6.73181 245.322
4.85386 -6.75993 246.246
4.92412 -6.77037 246.615
5.07244 -6.71861 244.822
5.26512 -6.69318 244.609
5.35312 -6.74908 246.006
5.40731 -6.73155 245.507
5.4811 -6.73467 245.776
5.57167 -6.73615 245.759
5.64444 -6.716 244.992
5.76754 -6.71293 244.783
5.89337 -6.71888 244.88
6.0203 -6.72275 244.869
6.0895 -6.73555 245.737
6.18881 -6.75829 246.084
6.26595 -6.74107 245.696
6.2995 -6.74606 245.664
6.36723 -6.74461 245.768
6.42476 -6.72031 244.899
6.49062 -6.7393 245.675
6.56851 -6.73702 245.792
6.63277 -6.7145 244.793
6.82865 -6.7668 246.368
6.99151 -6.76199 246.406
7.07984 -6.69536 244.36
7.16858 -6.75163 246.01
7.26669 -6.72781 245.566
7.40608 -6.74483 246.167
7.5608 -6.74888 246.428
7.65856 -6.73263 245.515
7.71546 -6.75494 246.227
7.77909 -6.73669 245.907
7.83735 -6.72272 244.954
7.9184 -6.71401 244.852
7.97733 -6.74014 245.788
8.06085 -6.70862 244.821
8.12743 -6.70823 244.817
8.19611 -6.73883 245.742
8.23963 -6.74393 246.064
8.30707 -6.72499 245.416
8.41879 -6.73758 246.044
8.50476 -6.72376 245.469
8.57078 -6.72075 245.228
8.67861 -6.72942 245.549
8.74536 -6.72905 245.555
8.78606 -6.71757 245.165
8.80288 -6.71552 244.989
8.82181 -6.7098 244.931
8.88321 -6.73133 245.524
8.93603 -6.73875 245.812
8.98682 -6.7071 244.851
9.03779 -6.72337 245.069
9.04701 -6.71385 245.005
9.05421 -6.71537 245.004
9.05981 -6.71726 245.126
9.05947 -6.71348 244.943
9.0664 -6.71327 245.105
9.06526 -6.71412 245.114
9.06371 -6.71859 245.101
9.05991 -6.71625 245.165
9.06024 -6.72057 245.192
9.06065 -6.71387 245.063
9.07464 -6.70902 244.789
9.10298 -6.71419 244.94
9.13175 -6.71994 245.065
9.14903 -6.72169 244.919
9.18505 -6.71562 244.882
9.20636 -6.71845 245.098
9.23538 -6.72151 245.106
9.25736 -6.71283 244.976
9.26068 -6.71137 244.91
9.2655 -6.7066 244.813
9.26525 -6.71012 244.92
9.26206 -6.70543 244.832
9.26695 -6.71008 244.872
9.27142 -6.71944 245.075
9.26888 -6.71482 244.945
9.27267 -6.70919 244.889
9.27978 -6.71279 245.002
9.27755 -6.71004 244.855
9.28592 -6.71545 245.058
9.30088 -6.71265 245.081
9.31616 -6.71431 245.104
9.32733 -6.71289 244.863
9.33219 -6.71254 244.903
9.33376 -6.7118 245.012
9.3327 -6.71333 244.987
9.33044 -6.71814 245.035
9.33297 -6.70963 244.882
9.3324 -6.70761 244.737
9.33794 -6.70632 244.924
9.33869 -6.71173 245.024
9.33501 -6.71287 244.981
9.33254 -6.70762 244.872
9.33301 -6.70795 244.973
9.33267 -6.70741 244.997
9.3334 -6.7053 245.001
9.3299 -6.71064 245.012
9.32777 -6.70851 244.958
9.33161 -6.70658 245.028
9.33209 -6.70604 245.005
9.33267 -6.70555 245.048
9.33395 -6.70751 245.006
9.32845 -6.70553 244.88
9.33224 -6.69365 244.836
9.33038 -6.69768 244.997
9.32854 -6.70361 245.094
9.32813 -6.70683 245.135
9.32836 -6.70505 245.092
9.33238 -6.70454 245.148
9.32874 -6.70054 244.941
9.33145 -6.69789 245.05
9.32944 -6.70141 245.057
9.32837 -6.7029 245.055
9.32603 -6.69613 244.948
9.32724 -6.69253 244.862
9.32629 -6.68542 244.623
9.32493 -6.69888 244.983
9.32797 -6.69483 244.918
9.32927 -6.69007 244.768
9.32945 -6.6979 244.988
9.3286 -6.70932 245.179
9.33109 -6.69523 244.951
9.33043 -6.68745 244.845
9.33021 -6.69705 245.019
9.32664 -6.7002 245.038
9.32747 -6.69975 245.052
9.32917 -6.69793 245.128
9.32826 -6.69189 245.004
9.33193 -6.69679 245.092
9.32994 -6.69823 245.108
9.32548 -6.69838 245.126
9.32879 -6.69689 245.13
9.3288 -6.70291 245.148
9.33046 -6.6979 245.084
9.32398 -6.69171 244.935
9.32765 -6.69559 245.067
9.32327 -6.69101 244.974
9.32471 -6.68223 244.846
9.33233 -6.70203 245.195
9.32893 -6.69659 245.194
9.32539 -6.70096 245.151
9.3276 -6.69203 245.128
9.32292 -6.68048 244.94
9.3247 -6.68791 245.042
9.32474 -6.69499 245.209
9.32192 -6.69067 245.138
9.3208 -6.68402 245.104
9.32051 -6.68619 245.193
9.3171 -6.68406 245.164
9.31851 -6.68204 245.152
9.3178 -6.68273 245.172
9.32033 -6.68564 245.185
9.31927 -6.68677 245.223
9.32104 -6.68389 245.179
9.3261 -6.68616 245.319
9.32375 -6.6869 245.201
9.32003 -6.66872 244.829
9.32409 -6.68036 245.021
9.32465 -6.69043 245.112
9.3239 -6.68646 245.064
9.32261 -6.69156 245.018
9.3247 -6.6949 245.044
9.32801 -6.69773 245.096
9.32361 -6.70025 245.027
9.32845 -6.70866 245.227
9.32861 -6.69762 245.02
9.32844 -6.6909 245.059
9.32346 -6.69872 245.005
9.3288 -6.71047 245.227
9.33242 -6.70874 245.275
9.33729 -6.70034 245.126
9.33114 -6.70647 245.062
9.33169 -6.71387 245.117
9.33062 -6.71004 245.029
9.3281 -6.70861 245.006
9.3273 -6.70818 244.994
9.32424 -6.70343 244.972
9.32601 -6.70598 245.042
9.33248 -6.70107 245.059
9.32714 -6.70733 244.963
9.32502 -6.70114 244.9
9.32817 -6.70539 245.014
9.32894 -6.70326 244.897
9.33204 -6.71075 245.01
9.33222 -6.71276 245.003
9.33327 -6.71213 244.909
9.33422 -6.71082 244.867
9.33894 -6.71635 245.019
9.33743 -6.71781 245.045
9.33348 -6.71524 244.941
9.33479 -6.71776 245.066
9.33228 -6.71589 245.002
9.32964 -6.71493 244.968
9.32958 -6.71121 244.887
9.32883 -6.7107 244.89
9.32853 -6.71273 244.915
9.33285 -6.70922 244.923
9.3299 -6.71881 244.931
9.33066 -6.71004 244.812
9.33143 -6.70676 244.809
9.33101 -6.706 244.832
9.32926 -6.71518 245.064
9.32869 -6.7046 244.781
9.32954 -6.70353 244.798
9.33157 -6.70151 244.841
9.33093 -6.707 244.886
9.32772 -6.70573 244.881
9.32861 -6.71559 245.128
9.33055 -6.71818 245.19
9.33167 -6.7093 245.055
9.32894 -6.70205 244.979
9.32981 -6.70984 245.082
9.33274 -6.70618 245.023
9.33523 -6.71255 245.097
9.33263 -6.71119 245.18
9.33259 -6.70834 245.163
9.33527 -6.70744 245.224
9.33065 -6.70451 245.185
9.32644 -6.69876 245.044
9.32632 -6.70304 245.123
9.32667 -6.70304 245.211
9.32824 -6.69787 245.202
9.32854 -6.69735 245.251
9.32443 -6.68663 245.039
9.3284 -6.68656 245.128
9.32705 -6.69452 245.193
9.32511 -6.69477 245.179
9.32928 -6.68945 245.142
9.32878 -6.69021 245.12
9.32323 -6.6881 245.095
9.32218 -6.68647 244.981
9.3251 -6.68146 245.039
9.32595 -6.68957 245.242
9.3302 -6.69142 245.19
9.33101 -6.69496 245.212
9.33027 -6.69083 245.068
9.32951 -6.69671 245.055
9.33011 -6.70337 245.16
9.32833 -6.70449 245.165
9.33144 -6.70138 245.08
9.33018 -6.69171 244.837
9.33185 -6.69782 245.052
9.335 -6.70405 245.064
9.33464 -6.70623 245.044
9.33204 -6.70548 245.018
9.33256 -6.71254 245.094
9.33263 -6.71173 245.053
9.33088 -6.70683 244.985
9.33233 -6.70895 244.994
9.33227 -6.71079 245.065
9.33178 -6.71499 245.159
9.33473 -6.71933 245.147
9.33338 -6.70687 244.921
9.33328 -6.70867 245.01
9.33143 -6.70742 245.05
9.32946 -6.71104 245.035
9.32792 -6.71651 245.14
9.33005 -6.71369 245.022
9.32874 -6.70723 244.936
9.33367 -6.71465 244.945
9.33318 -6.718 245.067
9.33216 -6.71423 245.021
9.33139 -6.71494 245.021
9.33673 -6.7181 245.187
9.33683 -6.71301 245.17
9.44668 -6.76402 246.647
9.63317 -6.73595 246.008
9.72166 -6.70785 245.14
9.74079 -6.69614 244.793
9.74688 -6.70561 244.835
9.8558 -6.73643 245.901
9.95835 -6.69112 244.251
10.1206 -6.74126 246.033
10.2148 -6.70252 245.118
10.2511 -6.70721 245.148
10.2777 -6.70596 245.181
10.3809 -6.69608 244.591
10.5428 -6.69892 244.545
10.7486 -6.73278 245.826
10.8156 -6.74923 246.342
10.9881 -6.75254 246.302
11.1788 -6.75422 246.622
11.3251 -6.73949 245.907
11.4605 -6.74104 245.994
11.551 -6.73 245.815
11.5776 -6.71724 245.235
11.6026 -6.70865 245.04
11.6628 -6.7208 245.657
11.7518 -6.72622 245.582
11.8586 -6.73407 245.679
11.896 -6.70677 244.664
11.9992 -6.71242 245.622
12.1234 -6.7215 245.733
12.1665 -6.68572 244.172
12.2963 -6.6901 244.443
12.3869 -6.7238 245.583
12.4491 -6.71801 245.317
12.519 -6.68843 244.658
12.5811 -6.6858 244.253
12.7207 -6.74797 246.087
12.878 -6.73036 245.854
13.0156 -6.72288 245.566
13.0677 -6.70895 245.122
13.153 -6.71458 245.441
13.331 -6.68464 244.052
13.5042 -6.67367 244.026
13.6576 -6.71177 245.466
13.7845 -6.71043 245.45
13.8287 -6.6767 244.123
13.9457 -6.71751 245.357
13.9726 -6.70291 244.807
14.0222 -6.69434 244.932
14.1305 -6.74152 246.264
14.1726 -6.71704 245.172
14.2968 -6.70998 245.463
14.3859 -6.69952 245.021
14.5069 -6.71161 245.429
14.5476 -6.69597 244.67
14.6016 -6.69353 244.776
14.6375 -6.67798 244.266
14.748 -6.67817 244.029
14.8849 -6.71111 245.298
14.9159 -6.68111 244.298
14.9824 -6.72195 245.121
15.0958 -6.7363 245.686
15.1666 -6.72116 245.637
15.3152 -6.72678 245.685
15.3515 -6.72139 245.308
15.478 -6.7134 245.397
15.5237 -6.67676 244.132
15.6184 -6.68094 244.19
15.7386 -6.72423 245.25
15.8331 -6.70999 245.261
15.9478 -6.71373 245.351
15.9952 -6.68539 244.362
16.1221 -6.71912 245.439
16.2201 -6.70973 245.3
16.321 -6.72471 245.338
16.4066 -6.7018 244.98
16.466 -6.69203 244.838
16.6416 -6.72573 246.065
16.7481 -6.7046 245.222
16.8819 -6.70682 245.249
16.8804 -6.67837 243.937
17.0406 -6.70673 245.132
17.0608 -6.68811 244.221
17.1729 -6.66686 243.979
17.2973 -6.70994 245.103
17.4015 -6.71082 245.316
17.4664 -6.70474 244.999
17.5092 -6.67316 244.114
17.6344 -6.72538 245.381
17.731 -6.70595 245.166
17.8284 -6.707 245.249
17.9578 -6.71438 245.432
18.0261 -6.70246 244.959
18.0759 -6.68383 244.693
18.142 -6.70029 245.034
18.1867 -6.70377 244.766
18.1921 -6.69231 244.319
18.3137 -6.7117 245.262
18.3356 -6.68993 244.61
18.3686 -6.68272 244.34
18.4602 -6.68532 244.473
18.5386 -6.68281 244.101
18.6555 -6.69151 244.44
18.7009 -6.69794 244.77
18.7692 -6.69581 245.034
18.8967 -6.71929 245.479
18.9077 -6.68874 244.29
19.0272 -6.68662 244.704
19.0571 -6.68891 244.561
19.1074 -6.69915 244.796
19.1164 -6.69623 244.688
19.1301 -6.69693 244.659
19.1509 -6.70586 244.892
19.1778 -6.69358 244.728
19.1863 -6.6976 244.674
19.211 -6.69886 244.867
19.2258 -6.69526 244.723
19.2426 -6.6924 244.63
19.2691 -6.69556 244.686
19.2924 -6.69099 244.634
19.2879 -6.6936 244.486
19.2937 -6.68666 244.429
19.3121 -6.69525 244.674
19.3155 -6.69834 244.714
19.322 -6.69736 244.702
19.3358 -6.6967 244.762
19.3314 -6.69007 244.642
19.3289 -6.68937 244.554
19.3572 -6.69065 244.738
19.4944 -6.69009 244.776
19.5313 -6.70375 245.041
19.5255 -6.70109 244.744
19.5223 -6.69377 244.682
19.5226 -6.69215 244.718
19.5314 -6.69403 244.705
19.5326 -6.68011 244.609
19.5311 -6.68596 244.567
19.5305 -6.68357 244.527
19.5333 -6.69089 244.583
19.5317 -6.69245 244.609
19.5363 -6.69265 244.667
19.5462 -6.69528 244.862
19.5345 -6.68591 244.612
19.5286 -6.67663 244.473
19.5377 -6.6856 244.69
19.5282 -6.67852 244.593
19.524 -6.67341 244.534
19.5296 -6.67291 244.598
19.5222 -6.66041 244.473
19.5163 -6.64784 244.334
19.5228 -6.65359 244.495
19.5189 -6.64358 244.481
19.5101 -6.64076 244.403
19.5017 -6.64675 244.402
19.5033 -6.63548 244.364
19.5102 -6.63034 244.454
19.5079 -6.63855 244.488
19.5142 -6.64723 244.653
19.5135 -6.64176 244.607
19.506 -6.64838 244.546
19.5108 -6.64647 244.599
19.5148 -6.64775 244.677
19.5059 -6.64484 244.496
19.5067 -6.64263 244.464
19.509 -6.64746 244.527
19.5173 -6.6496 244.625
19.5238 -6.66585 244.68
19.5326 -6.67309 244.732
19.5178 -6.66152 244.518
19.5057 -6.65611 244.364
19.5132 -6.66272 244.545
19.5164 -6.65775 244.517
19.5072 -6.65427 244.386
19.5126 -6.65946 244.474
19.5121 -6.66523 244.478
19.511 -6.66393 244.462
19.5064 -6.66804 244.424
19.5155 -6.6717 244.544
19.5201 -6.67123 244.543
19.5273 -6.68323 244.712
19.5365 -6.68609 244.771
19.5338 -6.68731 244.737
19.5182 -6.67998 244.518
19.5229 -6.68016 244.569
19.5235 -6.68276 244.595
19.5168 -6.68135 244.497
19.5304 -6.68474 244.635
19.5282 -6.67966 244.578
19.5187 -6.67732 244.494
19.5149 -6.6726 244.456
19.5201 -6.67374 244.552
19.5204 -6.66916 244.537
19.5127 -6.66433 244.381
19.5169 -6.66916 244.46
19.5236 -6.66998 244.637
19.518 -6.66597 244.567
19.5135 -6.66298 244.473
19.5278 -6.67055 244.619
19.5277 -6.6746 244.67
19.5262 -6.66874 244.626
19.5387 -6.68399 244.832
19.528 -6.68448 244.646
19.5244 -6.67979 244.581
19.5221 -6.68052 244.619
19.5207 -6.68133 244.535
19.5234 -6.68019 244.534
19.5213 -6.68581 244.55
19.5192 -6.68797 244.515
19.5223 -6.69179 244.619
19.5209 -6.68881 244.55
19.5111 -6.68189 244.404
19.5176 -6.67802 244.411
19.524 -6.69014 244.535
19.5094 -6.67299 244.264
19.5221 -6.67954 244.451
19.5218 -6.67481 244.451
19.5324 -6.69131 244.704
19.5323 -6.68792 244.667
19.527 -6.68272 244.556
19.5315 -6.68188 244.617
19.5262 -6.69029 244.558
19.5255 -6.6854 244.563
19.5254 -6.68528 244.538
19.5277 -6.69088 244.663
19.527 -6.68662 244.604
19.5286 -6.6889 244.601
19.5239 -6.68309 244.506
19.5151 -6.67726 244.402
19.5147 -6.67366 244.406
19.5321 -6.67093 244.6
19.5288 -6.66888 244.562
19.5264 -6.66827 244.532
19.5252 -6.66875 244.539
19.5264 -6.66304 244.552
19.5147 -6.65987 244.435
19.5294 -6.66612 244.625
19.5254 -6.66429 244.598
19.521 -6.66156 244.618
19.5188 -6.66187 244.572
19.5295 -6.66007 244.667
19.5257 -6.65996 244.674
19.5288 -6.66662 244.762
19.5226 -6.66519 244.694
19.5272 -6.67212 244.829
19.5174 -6.66758 244.65
19.5074 -6.65086 244.345
19.5019 -6.65008 244.36
19.5053 -6.65055 244.404
19.5157 -6.65317 244.528
19.513 -6.64797 244.498
19.5175 -6.65129 244.563
19.5205 -6.64915 244.572
19.5178 -6.65051 244.509
19.5153 -6.65179 244.472
19.5212 -6.65949 244.59
19.519 -6.65725 244.532
19.5209 -6.65625 244.553
19.5141 -6.65251 244.422
19.5204 -6.66077 244.574
19.5207 -6.65992 244.587
19.5148 -6.65219 244.456
19.5035 -6.64464 244.219
19.5017 -6.63711 244.141
19.5153 -6.65196 244.385
19.5128 -6.64923 244.307
19.5089 -6.64915 244.227
19.5166 -6.65332 244.435
19.5276 -6.66187 244.617
19.5274 -6.66063 244.611
19.515 -6.65533 244.405
19.5175 -6.66347 244.485
19.5255 -6.66708 244.611
19.5192 -6.66205 244.454
19.5216 -6.66202 244.482
19.5233 -6.66125 244.49
19.5209 -6.6528 244.376
19.5192 -6.65826 244.378
19.5241 -6.66121 244.503
19.5286 -6.66451 244.55
19.5231 -6.65943 244.448
19.518 -6.65729 244.391
19.5135 -6.6551 244.305
19.5195 -6.66546 244.442
19.5264 -6.66886 244.578
19.512 -6.66308 244.305
19.515 -6.66263 244.283
19.5096 -6.66712 244.357
19.4998 -6.66108 244.333
19.5054 -6.66155 244.391
19.5125 -6.66702 244.531
19.5088 -6.66846 244.459
19.503 -6.66557 244.354
19.5208 -6.67081 244.621
19.5047 -6.66185 244.433
19.5035 -6.66345 244.349
19.5149 -6.67147 244.528
19.5219 -6.66446 244.422
19.5283 -6.65865 244.305
19.5465 -6.66584 244.535
19.5768 -6.67616 244.799
19.6688 -6.6848 244.924
19.7419 -6.67339 244.787
19.7563 -6.66054 244.177
19.8378 -6.67476 244.781
19.8985 -6.64764 244.115
19.9645 -6.67384 244.619
19.9749 -6.67432 244.607
19.9927 -6.67651 244.75
20.0627 -6.69464 245.419
20.2482 -6.74253 247.016
20.2284 -6.67482 244.609
20.2436 -6.66265 244.113
20.3958 -6.7058 245.467
20.4865 -6.6999 245.21
20.4838 -6.64693 243.697
20.654 -6.64842 243.888
20.7055 -6.63726 243.572
20.8839 -6.64469 243.794
21.0107 -6.62972 243.365
21.2048 -6.67929 245.108
21.2967 -6.68261 244.972
21.3933 -6.68777 245.089
21.4103 -6.67659 244.735
21.5423 -6.68891 245.378
21.6267 -6.68678 245.045
21.6082 -6.64516 243.985
21.7238 -6.67203 244.866
21.7591 -6.64808 243.944
21.8479 -6.63322 243.603
22.0883 -6.69709 245.545
22.2365 -6.69606 245.512
22.3557 -6.68634 245.285
22.3956 -6.66011 244.017
22.5468 -6.65506 243.829
22.7459 -6.65297 244.1
22.9673 -6.69826 245.462
23.0308 -6.7105 245.694
23.0004 -6.64606 243.923
23.3198 -6.7198 246.432
23.5407 -6.7211 246.355
23.7681 -6.71297 246.226
23.7451 -6.64313 243.619
23.9412 -6.65018 243.855
24.061 -6.67112 244.601
24.0723 -6.66354 244.489
24.0901 -6.65846 244.464
24.1215 -6.66009 244.591
24.242 -6.68098 245.079
24.2312 -6.65629 244.25
24.317 -6.65501 244.027
24.4422 -6.65016 243.989
24.7286 -6.69196 245.699
24.6943 -6.6398 243.576
25.0132 -6.70632 245.866
25.1285 -6.6776 245.085
25.2015 -6.66897 244.826
25.2372 -6.66836 244.64
25.2463 -6.6468 243.904
25.4405 -6.68515 245.245
25.6237 -6.714 246.377
25.6561 -6.69092 245.597
25.6599 -6.68266 244.864
25.7458 -6.68247 244.899
25.8681 -6.67478 245.076
25.8439 -6.64368 243.766
25.9755 -6.65574 244.403
26.0206 -6.67537 244.569
26.1178 -6.68275 245.094
26.1976 -6.66223 244.788
26.2112 -6.6566 244.171
26.2976 -6.65415 244.334
26.3152 -6.6537 244.159
26.3685 -6.65996 244.451
26.4273 -6.65764 244.593
26.4244 -6.65121 244.085
26.4958 -6.65086 244.145
26.6034 -6.67109 244.896
26.6285 -6.67363 244.829
26.7075 -6.67525 245.146
26.6935 -6.65638 244.556
26.7246 -6.65458 243.904
26.7949 -6.63807 243.964
26.8997 -6.64476 244.372
26.9608 -6.64984 244.367
27.0013 -6.65701 244.457
27.0449 -6.66168 244.561
27.0807 -6.64794 244.421
27.0786 -6.64048 243.835
27.2032 -6.67855 244.769
27.2335 -6.66703 244.483
27.2811 -6.67094 244.579
27.3152 -6.65478 244.172
27.4864 -6.68686 245.245
27.5526 -6.66845 244.838
27.5709 -6.65602 244.495
27.5839 -6.65748 244.482
27.616 -6.65611 244.35
27.7162 -6.66563 244.745
27.7607 -6.66208 244.7
27.788 -6.66237 244.521
27.7759 -6.64683 244.205
27.7978 -6.65603 244.33
27.7966 -6.65212 244.303
27.8168 -6.65475 244.484
27.8073 -6.65089 244.45
27.8275 -6.66199 244.629
27.8144 -6.65735 244.505
27.795 -6.65158 244.315
27.8075 -6.65668 244.448
27.8164 -6.6601 244.544
27.8164 -6.66062 244.522
27.8158 -6.65775 244.522
27.8452 -6.65903 244.595
27.8549 -6.66096 244.507
27.881 -6.65796 244.553
27.9195 -6.67036 244.791
27.9288 -6.66937 244.72
27.9299 -6.66381 244.634
27.9163 -6.65728 244.437
27.9062 -6.64996 244.285
27.9126 -6.6479 244.317
27.9309 -6.65106 244.485
27.9223 -6.64655 244.313
27.921 -6.63851 244.145
27.9363 -6.65052 244.221
27.9501 -6.6568 244.291
27.9687 -6.65257 244.345
27.9786 -6.65445 244.359
28.0294 -6.65813 244.6
28.0432 -6.65137 244.505
28.0385 -6.64609 244.382
28.0313 -6.63866 244.226
28.052 -6.64426 244.438
28.0508 -6.64503 244.483
28.0488 -6.64541 244.434
28.0539 -6.64257 244.497
28.048 -6.63997 244.447
28.0313 -6.63223 244.294
28.0413 -6.64118 244.412
28.0432 -6.62522 244.376
28.0388 -6.6263 244.379
28.0182 -6.60769 244.175
28.0277 -6.60698 244.266
28.045 -6.61232 244.512
28.0362 -6.60483 244.403
28.033 -6.59698 244.355
28.0158 -6.59634 244.214
28.0171 -6.60233 244.273
28.0221 -6.60663 244.324
28.0359 -6.6088 244.463
28.0404 -6.60921 244.49
28.0417 -6.61338 244.476
28.0261 -6.616 244.298
28.0393 -6.62317 244.38
28.0418 -6.62835 244.409
28.0405 -6.63218 244.378
28.0457 -6.63599 244.418
28.0519 -6.63769 244.471
28.0739 -6.6518 244.715
28.0374 -6.64255 244.3
28.0368 -6.64438 244.27
28.0356 -6.64365 244.253
28.0516 -6.6551 244.433
28.0647 -6.65586 244.554
28.051 -6.64666 244.385
28.0517 -6.64645 244.366
28.0605 -6.65056 244.412
28.057 -6.6518 244.347
28.0543 -6.65315 244.354
28.0518 -6.65187 244.358
28.0467 -6.65071 244.313
28.041 -6.6509 244.27
28.0605 -6.66051 244.451
28.0556 -6.66114 244.42
28.0217 -6.65084 244.018
28.0378 -6.65418 244.229
28.0263 -6.65275 244.095
28.0353 -6.65409 244.182
28.0516 -6.66226 244.382
28.0644 -6.66316 244.473
28.0443 -6.66566 244.303
28.0587 -6.66717 244.413
28.0529 -6.66224 244.333
28.0542 -6.66214 244.381
28.0421 -6.65991 244.251
28.0513 -6.66754 244.338
28.0532 -6.66326 244.367
28.0579 -6.66315 244.415
28.0543 -6.65895 244.337
28.0436 -6.65125 244.193
28.0444 -6.65686 244.254
28.0375 -6.65847 244.226
28.0397 -6.65774 244.183
28.0601 -6.66416 244.386
28.0558 -6.66164 244.335
28.0613 -6.65826 244.404
28.0481 -6.65849 244.28
28.0482 -6.66367 244.304
28.0671 -6.66957 244.489
28.0569 -6.66635 244.359
28.0462 -6.65486 244.224
28.0551 -6.66003 244.351
28.0623 -6.66742 244.469
28.0619 -6.67281 244.444
28.0569 -6.66609 244.409
28.0654 -6.66788 244.45
28.056 -6.66487 244.365
28.0617 -6.667 244.432
28.0554 -6.66635 244.392
28.0513 -6.66738 244.388
28.0507 -6.66385 244.343
28.0526 -6.66073 244.304
28.0468 -6.66018 244.239
28.0496 -6.66133 244.291
28.0603 -6.66773 244.402
28.0512 -6.66402 244.358
28.0518 -6.66216 244.335
28.0456 -6.66089 244.271
28.0527 -6.66049 244.361
28.048 -6.65694 244.304
28.0454 -6.6597 244.292
28.0502 -6.66215 244.338
28.0612 -6.6673 244.462
28.0507 -6.6586 244.331
28.0505 -6.66037 244.316
28.045 -6.65542 244.282
28.0415 -6.65517 244.228
28.0484 -6.64907 244.291
28.0493 -6.65092 244.312
28.037 -6.6526 244.269
28.0266 -6.64472 244.144
28.0142 -6.63692 243.993
28.042 -6.64692 244.27
28.0698 -6.66294 244.568
28.0553 -6.65616 244.414
28.0479 -6.65206 244.356
28.0374 -6.63942 244.243
28.0395 -6.64434 244.304
28.0279 -6.63844 244.207
28.0132 -6.62805 244.006
28.0372 -6.63787 244.274
28.0472 -6.64068 244.409
28.0331 -6.63415 244.275
28.0205 -6.62351 244.125
28.0274 -6.62772 244.205
28.0257 -6.63286 244.24
28.0266 -6.62842 244.253
28.0465 -6.62747 244.428
28.0261 -6.62262 244.229
28.0408 -6.62469 244.364
28.0474 -6.62411 244.456
28.0603 -6.62334 244.635
28.0427 -6.61698 244.442
28.0314 -6.61168 244.299
28.0298 -6.60792 244.296
28.0303 -6.61171 244.323
28.0253 -6.61187 244.293
28.0465 -6.62115 244.548
28.0314 -6.61532 244.472
28.0117 -6.59667 244.17
28.0282 -6.60434 244.342
28.0358 -6.60963 244.443
28.0503 -6.61387 244.582
28.0484 -6.62119 244.576
28.0402 -6.60928 244.449
28.0374 -6.60808 244.401
28.0446 -6.61317 244.504
28.0471 -6.61253 244.54
28.0648 -6.62298 244.739
28.0567 -6.61927 244.654
28.0495 -6.62128 244.569
28.0426 -6.62331 244.501
28.0507 -6.62404 244.554
28.0479 -6.62346 244.506
28.0494 -6.62853 244.504
28.0522 -6.63091 244.489
28.0386 -6.62504 244.393
28.0306 -6.62021 244.325
28.0369 -6.6278 244.371
28.0378 -6.62758 244.368
28.0387 -6.62888 244.351
28.0463 -6.63175 244.42
28.0355 -6.63514 244.297
28.0192 -6.6289 244.151
28.0372 -6.63273 244.282
28.0245 -6.62674 244.137
28.0358 -6.6328 244.258
28.0457 -6.63735 244.342
28.0494 -6.64476 244.428
28.0507 -6.64992 244.463
28.0365 -6.63502 244.247
28.0372 -6.64141 244.276
28.0456 -6.64416 244.356
28.0415 -6.63874 244.305
28.0427 -6.64676 244.343
28.038 -6.64663 244.338
28.0497 -6.64874 244.434
28.0535 -6.64847 244.437
28.0415 -6.63832 244.287
28.0372 -6.63412 244.232
28.0316 -6.63283 244.19
28.0485 -6.63767 244.363
28.035 -6.63525 244.241
28.0486 -6.64017 244.369
28.0508 -6.64375 244.415
28.0362 -6.64272 244.267
28.0361 -6.64533 244.248
28.0595 -6.6525 244.443
28.0513 -6.64915 244.355
28.0494 -6.64451 244.389
28.0531 -6.643 244.423
28.0548 -6.65018 244.451
28.0431 -6.6464 244.329
28.0402 -6.64287 244.298
28.0471 -6.64363 244.354
28.0548 -6.64735 244.472
28.0291 -6.64047 244.228
28.0246 -6.63347 244.157
28.0852 -6.63939 244.487
28.0925 -6.64223 244.122
28.1301 -6.64688 244.278
28.1873 -6.65329 244.529
28.1908 -6.64802 244.387
28.2159 -6.64894 244.41
28.2346 -6.64429 244.343
28.2425 -6.63824 244.169
28.2585 -6.64524 244.218
28.263 -6.64305 244.173
28.321 -6.65866 244.615
28.3704 -6.66115 244.856
28.4623 -6.68159 245.085
28.6539 -6.67793 245.464
28.6654 -6.65173 244.602
28.6432 -6.64355 244.112
28.6996 -6.65715 244.252
28.8094 -6.66286 244.9
28.9145 -6.67172 245.189
28.8735 -6.63214 243.725
29.1458 -6.66687 245.401
29.2324 -6.66602 245.091
29.2926 -6.6792 245.281
29.4379 -6.6634 245.294
29.6291 -6.67362 245.584
29.5578 -6.62888 243.934
29.6576 -6.61366 243.613
29.9334 -6.67016 245.35
29.8984 -6.6312 243.833
30.1175 -6.66447 245.133
30.3408 -6.695 246.149
30.2248 -6.6298 243.839
30.4442 -6.66156 245.079
30.4016 -6.62842 244.064
30.4941 -6.64527 244.57
30.6531 -6.66382 245.194
30.7931 -6.67855 245.426
30.8308 -6.66378 245.137
30.9272 -6.6652 245.016
31.0614 -6.66682 245.343
30.9446 -6.6113 243.369
31.165 -6.65863 244.799
31.2761 -6.66813 245.102
31.2994 -6.66455 245.029
31.4209 -6.66619 245.407
31.3763 -6.64358 244.402
31.5313 -6.67493 245.257
31.6432 -6.66589 245.218
31.5608 -6.62179 243.481
31.9233 -6.68101 245.58
32.1546 -6.69191 245.817
32.2832 -6.68178 245.629
32.2642 -6.65561 244.922
32.3698 -6.67509 245.271
32.5603 -6.68089 245.731
32.874 -6.69135 246.275
32.7485 -6.63099 243.805
32.9172 -6.6208 243.835
32.9725 -6.6289 243.86
33.1443 -6.64725 244.681
33.1652 -6.64458 244.622
33.2327 -6.6516 244.932
33.2792 -6.66568 244.92
33.3672 -6.65811 244.958
33.3755 -6.66023 244.696
33.3463 -6.64315 244.056
33.5521 -6.66984 245.247
33.5651 -6.65678 244.983
33.4853 -6.61746 243.695
33.6111 -6.63249 243.921
33.8603 -6.67639 245.425
33.9084 -6.66494 245.008
33.8404 -6.6325 243.895
33.9376 -6.62195 243.751
34.2183 -6.67667 245.374
34.3693 -6.67445 245.336
34.4743 -6.66508 245.175
34.4501 -6.64492 244.474
34.4638 -6.63951 244.204
34.5596 -6.65281 244.669
34.6287 -6.65837 244.856
34.6866 -6.65993 244.882
34.742 -6.66337 244.822
34.8034 -6.65689 244.748
34.9804 -6.68343 245.701
34.9056 -6.65627 244.709
35.0474 -6.68176 245.276
35.1488 -6.6634 245.175
35.2781 -6.68754 245.348
35.3493 -6.65964 244.998
35.3654 -6.67378 244.783
35.3514 -6.65221 244.248
35.4148 -6.65193 244.453
35.4517 -6.64105 244.375
35.5121 -6.65642 244.682
35.5733 -6.65477 244.72
35.6437 -6.66267 244.796
35.6623 -6.65762 244.69
35.6016 -6.62918 243.848
36.0074 -6.69084 245.742
36.1361 -6.66101 245.334
36.1408 -6.65253 244.584
36.2878 -6.66751 245.023
36.2576 -6.64707 244.249
36.3173 -6.65089 244.416
36.3353 -6.64509 244.362
36.3489 -6.65414 244.391
36.3835 -6.65461 244.47
36.4146 -6.65059 244.496
36.4243 -6.64483 244.341
36.455 -6.64074 244.363
36.4975 -6.64774 244.532
36.5256 -6.65571 244.544
36.5535 -6.66331 244.637
36.5501 -6.65609 244.436
36.5848 -6.65283 244.523
36.572 -6.64645 244.295
36.6477 -6.65786 244.736
36.7689 -6.67571 245.207
36.7811 -6.66321 244.873
36.7566 -6.6464 244.503
36.7754 -6.65507 244.539
36.758 -6.64472 244.272
36.7638 -6.63767 244.19
36.7684 -6.641 244.175
36.7807 -6.64382 244.218
36.8225 -6.65242 244.482
36.8276 -6.65295 244.491
36.8853 -6.65203 244.623
36.8948 -6.64238 244.452
36.9016 -6.63828 244.279
37.01 -6.65081 244.813
36.9811 -6.65016 244.454
36.9903 -6.65812 244.467
37.0414 -6.66184 244.708
37.0869 -6.65899 244.753
37.1255 -6.64474 244.657
37.172 -6.65389 244.769
37.2025 -6.66401 244.669
37.1891 -6.64003 244.119
37.4321 -6.6722 245.3
37.4001 -6.63132 243.802
37.6491 -6.66597 244.897
37.616 -6.6453 244.458
37.6308 -6.6461 244.467
37.6252 -6.63999 244.33
37.6619 -6.64575 244.468
37.6822 -6.64997 244.537
37.6751 -6.65125 244.447
37.6532 -6.63871 244.259
37.6405 -6.63187 244.119
37.6536 -6.63227 244.188
37.6613 -6.62817 244.255
37.6674 -6.6278 244.296
37.6576 -6.63008 244.231
37.6497 -6.62245 244.18
37.645 -6.61873 244.147
37.6523 -6.62518 244.211
37.6487 -6.6251 244.225
37.6561 -6.62247 244.281
37.663 -6.62059 244.324
37.6676 -6.62093 244.354
37.6546 -6.61434 244.275
37.6586 -6.61011 244.333
37.6558 -6.61284 244.352
37.6389 -6.60883 244.24
37.6429 -6.60802 244.262
37.6337 -6.59907 244.21
37.6227 -6.6009 244.138
37.6066 -6.59199 244.027
37.6485 -6.59615 244.327
37.7001 -6.61203 244.707
37.6626 -6.61111 244.46
37.6419 -6.61285 244.28
37.6442 -6.61366 244.251
37.6367 -6.61722 244.233
37.637 -6.62572 244.25
37.6509 -6.62375 244.342
37.6511 -6.62638 244.302
37.6367 -6.62104 244.181
37.6568 -6.63052 244.335
37.65 -6.63077 244.29
37.6722 -6.63915 244.464
37.6576 -6.63609 244.351
37.6598 -6.63774 244.35
37.6705 -6.6408 244.422
37.6679 -6.6376 244.387
37.6722 -6.63998 244.409
37.6684 -6.64854 244.386
37.6741 -6.64759 244.394
37.6698 -6.64552 244.358
37.6584 -6.6409 244.297
37.6774 -6.65228 244.423
37.6799 -6.65749 244.46
37.6691 -6.65166 244.368
37.6631 -6.65031 244.314
37.6632 -6.65168 244.295
37.6731 -6.65265 244.359
37.6665 -6.65211 244.299
37.6923 -6.65912 244.479
37.6935 -6.65944 244.495
37.6966 -6.66048 244.547
37.6962 -6.66259 244.532
37.6982 -6.65725 244.527
37.6727 -6.65653 244.341
37.6542 -6.65438 244.201
37.6585 -6.65266 244.251
37.6731 -6.65466 244.381
37.6734 -6.65081 244.384
37.6893 -6.65495 244.492
37.6854 -6.65696 244.46
37.6678 -6.65178 244.31
37.6643 -6.64881 244.286
37.6654 -6.64658 244.284
37.6716 -6.65002 244.325
37.6702 -6.64944 244.326
37.6707 -6.6532 244.339
37.657 -6.64521 244.21
37.6701 -6.64803 244.317
37.691 -6.64884 244.483
37.6861 -6.64625 244.416
37.6858 -6.6475 244.43
37.6835 -6.64704 244.432
37.7118 -6.65471 244.647
37.7015 -6.65565 244.561
37.6952 -6.65786 244.51
37.6838 -6.65657 244.447
37.6684 -6.65329 244.342
37.6687 -6.65157 244.355
37.669 -6.64889 244.362
37.6862 -6.65403 244.468
37.6888 -6.64877 244.454
37.6795 -6.64963 244.383
37.6605 -6.64587 244.232
37.6656 -6.64614 244.308
37.6663 -6.64182 244.331
37.6711 -6.64362 244.362
37.6766 -6.64693 244.384
37.6767 -6.64451 244.374
37.6872 -6.64778 244.435
37.6848 -6.64865 244.42
37.6814 -6.65399 244.449
37.6639 -6.64676 244.305
37.6381 -6.63832 244.076
37.6571 -6.63986 244.248
37.6785 -6.6459 244.412
37.6773 -6.64722 244.414
37.6943 -6.64675 244.532
37.6671 -6.63934 244.335
37.6468 -6.62529 244.148
37.6239 -6.61823 243.949
37.6391 -6.62391 244.068
37.6632 -6.63182 244.264
37.6571 -6.62869 244.209
37.6524 -6.63127 244.177
37.6513 -6.63717 244.181
37.6573 -6.64101 244.218
37.6601 -6.64067 244.211
37.6718 -6.64937 244.32
37.6868 -6.66053 244.455
37.6924 -6.66084 244.504
37.6639 -6.64825 244.244
37.6605 -6.65003 244.202
37.6801 -6.65849 244.354
37.6807 -6.65761 244.345
37.6862 -6.65547 244.368
37.6997 -6.66107 244.467
37.6842 -6.65809 244.358
37.6853 -6.65926 244.359
37.6665 -6.64721 244.202
37.6696 -6.65398 244.229
37.6899 -6.65835 244.403
37.6785 -6.65948 244.294
37.6626 -6.65981 244.196
37.6599 -6.65665 244.147
37.6916 -6.66202 244.393
37.6854 -6.65861 244.328
37.6736 -6.65327 244.238
37.6782 -6.65503 244.293
37.6608 -6.65891 244.169
37.6737 -6.6584 244.284
37.6759 -6.66047 244.296
37.6818 -6.66106 244.35
37.6793 -6.65611 244.306
37.6484 -6.6432 244.089
37.6338 -6.63779 243.99
37.6722 -6.65615 244.284
37.6705 -6.6521 244.259
37.6766 -6.65734 244.299
37.671 -6.65728 244.284
37.6755 -6.65815 244.321
37.6802 -6.65464 244.331
37.6854 -6.6529 244.354
37.6678 -6.64647 244.243
37.6633 -6.64514 244.198
37.6525 -6.63841 244.075
37.651 -6.63942 244.091
37.6856 -6.64907 244.387
37.6595 -6.64668 244.185
37.6757 -6.65166 244.329
37.6773 -6.65027 244.349
37.6789 -6.64261 244.335
37.6727 -6.64228 244.313
37.6622 -6.64091 244.26
37.6526 -6.64466 244.168
37.6726 -6.64407 244.289
37.668 -6.64372 244.277
37.6586 -6.6379 244.226
37.6347 -6.62984 244.013
37.6352 -6.61769 243.963
37.6555 -6.63278 244.166
37.6731 -6.63803 244.291
37.6549 -6.63079 244.167
37.6515 -6.62012 244.119
37.6673 -6.63346 244.275
37.676 -6.63817 244.34
37.6794 -6.63671 244.377
37.6751 -6.6346 244.342
37.6692 -6.63804 244.305
37.6688 -6.6357 244.308
37.6509 -6.63101 244.147
37.6427 -6.62977 244.078
37.6709 -6.63966 244.262
37.6623 -6.63589 244.215
37.6502 -6.63923 244.168
37.6633 -6.64239 244.246
37.6591 -6.64021 244.181
37.663 -6.64643 244.233
37.6642 -6.64757 244.223
37.6683 -6.64484 244.256
37.6447 -6.64091 244.076
37.6613 -6.64474 244.173
37.6811 -6.65388 244.335
37.6773 -6.65267 244.291
37.6738 -6.65257 244.237
37.6774 -6.65337 244.289
37.6814 -6.65206 244.299
37.6656 -6.64559 244.177
37.6572 -6.64976 244.113
37.6438 -6.64873 244.01
37.6546 -6.65519 244.11
37.6697 -6.65463 244.21
37.6676 -6.65484 244.198
37.6564 -6.65033 244.133
37.6716 -6.65671 244.23
37.6757 -6.65667 244.233
37.6442 -6.65355 244.02
37.6586 -6.65885 244.135
37.694 -6.663 244.384
37.6688 -6.65492 244.2
37.6816 -6.66148 244.295
37.6812 -6.66792 244.269
37.6496 -6.66073 244.043
37.6772 -6.66639 244.225
37.6809 -6.66479 244.272
37.688 -6.6682 244.333
37.6815 -6.66512 244.271
37.6691 -6.66683 244.18
37.6719 -6.66606 244.201
37.6506 -6.65822 244.053
37.6565 -6.66291 244.112
37.6381 -6.66763 244.03
37.6315 -6.66263 243.971
37.6299 -6.65963 243.935
37.5995 -6.64617 243.667
37.6212 -6.65484 243.853
37.6185 -6.65306 243.842
37.6198 -6.66584 243.857
37.6131 -6.66094 243.795
37.6242 -6.65816 243.884
37.6088 -6.65614 243.765
37.5876 -6.64821 243.61
37.5968 -6.65479 243.706
37.6199 -6.65028 243.918
37.631 -6.65011 244.004
37.675 -6.65175 244.328
37.6343 -6.64224 244.012
37.6631 -6.64734 244.232
37.6612 -6.64491 244.236
37.6662 -6.6386 244.24
37.6712 -6.64089 244.303
37.6613 -6.63777 244.197
37.6747 -6.64357 244.329
37.6872 -6.6453 244.417
37.6708 -6.64058 244.281
37.6604 -6.63948 244.21
37.6689 -6.63866 244.291
37.669 -6.63594 244.249
37.661 -6.63507 244.212
37.6348 -6.6309 244.033
37.639 -6.63112 244.072
37.6297 -6.62682 244.014
37.648 -6.63245 244.134
37.6575 -6.63512 244.181
37.654 -6.62923 244.147
37.6551 -6.63181 244.194
37.6627 -6.63362 244.242
37.6448 -6.63929 244.127
37.6502 -6.6336 244.179
37.6606 -6.63717 244.251
37.6679 -6.63754 244.292
37.6674 -6.63845 244.288
37.6859 -6.6422 244.404
37.6769 -6.64116 244.356
37.6835 -6.64151 244.403
37.6827 -6.64028 244.404
37.6705 -6.64182 244.301
37.688 -6.63655 244.427
37.688 -6.64451 244.455
37.6541 -6.639 244.188
37.6495 -6.63509 244.142
37.6527 -6.63512 244.145
37.6875 -6.64426 244.427
37.6704 -6.63714 244.28
37.6618 -6.63458 244.214
37.6546 -6.635 244.168
37.6584 -6.63688 244.194
37.6545 -6.63524 244.183
37.6233 -6.62998 243.944
37.6521 -6.63039 244.15
37.6799 -6.64193 244.373
37.7109 -6.65166 244.595
37.6899 -6.64166 244.428
37.6779 -6.6342 244.343
37.6548 -6.63525 244.173
37.6642 -6.63979 244.238
37.6353 -6.63148 244.012
37.641 -6.63501 244.065
37.6525 -6.63623 244.156
37.6534 -6.63736 244.174
37.6625 -6.63747 244.226
37.6702 -6.63962 244.293
37.6493 -6.62882 244.108
37.6578 -6.62992 244.201
37.6672 -6.63592 244.265
37.6804 -6.63788 244.348
37.6826 -6.64203 244.383
37.6704 -6.63431 244.286
37.6554 -6.63702 244.181
37.6623 -6.63471 244.238
37.6692 -6.63605 244.289
