-17.8094 -5.93484 347.208
-17.833 -5.93812 347.716
-17.77 -5.92004 346.776
-17.7861 -5.92609 346.925
-17.7724 -5.92052 346.854
-17.7833 -5.93336 346.972
-17.7795 -5.92348 346.85
-17.7802 -5.92171 346.755
-17.7632 -5.91366 346.578
-17.7532 -5.91386 346.454
-17.7568 -5.92244 346.52
-17.7846 -5.92968 346.935
-17.7852 -5.92553 346.919
-17.7961 -5.92855 346.935
-17.8183 -5.92829 347.343
-17.7854 -5.92192 346.894
-17.7908 -5.94147 347.036
-17.7823 -5.92009 346.979
-17.8036 -5.92382 347.218
-17.8052 -5.92768 347.304
-17.7934 -5.92297 347.059
-17.8231 -5.92893 347.476
-17.817 -5.94042 347.433
-17.8102 -5.93686 347.362
-17.7803 -5.92612 346.902
-17.8157 -5.9319 347.366
-17.7916 -5.93622 347.09
-17.7949 -5.93856 347.08
-17.7762 -5.92849 346.816
-17.7772 -5.92889 346.833
-17.8128 -5.92443 347.288
-17.7817 -5.92015 346.887
-17.7578 -5.92068 346.453
-17.818 -5.92322 347.426
-17.7638 -5.9133 346.654
-17.7515 -5.90791 346.41
-17.8223 -5.92859 347.527
-17.8282 -5.92892 347.573
-17.8042 -5.92941 347.317
-17.8102 -5.94436 347.322
-17.8105 -5.93503 347.359
-17.8551 -5.95355 348.045
-17.8425 -5.94995 347.873
-17.8031 -5.92315 347.163
-17.7855 -5.92125 346.958
-17.7759 -5.9208 346.839
-17.7721 -5.93223 346.816
-17.7985 -5.94581 347.154
-17.7819 -5.93858 346.868
-17.777 -5.94067 346.855
-17.768 -5.93646 346.701
-17.8103 -5.93935 347.309
-17.7896 -5.92867 346.988
-17.775 -5.92974 346.727
-17.7494 -5.92466 346.308
-17.7362 -5.92255 346.164
-17.7515 -5.92697 346.534
-17.77 -5.92752 346.835
-17.7781 -5.92432 346.873
-17.8114 -5.93187 347.162
-17.783 -5.92097 346.895
-17.7667 -5.92679 346.648
-17.7771 -5.91613 346.854
-17.7771 -5.9055 346.814
-17.8043 -5.9123 347.317
-17.8109 -5.92942 347.442
-17.7923 -5.92744 347.059
-17.7986 -5.93677 347.239
-17.7845 -5.91669 346.962
-17.7971 -5.92598 347.1
-17.801 -5.92855 347.202
-17.772 -5.92779 346.824
-17.8087 -5.94165 347.249
-17.8229 -5.93977 347.549
-17.7932 -5.92938 347.079
-17.769 -5.92818 346.796
-17.7916 -5.9267 347.08
-17.7844 -5.92515 347.02
-17.7858 -5.93109 347.023
-17.8227 -5.94733 347.534
-17.7992 -5.93596 347.213
-17.7805 -5.91832 346.845
-17.7881 -5.92152 347.03
-17.7896 -5.92201 347.091
-17.7814 -5.92054 346.882
-17.7618 -5.92067 346.528
-17.7608 -5.9038 346.696
-17.7844 -5.91662 347.015
-17.7846 -5.92657 346.942
-17.8128 -5.93796 347.31
-17.8248 -5.94985 347.625
-17.7865 -5.92537 347.106
-17.7857 -5.93123 347.109
-17.8116 -5.94049 347.5
-17.814 -5.9397 347.468
-17.8204 -5.94512 347.56
-17.81 -5.95469 347.409
-17.8074 -5.95159 347.466
-17.8104 -5.94722 347.37
-17.8227 -5.93818 347.525
-17.8218 -5.94269 347.532
-17.8192 -5.94485 347.383
-17.7947 -5.91744 347.11
-17.7899 -5.91804 347.083
-17.8161 -5.94173 347.47
-17.8133 -5.93685 347.361
-17.7969 -5.92329 347.173
-17.7608 -5.92977 346.776
-17.7955 -5.93297 347.213
-17.7964 -5.93379 347.324
-17.7975 -5.9372 347.247
-17.8127 -5.93705 347.344
-17.8346 -5.94273 347.69
-17.827 -5.9391 347.55
-17.8029 -5.92682 347.256
-17.7821 -5.91809 346.967
-17.7831 -5.92786 346.938
-17.8095 -5.92908 347.211
-17.7918 -5.9164 347.012
-17.7787 -5.91515 346.855
-17.7915 -5.91357 347.092
-17.7926 -5.907 347.005
-17.7707 -5.90639 346.788
-17.7887 -5.92288 347.036
-17.7742 -5.91387 346.832
-17.7692 -5.91441 346.727
-17.7968 -5.92625 347.126
-17.782 -5.92114 346.981
-17.7955 -5.93032 347.188
-17.7648 -5.92408 346.747
-17.7875 -5.9239 347.08
-17.8169 -5.92354 347.505
-17.8138 -5.92672 347.502
-17.7839 -5.93055 346.996
-17.8169 -5.94817 347.456
-17.8221 -5.93215 347.409
-17.7999 -5.9519 347.259
-17.8112 -5.94851 347.485
-17.8024 -5.94046 347.271
-17.7771 -5.93291 346.907
-17.8004 -5.92761 347.095
-17.8039 -5.94354 347.103
-17.8047 -5.94132 347.267
-17.7915 -5.93773 347.087
-17.8117 -5.9483 347.441
-17.8221 -5.94858 347.447
-17.8012 -5.93014 347.109
-17.8061 -5.92706 346.962
-17.7783 -5.92594 346.732
-17.7909 -5.92459 347.043
-17.8246 -5.9398 347.467
-17.8075 -5.92955 347.285
-17.829 -5.94775 347.47
-17.8444 -5.9438 347.803
-17.8326 -5.951 347.619
-17.82 -5.93342 347.432
-17.8373 -5.92762 347.624
-17.8524 -5.93307 347.87
-17.8035 -5.92201 347.256
-17.7896 -5.92872 347.021
-17.8362 -5.94043 347.823
-17.8116 -5.93561 347.346
-17.7919 -5.92467 347.072
-17.7972 -5.90018 347.051
-17.8065 -5.92355 347.241
-17.7654 -5.92667 346.623
-17.8022 -5.91682 347.183
-17.7999 -5.93948 347.102
-17.8067 -5.93321 347.16
-17.8026 -5.93216 347.011
-17.8003 -5.92672 346.983
-17.8067 -5.91519 346.966
-17.7914 -5.92273 346.868
-17.8197 -5.92843 347.295
-17.8083 -5.93151 347.054
-17.7922 -5.92783 346.892
-17.8052 -5.92933 347.007
-17.7785 -5.92172 346.642
-17.8008 -5.92869 346.897
-17.7985 -5.93353 346.899
-17.8169 -5.92532 347.193
-17.8168 -5.91234 347.168
-17.8058 -5.92664 346.962
-17.7822 -5.91627 346.573
-17.8109 -5.91967 347.009
-17.8163 -5.91683 347.087
-17.8289 -5.92734 347.206
-17.8053 -5.91767 346.905
-17.7998 -5.91608 346.852
-17.7676 -5.91389 346.326
-17.8061 -5.92076 346.833
-17.8054 -5.90047 346.868
-17.7934 -5.90498 346.688
-17.8065 -5.91909 346.868
-17.7724 -5.90944 346.457
-17.7986 -5.91789 346.743
-17.8117 -5.909 346.981
-17.7953 -5.88519 346.525
-17.7966 -5.8996 346.69
-17.8337 -5.91289 347.329
-17.8173 -5.90326 346.996
-17.8135 -5.89391 346.918
-17.8084 -5.90231 346.817
-17.8278 -5.90605 347.029
-17.8254 -5.90372 347.1
-17.8214 -5.89264 347.079
-17.8192 -5.91243 347.007
-17.8251 -5.93257 347.203
-17.7952 -5.90623 346.712
-17.8024 -5.91837 346.76
-17.8122 -5.90874 346.848
-17.823 -5.90515 347.052
-17.7941 -5.91558 346.627
-17.8135 -5.92162 346.798
-17.7998 -5.92047 346.632
-17.7885 -5.91196 346.549
-17.8266 -5.92179 347.023
-17.8175 -5.91504 346.858
-17.8015 -5.91114 346.658
-17.8194 -5.91779 346.947
-17.788 -5.89591 346.611
-17.8353 -5.92044 347.207
-17.7976 -5.91609 346.668
-17.7794 -5.90564 346.345
-17.804 -5.91767 346.814
-17.7958 -5.91776 346.472
-17.7834 -5.92701 346.48
-17.789 -5.9327 346.577
-17.8132 -5.91017 346.884
-17.8087 -5.91709 346.818
-17.8037 -5.92054 346.753
-17.8599 -5.93211 347.519
-17.8213 -5.9336 347.059
-17.775 -5.92556 346.407
-17.7973 -5.92335 346.663
-17.7908 -5.90753 346.504
-17.809 -5.91285 346.922
-17.8023 -5.9193 346.901
-17.8043 -5.91915 346.964
-17.8457 -5.92039 347.568
-17.8439 -5.92714 347.458
-17.8094 -5.91206 346.97
-17.8202 -5.92221 347.252
-17.8141 -5.92233 347.311
-17.8054 -5.93285 346.936
-17.8095 -5.93138 346.875
-17.795 -5.92623 346.774
-17.783 -5.92027 346.54
-17.7645 -5.92371 346.502
-17.7995 -5.91743 347.041
-17.8131 -5.9194 347.254
-17.8302 -5.92268 347.479
-17.7953 -5.92588 346.939
-17.8038 -5.92313 347.052
-17.7806 -5.91079 346.697
-17.7559 -5.90612 346.351
-17.7888 -5.92986 346.918
-17.8149 -5.94394 347.394
-17.7772 -5.92564 346.762
-17.7681 -5.92436 346.708
-17.7584 -5.9342 346.481
-17.7511 -5.92968 346.366
-17.7788 -5.93027 346.782
-17.8047 -5.932 347.229
-17.8088 -5.93472 347.254
-17.7733 -5.92588 346.674
-17.7803 -5.93328 346.908
-17.7836 -5.9324 347.015
-17.7697 -5.93326 346.724
-17.773 -5.92494 346.663
-17.7653 -5.92125 346.668
-17.7996 -5.93842 347.079
-17.7993 -5.92528 347.093
-17.8563 -5.92237 348.02
-17.7975 -5.92046 347.164
-17.7833 -5.92505 346.905
-17.8174 -5.91943 347.346
-17.7932 -5.91417 347.025
-17.7966 -5.92282 347.094
-17.8175 -5.92728 347.356
-17.7998 -5.91308 347.08
-17.7778 -5.91504 346.834
-17.7987 -5.9328 347.109
-17.8266 -5.93678 347.445
-17.8242 -5.9388 347.492
-17.8518 -5.94725 347.824
-17.8279 -5.94272 347.422
-17.7973 -5.92854 347.041
-17.8129 -5.92795 347.275
-17.8072 -5.93401 347.19
-17.8082 -5.93675 347.142
-17.7906 -5.9227 346.966
-17.8058 -5.92767 347.159
-17.8132 -5.92264 347.227
-17.7892 -5.92443 346.945
-17.7955 -5.92928 347.033
-17.8043 -5.92604 347.013
-17.8222 -5.91868 347.377
-17.7908 -5.91706 346.992
-17.8017 -5.92905 347.194
-17.7903 -5.92206 346.917
-17.8352 -5.93801 347.363
-17.8259 -5.93119 347.379
-17.8192 -5.91622 347.31
-17.8194 -5.92875 347.387
-17.7928 -5.911 346.886
-17.7901 -5.90771 347.013
-17.8146 -5.93082 347.325
-17.8095 -5.92773 347.193
-17.7563 -5.92295 346.472
-17.817 -5.92271 347.333
-17.7695 -5.91939 346.741
-17.8048 -5.93866 347.271
-17.8321 -5.93464 347.664
-17.8198 -5.93927 347.388
-17.8276 -5.937 347.51
-17.8067 -5.9394 347.252
-17.8103 -5.95389 347.288
-17.8134 -5.92415 347.312
-17.7533 -5.91174 346.447
-17.7683 -5.92756 346.643
-17.7965 -5.92327 346.918
-17.8226 -5.92929 347.382
-17.8096 -5.93118 347.233
-17.8132 -5.92633 347.305
-17.8063 -5.92415 347.195
-17.7879 -5.92759 346.799
-17.785 -5.9223 346.909
-17.7854 -5.92709 346.904
-17.8063 -5.93432 347.112
-17.8029 -5.93434 347.154
-17.7955 -5.93668 347.08
-17.8128 -5.93568 347.345
-17.7992 -5.94434 347.168
-17.8444 -5.94741 347.813
-17.7975 -5.92432 347.04
-17.8031 -5.9339 347.024
-17.8173 -5.93507 347.245
-17.8136 -5.94236 347.3
-17.8218 -5.94197 347.383
-17.8185 -5.94284 347.335
-17.8316 -5.94186 347.443
-17.8341 -5.93946 347.584
-17.8309 -5.93414 347.6
-17.8359 -5.94015 347.791
-17.8059 -5.9395 347.377
-17.8141 -5.94982 347.436
-17.8158 -5.97018 347.45
-17.8142 -5.95059 347.351
-17.7936 -5.92206 346.903
-17.7862 -5.92091 346.972
-17.7778 -5.91305 346.841
-17.7943 -5.91759 347.043
-17.8104 -5.93898 347.327
-17.7976 -5.93743 347.042
-17.8071 -5.93977 347.07
-17.7835 -5.92848 346.828
-17.8045 -5.94232 347.172
-17.8034 -5.93403 347.143
-17.782 -5.93893 346.829
-17.7502 -5.93797 346.397
-17.782 -5.92799 346.754
-17.7924 -5.93124 346.976
-17.806 -5.93454 347.232
-17.7629 -5.91841 346.634
-17.764 -5.90857 346.598
-17.7599 -5.91349 346.617
-17.7715 -5.90624 346.763
-17.7762 -5.93468 346.804
-17.8205 -5.96265 347.442
-17.7881 -5.95136 347.05
-17.7732 -5.94065 346.817
-17.8059 -5.94535 347.249
-17.792 -5.93798 347.007
-17.7792 -5.93428 346.889
-17.7701 -5.93888 346.731
-17.7807 -5.93117 346.889
-17.8032 -5.93827 347.217
-17.826 -5.93608 347.489
-17.7739 -5.91771 346.828
-17.7995 -5.93714 347.18
-17.7815 -5.93805 346.992
-17.7735 -5.93295 346.872
-17.748 -5.93403 346.506
-17.7633 -5.92234 346.408
-17.7367 -5.89557 345.801
-17.7948 -5.91579 346.473
-17.8425 -5.92705 347.102
-17.7757 -5.91876 346.562
-17.7865 -5.95122 347.052
-17.7733 -5.95244 347.316
-17.7511 -5.96245 347.125
-17.7626 -5.96667 347.346
-17.7752 -5.96821 347.413
-17.8573 -5.98537 349.297
-17.5516 -5.92574 346.583
-17.6163 -5.9687 349.65
-17.2968 -5.93827 346.949
-17.3336 -5.97364 348.824
-17.0955 -5.93962 346.738
-17.1647 -6.02522 349.993
-16.7008 -5.94096 346.026
-16.821 -6.05548 351.188
-16.3395 -5.93524 346.826
-16.2523 -5.9342 346.786
-16.0982 -5.94492 346.825
-16.1556 -5.9658 349.301
-15.8529 -5.88914 346.134
-15.8697 -5.93025 347.512
-15.8591 -5.98053 349.408
-15.4726 -5.89062 345.405
-15.5221 -5.9487 348.553
-15.4026 -5.93914 349.339
-15.3158 -5.951 349.3
-15.1822 -5.99368 350.513
-14.7903 -5.92057 346.87
-14.4896 -5.89147 346.397
-14.4272 -5.92649 346.601
-14.3452 -5.94355 346.504
-14.15 -5.89932 346.378
-14.2026 -6.00922 350.033
-14.1069 -5.97863 349.928
-13.7598 -5.92464 346.405
-13.6461 -5.91202 346.294
-13.6868 -5.94755 349.507
-13.387 -5.9248 346.337
-13.2995 -5.92062 346.132
-13.28 -5.91299 346.85
-13.2456 -5.91414 347.7
-13.1961 -5.97208 348.708
-13.0098 -5.9085 346.986
-12.9339 -5.88189 346.629
-12.9338 -5.91653 347.267
-12.9471 -5.92797 348.048
-12.8881 -5.92549 347.692
-12.8262 -5.97862 348.985
-12.7623 -5.96336 348.989
-12.5757 -5.92591 348.196
-12.3745 -5.91035 346.093
-12.3398 -5.92525 346.503
-12.3079 -5.90385 347.118
-12.2743 -5.9166 347.805
-12.0633 -5.9243 345.721
-12.1026 -5.95131 348.874
-11.886 -5.95026 347.108
-11.7227 -5.91212 346.392
-11.7142 -5.94035 347.179
-11.6946 -5.93178 347.665
-11.6603 -5.92145 347.383
-11.6078 -5.90639 346.837
-11.5826 -5.9311 347.904
-11.5437 -5.9581 348.337
-11.4227 -5.92191 348.38
-11.2296 -5.91282 346.238
-11.1991 -5.92482 346.822
-11.0495 -5.90912 346.677
-10.8606 -5.89516 346.487
-10.8501 -5.95258 348.22
-10.7047 -5.90619 346.718
-10.6467 -5.89735 346.465
-10.5937 -5.9265 348.417
-10.428 -5.90856 346.604
-10.4174 -5.9393 348.548
-10.2565 -5.90767 346.723
-10.2337 -5.9099 346.579
-10.2007 -5.91306 346.627
-10.2015 -5.94204 347.295
-10.1498 -5.95058 347.037
-10.1245 -5.95691 347.27
-10.0835 -5.94821 347.475
-10.0256 -5.93759 347.324
-9.98786 -5.94464 348.099
-9.86103 -5.9036 346.912
-9.82374 -5.9355 348.236
-9.62396 -5.88668 346.202
-9.62684 -5.92914 348.568
-9.40066 -5.93098 346.335
-9.38539 -5.90837 347.155
-9.30776 -5.90579 346.696
-9.26597 -5.8988 346.503
-9.21741 -5.89161 345.973
-9.23917 -5.90922 346.59
-9.22902 -5.92113 346.465
-9.22586 -5.92058 346.555
-9.22246 -5.91801 346.55
-9.22619 -5.91379 346.618
-9.21534 -5.91709 346.21
-9.20559 -5.90684 345.931
-9.21352 -5.90681 346.13
-9.20987 -5.91225 346.023
-9.21239 -5.90638 346.144
-9.23456 -5.91433 346.722
-9.22297 -5.91348 346.501
-9.24067 -5.91545 346.839
-9.22894 -5.91027 346.883
-9.22034 -5.91421 347.04
-9.18762 -5.93192 347.476
-9.13117 -5.9526 347.485
-9.08189 -5.92373 347.221
-9.03271 -5.89533 346.758
-9.0167 -5.90944 346.878
-8.98265 -5.90443 346.311
-8.98491 -5.90007 346.312
-9.00291 -5.90565 346.593
-8.99635 -5.90313 346.526
-9.00299 -5.89413 346.73
-8.98402 -5.89481 346.364
-8.99083 -5.87732 346.294
-8.97621 -5.89306 346.107
-8.98566 -5.90657 346.267
-8.99471 -5.91241 346.348
-8.98086 -5.88594 345.966
-8.99065 -5.89118 346.304
-8.98902 -5.89488 346.229
-9.00009 -5.89302 346.569
-9.00732 -5.87762 346.51
-8.99321 -5.87275 346.293
-9.00842 -5.88454 346.635
-9.00174 -5.89085 346.419
-8.99686 -5.89024 346.378
-8.981 -5.88664 346.23
-8.98664 -5.89236 346.27
-8.98059 -5.89908 346.086
-8.99665 -5.89688 346.222
-9.00045 -5.89911 346.295
-8.9992 -5.89796 346.309
-8.99583 -5.89594 346.415
-8.98425 -5.87695 346.131
-8.99057 -5.88643 346.307
-8.98577 -5.89288 346.261
-8.98384 -5.88923 346.028
-8.97881 -5.87728 345.707
-8.96983 -5.88593 345.74
-8.96729 -5.88942 345.853
-8.98015 -5.89171 346.115
-8.98313 -5.89007 346.109
-8.96749 -5.88299 345.895
-8.99118 -5.88225 346.268
-8.99113 -5.89135 346.348
-8.99631 -5.89295 346.404
-8.99931 -5.89454 346.584
-9.00132 -5.88428 346.542
-9.00284 -5.89476 346.625
-9.01233 -5.88575 346.831
-9.00649 -5.88762 346.602
-8.98685 -5.88961 346.03
-8.97772 -5.88325 345.928
-8.97197 -5.86367 345.76
-8.97888 -5.87492 346.024
-9.01015 -5.87878 346.61
-9.014 -5.882 346.652
-8.99715 -5.87418 346.151
-9.00606 -5.88528 346.677
-8.99997 -5.89421 346.492
-8.99396 -5.88548 346.422
-8.99922 -5.8904 346.516
-8.99632 -5.88446 346.461
-9.00518 -5.88293 346.461
-8.99865 -5.88332 346.415
-8.98833 -5.89468 346.38
-8.98662 -5.89088 346.302
-8.99372 -5.88717 346.341
-8.97824 -5.88169 346.08
-8.96901 -5.86744 345.932
-8.99944 -5.88213 346.494
-9.00677 -5.90073 346.428
-8.98798 -5.88552 346.258
-8.97833 -5.88142 346.032
-8.98187 -5.88226 346.127
-8.97673 -5.89066 346.083
-8.9817 -5.87498 346.248
-8.97283 -5.90169 346.065
-8.9775 -5.9026 346.196
-8.97581 -5.89217 345.994
-8.99238 -5.91011 346.45
-9.0038 -5.90773 346.6
-8.98508 -5.90182 346.216
-8.98567 -5.91293 346.346
-8.99874 -5.88341 346.583
-9.00645 -5.89995 346.806
-9.00463 -5.90813 346.708
-8.9976 -5.90417 346.562
-9.00607 -5.89326 346.838
-9.01389 -5.89249 347.099
-8.99687 -5.8856 346.608
-8.97867 -5.88158 346.158
-8.99643 -5.89364 346.598
-9.00269 -5.89317 346.776
-9.01839 -5.90071 347.061
-9.03825 -5.90176 347.37
-9.01852 -5.91119 347.006
-8.98419 -5.88945 346.159
-8.98614 -5.89163 346.231
-8.98949 -5.89117 346.376
-8.9939 -5.87711 346.473
-8.98648 -5.87197 346.344
-9.00701 -5.89263 346.663
-9.00848 -5.88341 346.488
-9.00093 -5.87479 346.52
-8.9955 -5.87181 346.327
-8.98927 -5.87909 346.088
-8.99435 -5.8935 346.262
-8.9724 -5.88139 345.767
-8.97717 -5.88028 345.913
-8.98609 -5.88077 346.051
-8.98349 -5.87282 346.034
-8.9938 -5.87519 346.328
-9.01796 -5.87476 346.744
-9.00143 -5.87125 346.423
-8.98742 -5.87444 346.22
-9.00348 -5.89385 346.658
-9.00651 -5.9006 346.746
-9.00231 -5.91329 346.549
-9.01569 -5.90282 346.758
-8.99198 -5.89685 346.268
-8.97661 -5.89478 345.995
-8.97932 -5.87959 345.869
-8.98403 -5.87126 346.078
-8.98196 -5.88025 346.075
-9.00068 -5.88082 346.141
-9.01518 -5.88096 346.587
-9.02951 -5.88537 346.77
-9.01163 -5.88422 346.479
-8.9926 -5.88359 346.142
-8.99208 -5.87986 346.215
-8.98049 -5.88119 346.158
-8.9847 -5.88049 346.211
-8.99403 -5.88907 346.318
-8.98897 -5.88829 346.187
-8.9744 -5.87939 345.836
-8.98374 -5.88922 346.068
-8.9988 -5.88985 346.258
-8.99409 -5.89436 346.107
-8.99691 -5.88563 346.148
-9.00473 -5.89447 346.414
-8.99985 -5.90931 346.373
-8.99651 -5.90047 346.238
-8.99085 -5.89126 346.212
-8.97939 -5.89005 345.993
-8.98487 -5.89028 345.995
-8.98954 -5.89651 346.378
-8.98635 -5.89386 346.188
-8.996 -5.90646 346.385
-8.99167 -5.90001 346.143
-9.00285 -5.90438 346.544
-8.99691 -5.90639 346.59
-8.99115 -5.89588 346.292
-8.99999 -5.89846 346.654
-8.99387 -5.89887 346.609
-9.00038 -5.90569 346.769
-8.99927 -5.90636 346.69
-8.99822 -5.90372 346.452
-9.00144 -5.90536 346.536
-9.00234 -5.89265 346.399
-8.99406 -5.89414 346.242
-8.98741 -5.90878 346.241
-8.97725 -5.90203 346.112
-8.98777 -5.90483 346.348
-8.97994 -5.90129 345.97
-8.97965 -5.90482 345.771
-8.98101 -5.90689 346.032
-8.98448 -5.89426 346.307
-8.98767 -5.88834 346.307
-8.99224 -5.88982 346.478
-9.00232 -5.90285 346.63
-8.99666 -5.90874 346.647
-8.99075 -5.90425 346.502
-8.98612 -5.8956 346.374
-8.98916 -5.89817 346.345
-9.00728 -5.89423 346.588
-8.98339 -5.89682 346.357
-8.97197 -5.89035 345.969
-8.98091 -5.89608 346.281
-9.00489 -5.89389 346.73
-9.00354 -5.89712 346.659
-8.98174 -5.89061 346.089
-8.97453 -5.88978 346.149
-8.97465 -5.88782 346.272
-8.98643 -5.90052 346.518
-9.00459 -5.91004 346.786
-8.99231 -5.89766 346.562
-8.99521 -5.89392 346.582
-9.00232 -5.89904 346.636
-8.99888 -5.90585 346.372
-8.99763 -5.91209 346.415
-8.99257 -5.90989 346.488
-8.99402 -5.90837 346.529
-8.99746 -5.92189 346.755
-8.98595 -5.91904 346.377
-8.97352 -5.91253 346.04
-8.97619 -5.90513 346.071
-8.98408 -5.89207 346.097
-8.98583 -5.91577 346.329
-8.99294 -5.93048 346.706
-8.98296 -5.91881 346.226
-8.98433 -5.91964 346.41
-8.98755 -5.92324 346.613
-8.98478 -5.90817 346.374
-8.98808 -5.90412 346.404
-8.99881 -5.89522 346.467
-8.98307 -5.90484 346.329
-8.99485 -5.91743 346.628
-8.98191 -5.90537 346.438
-8.97146 -5.91204 346.195
-8.97997 -5.91328 346.581
-8.97605 -5.90796 346.512
-8.96836 -5.9082 346.326
-8.94945 -5.89754 345.962
-8.94932 -5.89696 345.956
-8.9494 -5.90163 345.93
-8.9652 -5.9114 346.278
-8.98 -5.90505 346.402
-8.97931 -5.90678 346.503
-8.99261 -5.91925 346.788
-8.99142 -5.91836 346.757
-8.98595 -5.91814 346.606
-8.97333 -5.88959 346.262
-9.00288 -5.90716 346.879
-8.97546 -5.89652 346.448
-8.96257 -5.8969 345.923
-8.96873 -5.89749 346.132
-8.97593 -5.8945 346.379
-8.98309 -5.91081 346.45
-8.98548 -5.91347 346.354
-8.98856 -5.91245 346.556
-8.98753 -5.90502 346.54
-8.96642 -5.89804 346.179
-8.9828 -5.91072 346.68
-8.97525 -5.90605 346.316
-8.96494 -5.89986 346.071
-8.98314 -5.90596 346.359
-8.99446 -5.91768 346.492
-8.98916 -5.91157 346.505
-9.0082 -5.91696 346.842
-8.99795 -5.91015 346.728
-8.9574 -5.88849 345.791
-9.00634 -5.90914 346.849
-8.99081 -5.9151 346.612
-8.98896 -5.91227 346.572
-8.9959 -5.90903 346.745
-8.99143 -5.91287 346.752
-8.9788 -5.905 346.199
-8.98498 -5.90648 346.416
-8.97316 -5.90493 346.127
-8.96987 -5.91131 346.072
-8.97416 -5.9008 346.226
-8.96888 -5.89603 346.054
-8.94761 -5.87933 345.433
-8.98137 -5.90863 346.123
-8.989 -5.90188 346.311
-8.9635 -5.89959 346.293
-8.93649 -5.95924 348.019
-8.77409 -5.90704 345.908
-8.75919 -5.9224 347.198
-8.68691 -5.90595 346.732
-8.61161 -5.90096 346.062
-8.59208 -5.911 347.676
-8.47835 -5.92699 346.48
-8.44548 -5.93904 347.635
-8.37374 -5.92161 347.403
-8.25526 -5.9293 347.57
-8.09566 -5.93604 348.023
-7.87234 -5.89828 345.336
-7.873 -5.96659 348.066
-7.65712 -5.87273 345.277
-7.55517 -5.91215 346.295
-7.44436 -5.94932 345.797
-7.38405 -5.96585 349.569
-7.2505 -6.00932 349.918
-6.93444 -5.90514 346.078
-6.90043 -5.99514 348.99
-6.63243 -5.8983 345.661
-6.58418 -5.9541 350.084
-6.26184 -5.98122 350.511
-5.86407 -5.87771 345.138
-5.81995 -5.91822 346.53
-5.70737 -5.87432 344.741
-5.72271 -5.93253 348.174
-5.44231 -5.89524 345.179
-5.29336 -5.89778 345.286
-5.20497 -6.00187 349.416
-4.93325 -5.88513 345.391
-4.90332 -5.90615 347.077
-4.85214 -5.93856 346.925
-4.82161 -5.92367 346.726
-4.77301 -5.90839 345.791
-4.72409 -5.90331 345.472
-4.60065 -5.94057 348.042
-4.41941 -5.89409 345.563
-4.39364 -5.90755 346.186
-4.35782 -5.92492 347.097
-4.30896 -5.92442 347.26
-4.2156 -5.93941 347.389
-4.06424 -5.92164 347.624
-3.91132 -5.89643 345.305
-3.87327 -5.92522 345.613
-3.82925 -5.92533 345.898
-3.69125 -5.88168 345.033
-3.56373 -5.91612 345.648
-3.49249 -5.91327 345.716
-3.41735 -5.8951 346.295
-3.33293 -5.8755 345.256
-3.30824 -5.90154 345.951
-3.21127 -5.89485 345.755
-3.18616 -5.92625 347.969
-3.05819 -5.89021 345.735
-3.0335 -5.90074 345.831
-2.99923 -5.9117 345.59
-2.96642 -5.91326 345.824
-2.88772 -5.91065 345.541
-2.84266 -5.89267 345.529
-2.80709 -5.87485 345.653
-2.7675 -5.86177 345.411
-2.74166 -5.91709 348.295
-2.55893 -5.93244 348.07
-2.38453 -5.91917 347.386
-2.24818 -5.86506 346.126
-2.16242 -5.87513 345.344
-2.0407 -5.84337 344.151
-2.04689 -5.88985 346.256
-2.02355 -5.91975 346.611
-1.95399 -5.92673 346.965
-1.8562 -5.92791 346.075
-1.74675 -5.87565 345.004
-1.7079 -5.90697 346.863
-1.54155 -5.89244 345.511
-1.48452 -5.87218 345.194
-1.43508 -5.86877 344.923
-1.39935 -5.88743 346.238
-1.28031 -5.92572 347.514
-1.10194 -5.85532 344.181
-1.01288 -5.88945 345.84
-0.983356 -5.89806 345.819
-0.936277 -5.89402 345.533
-0.909193 -5.93254 346.972
-0.740896 -5.87043 344.939
-0.7073 -5.89598 345.764
-0.669575 -5.89375 345.325
-0.66135 -5.91387 345.863
-0.650953 -5.91997 346.309
-0.601263 -5.90831 345.757
-0.551409 -5.90536 345.538
-0.513645 -5.89722 345.783
-0.506256 -5.90524 346.64
-0.44562 -5.89012 346.098
-0.399788 -5.88184 345.802
-0.377617 -5.89185 345.317
-0.368933 -5.89999 345.597
-0.350042 -5.88847 345.287
-0.322611 -5.89315 345.463
-0.286774 -5.91228 345.643
-0.249256 -5.88206 345.694
-0.223225 -5.90023 345.853
-0.201988 -5.90926 346.393
-0.142162 -5.87342 345.54
-0.107082 -5.88306 345.858
-0.0653725 -5.88783 345.342
-0.0455475 -5.88917 345.413
0.0107193 -5.94934 347.737
0.1553 -5.88176 345.374
0.220909 -5.88401 345.365
0.293495 -5.92056 346.327
0.343491 -5.9184 346.097
0.413586 -5.89161 346.112
0.482964 -5.88985 346.384
0.547989 -5.87004 345.778
0.574661 -5.88602 345.507
0.602173 -5.89894 345.491
0.622032 -5.90533 346.061
0.649998 -5.90044 345.705
0.686737 -5.87672 345.272
0.689476 -5.89528 345.958
0.685432 -5.89049 345.334
0.67503 -5.88686 345.208
0.685028 -5.89873 345.5
0.689171 -5.89872 345.444
0.706291 -5.90834 345.285
0.718681 -5.90882 345.547
0.726601 -5.90625 345.466
0.733189 -5.90456 345.42
0.735569 -5.90447 345.317
0.731388 -5.90681 345.429
0.736053 -5.89408 345.392
0.728317 -5.87842 345.47
0.735477 -5.87867 345.483
0.740959 -5.87901 345.734
0.737274 -5.88494 345.51
0.737263 -5.89066 345.389
0.739552 -5.87739 345.139
0.748539 -5.87646 344.705
0.752769 -5.87698 344.697
0.748791 -5.87205 344.742
0.739246 -5.88262 345.175
0.736427 -5.87403 344.975
0.733139 -5.8797 345.299
0.728378 -5.87952 345.346
0.725269 -5.88384 345.452
0.726021 -5.9008 345.602
0.731636 -5.89619 345.529
0.739437 -5.87421 345.3
0.731239 -5.89253 345.587
0.714886 -5.90438 346.172
0.72567 -5.88867 345.498
0.728352 -5.8807 345.376
0.724895 -5.89027 345.371
0.728546 -5.88317 345.224
0.724716 -5.89066 345.501
0.721115 -5.89916 345.539
0.735077 -5.89199 345.17
0.738258 -5.87653 344.705
0.729668 -5.88381 345.234
0.726418 -5.88638 345.359
0.730236 -5.87964 345.194
0.729977 -5.87549 344.959
0.734913 -5.86277 345.045
0.729469 -5.87152 345.459
0.736183 -5.87518 345.289
0.728943 -5.8745 345.537
0.731503 -5.86667 345.168
0.730045 -5.86393 344.708
0.72871 -5.86725 344.968
0.722927 -5.86757 345.203
0.720905 -5.87166 345.18
0.72282 -5.88707 345.499
0.731037 -5.87888 345.253
0.727482 -5.86257 345.164
0.727032 -5.8683 345.294
0.720158 -5.86474 345.374
0.723103 -5.8632 345.136
0.715992 -5.87383 345.227
0.715427 -5.86512 345.308
0.71064 -5.85469 345.737
0.713131 -5.85591 345.491
0.725681 -5.84971 344.931
0.725601 -5.85489 345.05
0.719322 -5.8543 345.202
0.72707 -5.8646 345.294
0.726513 -5.87517 345.495
0.719791 -5.86364 345.527
0.714645 -5.84722 345.462
0.721924 -5.83629 345.008
0.719578 -5.82882 345.094
0.717834 -5.82959 345.351
0.712036 -5.83001 345.526
0.712475 -5.82948 345.442
0.70966 -5.83338 345.686
0.720325 -5.84203 345.612
0.721375 -5.84277 345.706
0.724216 -5.84613 345.732
0.721256 -5.85274 346.042
0.722198 -5.85429 345.872
0.7267 -5.85503 345.38
0.732319 -5.85083 345.289
0.728409 -5.83138 345.031
0.730602 -5.84569 345.132
0.734016 -5.83634 345.052
0.726292 -5.84475 345.415
0.713531 -5.85041 345.971
0.712112 -5.84991 346.035
0.713985 -5.85424 345.899
0.717159 -5.85626 345.732
0.721081 -5.85725 345.657
0.725849 -5.84996 345.659
0.731377 -5.85942 345.333
0.721951 -5.84344 345.53
0.72744 -5.84905 345.385
0.725544 -5.84405 345.423
0.722263 -5.8629 345.707
0.725842 -5.86689 345.832
0.726776 -5.87534 345.338
0.729988 -5.85373 345.109
0.714745 -5.8615 345.68
0.723164 -5.85655 345.175
0.728958 -5.86783 345.174
0.734161 -5.84925 344.836
0.727661 -5.86239 345.515
0.723667 -5.85781 345.438
0.721115 -5.85777 345.541
0.731197 -5.86298 345.502
0.728542 -5.86792 345.436
0.728512 -5.87187 345.233
0.717045 -5.88746 345.41
0.723396 -5.88355 345.418
0.716999 -5.87841 345.397
0.721054 -5.87816 345.416
0.708923 -5.88098 345.694
0.718521 -5.86283 345.624
0.716419 -5.85287 345.572
0.721066 -5.86694 345.349
0.725143 -5.88042 345.282
0.72821 -5.87341 345.143
0.727318 -5.86183 345.014
0.713795 -5.87143 345.394
0.717491 -5.86365 345.342
0.725475 -5.86193 345.229
0.715725 -5.87634 345.624
0.72588 -5.86869 345.542
0.720322 -5.85317 345.277
0.723579 -5.87301 345.558
0.72517 -5.86445 345.606
0.725323 -5.85761 345.348
0.724667 -5.86185 345.078
0.7248 -5.85792 345.139
0.720722 -5.856 345.199
0.730778 -5.85896 345.15
0.728107 -5.86953 345.337
0.72691 -5.85999 345.461
0.718048 -5.86328 345.722
0.723404 -5.87067 345.545
0.727329 -5.87253 345.386
0.729271 -5.86599 345.235
0.725494 -5.86724 345.429
0.726894 -5.87704 345.855
0.72192 -5.86925 345.7
0.730843 -5.86635 345.461
0.723587 -5.85471 345.111
0.736771 -5.85962 345.087
0.730412 -5.86779 344.843
0.734325 -5.85567 344.851
0.738728 -5.84137 344.931
0.725822 -5.86708 345.041
0.719707 -5.88589 345.468
0.724754 -5.88465 345.331
0.732491 -5.87739 344.868
0.727844 -5.8783 345.247
0.721771 -5.88251 345.372
0.719715 -5.88245 345.549
0.720421 -5.88393 345.577
0.734917 -5.86513 345.025
0.732784 -5.87026 345.097
0.726151 -5.8691 345.39
0.718044 -5.86092 345.318
0.722256 -5.87754 345.555
0.725452 -5.87218 345.373
0.736027 -5.86158 344.836
0.73642 -5.86041 344.59
0.731102 -5.87503 345.191
0.737583 -5.8888 345.236
0.725811 -5.89081 345.415
0.719193 -5.90433 345.826
0.731464 -5.87431 345.135
0.735741 -5.84828 344.619
0.735241 -5.85908 344.937
0.730408 -5.88046 345.406
0.722691 -5.88234 345.272
0.722267 -5.87664 345.259
0.727146 -5.87632 345.176
0.72419 -5.89294 345.398
0.7234 -5.8925 345.476
0.726223 -5.88673 345.456
0.723492 -5.88676 345.556
0.731995 -5.88641 345.269
0.720604 -5.88563 345.52
0.72261 -5.87635 345.045
0.716976 -5.87415 345.271
0.719677 -5.86994 345.315
0.718929 -5.86947 345.304
0.724556 -5.86419 345.613
0.722939 -5.86495 345.405
0.728828 -5.87111 345.167
0.718761 -5.86859 345.371
0.721207 -5.86608 344.929
0.727509 -5.87063 344.96
0.722771 -5.87614 345.343
0.720322 -5.87478 345.098
0.725986 -5.85347 344.919
0.718784 -5.8694 345.269
0.726524 -5.8707 344.987
0.727451 -5.87558 345.085
0.72596 -5.87629 345.201
0.730663 -5.87705 345.077
0.734268 -5.87976 345.089
0.723656 -5.87341 345.504
0.720421 -5.86729 345.507
0.724358 -5.87029 345.301
0.721546 -5.8744 345.284
0.722641 -5.86813 345.379
0.713131 -5.88159 346.033
0.723213 -5.88077 345.458
0.729023 -5.88182 345.402
0.729908 -5.88608 345.264
0.730885 -5.88938 345.098
0.727116 -5.89053 345.346
0.727764 -5.88652 345.367
0.725769 -5.88126 345.243
0.728004 -5.88029 345.343
0.723701 -5.87223 345.251
0.723686 -5.86842 345.427
0.724926 -5.86633 345.339
0.713795 -5.89209 346.114
0.719551 -5.88413 345.936
0.716816 -5.88155 345.615
0.718395 -5.87766 345.635
0.719379 -5.87903 345.765
0.722206 -5.87529 345.57
0.808403 -5.93425 349.04
1.02925 -5.85186 344.994
1.1135 -5.8926 347.584
1.18392 -5.89124 346.97
1.28081 -5.8975 346.006
1.34582 -5.87383 345.488
1.38963 -5.90003 346.57
1.44677 -5.87801 346.165
1.49839 -5.88267 345.866
1.51966 -5.8888 346.223
1.55918 -5.88894 346.226
1.58949 -5.87332 345.783
1.61514 -5.87258 345.698
1.63801 -5.89598 346.322
1.70515 -5.89897 346.919
1.79821 -5.85733 345.33
1.83823 -5.86155 345.193
1.88644 -5.88251 345.948
1.93937 -5.89834 346.133
2.0534 -5.86048 344.192
2.24232 -5.88013 346.022
2.3475 -5.88663 344.824
2.42743 -5.83275 344.837
2.50845 -5.89848 346.952
2.64091 -5.87663 344.663
2.71841 -5.86205 344.759
2.90955 -5.88372 345.195
2.999 -5.92933 347.766
3.10792 -5.85836 345.089
3.13525 -5.86074 345.105
3.16517 -5.87724 345.996
3.23383 -5.90373 346.852
3.31304 -5.91299 347.211
3.40391 -5.87746 344.94
3.42629 -5.83434 345.2
3.45683 -5.89267 346.338
3.51994 -5.8968 347.043
3.59608 -5.87497 345.233
3.65504 -5.85931 345.231
3.71045 -5.82859 344.103
3.7735 -5.83074 344.712
3.80297 -5.845 345.214
3.82087 -5.87683 345.657
3.87092 -5.88309 344.944
3.90415 -5.87276 344.99
3.98284 -5.90066 346.683
4.07011 -5.87743 346.644
4.11931 -5.92115 346.993
4.18645 -5.90662 346.025
4.23324 -5.87548 345.234
4.25088 -5.88413 345.358
4.30242 -5.89819 346.462
4.41201 -5.84827 344.499
4.50907 -5.90258 346.465
4.59111 -5.90988 346.777
4.67061 -5.85814 345.261
4.74498 -5.842 344.725
4.80951 -5.86177 345.504
4.91933 -5.87587 345.017
4.96659 -5.84398 344.921
5.00133 -5.84455 344.968
5.04447 -5.8497 344.946
5.11135 -5.88141 346.57
5.26968 -5.80692 343.995
5.32591 -5.86502 345.688
5.37954 -5.85449 345.733
5.42281 -5.86345 346.093
5.50376 -5.87592 346.475
5.5663 -5.8715 345.697
5.59446 -5.84948 345.165
5.62757 -5.86269 344.748
5.67455 -5.83289 344.024
5.76423 -5.85284 344.78
5.83104 -5.88025 345.381
5.88096 -5.88316 345.951
5.9348 -5.8657 344.837
5.99736 -5.82569 344.563
6.03609 -5.84143 345.08
6.07269 -5.85717 345.686
6.14732 -5.8725 346.59
6.21019 -5.90607 346.756
6.29729 -5.83099 345.362
6.34847 -5.84715 344.737
6.42044 -5.87971 345.983
6.46048 -5.87401 345.075
6.4989 -5.89178 345.607
6.53014 -5.90297 345.976
6.57542 -5.86314 345.234
6.62426 -5.85162 344.891
6.64758 -5.8347 344.738
6.67363 -5.821 344.569
6.69798 -5.82525 344.927
6.72836 -5.84135 345.405
6.77818 -5.88038 346.083
6.83213 -5.8932 346.32
6.92689 -5.86658 346.442
6.97083 -5.87127 346.504
7.02802 -5.85574 346.525
7.10566 -5.87938 346.185
7.1599 -5.86024 345.19
7.24442 -5.85285 345.306
7.31448 -5.83054 344.857
7.37519 -5.85054 345.009
7.42094 -5.87104 345.705
7.45547 -5.88272 345.581
7.48236 -5.86961 344.834
7.56593 -5.86102 345.01
7.6218 -5.87158 345.424
7.71511 -5.85597 346.189
7.77901 -5.87218 345.57
7.81594 -5.89757 345.881
7.85806 -5.88685 346.02
7.88843 -5.87543 345.967
7.91679 -5.85495 345.36
7.94931 -5.8395 345.271
7.96457 -5.83709 344.918
7.97974 -5.83329 344.635
7.98867 -5.84369 344.523
8.00568 -5.8511 344.922
7.99945 -5.8433 344.688
8.01827 -5.83962 344.757
8.02556 -5.8442 344.7
8.03489 -5.84148 344.706
8.05401 -5.84624 344.752
8.10084 -5.86752 345.899
8.16089 -5.8909 346.323
8.22244 -5.85001 345.52
8.27033 -5.83854 344.913
8.30645 -5.83529 344.678
8.36928 -5.85823 345.431
8.41379 -5.85867 345.405
8.49682 -5.86621 345.813
8.52539 -5.84087 344.743
8.57727 -5.84049 345.088
8.62672 -5.81253 344.108
8.67051 -5.82255 344.347
8.756 -5.87088 346.464
8.7942 -5.8821 345.586
8.82336 -5.86123 345.598
8.837 -5.85657 345.282
8.84484 -5.85632 345.105
8.85143 -5.86161 345.235
8.85958 -5.86395 345.492
8.85855 -5.86554 345.143
8.85875 -5.86132 345.185
8.85947 -5.85517 345.153
8.86309 -5.83294 345.135
8.86646 -5.84568 345.235
8.86342 -5.84733 345.223
8.86578 -5.85575 345.331
8.87009 -5.85384 345.563
8.88594 -5.84491 345.582
8.89746 -5.8542 345.507
8.89957 -5.85317 345.165
8.91539 -5.84571 345.013
8.951 -5.84857 345.075
8.9944 -5.83769 344.889
9.04486 -5.85225 345.18
9.08143 -5.86281 345.173
9.07759 -5.86243 345.203
9.07483 -5.87269 345.573
9.09455 -5.88438 345.551
9.12135 -5.88575 345.558
9.12702 -5.87743 345.456
9.12638 -5.87138 345.012
9.14501 -5.87933 345.344
9.17015 -5.88694 345.629
9.23353 -5.8857 345.845
9.25951 -5.85557 345.197
9.25674 -5.85062 345.275
9.24922 -5.84502 345.145
9.26721 -5.85633 345.186
9.27838 -5.83295 345.06
9.33269 -5.84366 345.164
9.37959 -5.85263 345.562
9.40836 -5.87075 345.326
9.42894 -5.87472 345.061
9.43981 -5.85887 345.123
9.44444 -5.86692 345.177
9.44473 -5.86663 345.379
9.44793 -5.87199 345.552
9.45875 -5.8642 345.651
9.45603 -5.87013 345.523
9.46369 -5.87312 345.54
9.4678 -5.86584 345.572
9.47037 -5.86175 345.198
9.4721 -5.85233 344.889
9.46672 -5.86157 344.923
9.45931 -5.87306 345.002
9.46517 -5.86519 345.071
9.47463 -5.85834 345.151
9.47562 -5.86895 345.42
9.47065 -5.86428 345.265
9.46913 -5.85806 345.152
9.46483 -5.85177 344.983
9.47055 -5.85159 345.106
9.47359 -5.85044 345.299
9.47221 -5.85094 345.179
9.46834 -5.85803 345.167
9.46325 -5.85946 344.986
9.46321 -5.87141 344.738
9.46459 -5.86448 344.904
9.46866 -5.84885 345.045
9.46194 -5.84903 344.945
9.45329 -5.8445 344.686
9.45977 -5.84491 344.896
9.46235 -5.84364 345.001
9.45256 -5.84617 344.598
9.44767 -5.84298 344.455
9.45446 -5.85381 344.762
9.45836 -5.84041 344.781
9.45832 -5.86187 345.254
9.45773 -5.85779 345.205
9.45546 -5.85007 345.085
9.45098 -5.83784 344.977
9.44574 -5.84605 344.401
9.44334 -5.8472 344.583
9.45114 -5.8506 344.859
9.45084 -5.85172 344.744
9.45351 -5.85527 344.768
9.4529 -5.86218 345.012
9.45467 -5.85363 345.025
9.45929 -5.84781 344.978
9.44878 -5.84639 344.859
9.43758 -5.8465 344.971
9.45282 -5.85412 345.136
9.45341 -5.85188 345.068
9.45185 -5.84817 345.035
9.44624 -5.85147 344.994
9.45393 -5.84498 344.855
9.45403 -5.84092 344.714
9.44801 -5.84162 344.517
9.44549 -5.84614 344.62
9.45237 -5.85127 345.062
9.45482 -5.846 345.283
9.45825 -5.8513 345.172
9.44843 -5.85527 344.978
9.45486 -5.86692 345.286
9.44851 -5.85635 345.092
9.4561 -5.85622 345.422
9.46188 -5.85627 345.392
9.456 -5.8544 345.419
9.45621 -5.85227 345.338
9.45364 -5.86331 345.472
9.45296 -5.8571 345.349
9.46641 -5.86057 345.551
9.4689 -5.8577 345.417
9.46169 -5.85899 345.262
9.45878 -5.85164 344.991
9.45583 -5.85409 344.974
9.45391 -5.85165 344.904
9.45565 -5.85883 344.949
9.44433 -5.84557 344.944
9.44876 -5.85397 345.146
9.45557 -5.85066 345.337
9.45862 -5.84966 345.271
9.45469 -5.85301 344.914
9.46233 -5.86157 345.176
9.45891 -5.86172 345.048
9.46403 -5.85044 345.211
9.46994 -5.84914 345.582
9.46633 -5.86458 345.365
9.45887 -5.86277 345.264
9.46201 -5.86258 345.359
9.45595 -5.86139 345.053
9.46023 -5.84487 345.081
9.46548 -5.84863 345.36
9.46583 -5.85074 345.55
9.46889 -5.84798 345.418
9.46251 -5.84393 345.083
9.45996 -5.86395 345.254
9.45803 -5.84114 344.805
9.46261 -5.84134 344.672
9.46427 -5.84542 344.842
9.45856 -5.8392 344.668
9.4635 -5.84988 345.107
9.45683 -5.86189 345.199
9.46185 -5.86715 345.348
9.45823 -5.85173 344.931
9.45654 -5.85529 344.832
9.45721 -5.84138 344.606
9.46399 -5.85305 345.133
9.46514 -5.86288 344.939
9.46019 -5.86431 345.123
9.45647 -5.8474 345.091
9.45287 -5.84207 344.677
9.45782 -5.84767 344.918
9.45878 -5.84068 344.774
9.46766 -5.85291 345.374
9.4491 -5.83651 344.464
9.45311 -5.84385 344.909
9.45815 -5.85399 345.224
9.46413 -5.84232 345.128
9.46016 -5.85563 345.172
9.4567 -5.85608 345.276
9.45865 -5.85805 345.244
9.45715 -5.86075 345.282
9.45448 -5.85035 345.245
9.44606 -5.84924 345.172
9.44291 -5.84642 345.119
9.44115 -5.83902 344.952
9.4499 -5.8449 345.144
9.44823 -5.84036 344.992
9.44611 -5.83969 344.836
9.44655 -5.84887 345.158
9.44877 -5.84823 344.899
9.44774 -5.83596 344.643
9.4544 -5.84417 345.031
9.46331 -5.85183 345.611
9.45098 -5.84689 345.056
9.43882 -5.83802 344.601
9.44062 -5.84415 345
9.43919 -5.83998 344.704
9.44815 -5.85919 345.298
9.4454 -5.8509 345.229
9.45598 -5.85723 345.509
9.45318 -5.85333 345.371
9.4478 -5.8431 344.985
9.44701 -5.85725 345.559
9.45329 -5.85239 345.322
9.44996 -5.84947 344.974
9.44643 -5.85503 345.078
9.4454 -5.84196 345.023
9.44427 -5.84296 344.869
9.44443 -5.84225 345.015
9.44211 -5.84477 345.142
9.44245 -5.84008 345.265
9.45148 -5.84713 345.134
9.45499 -5.85248 345.074
9.45124 -5.84374 345.096
9.44537 -5.83854 345.034
9.45074 -5.84441 345.023
9.4486 -5.85 344.952
9.45103 -5.8535 345.242
9.44864 -5.8666 345.326
9.45015 -5.86486 345.263
9.4473 -5.84919 344.84
9.45312 -5.85311 344.974
9.45575 -5.85032 344.919
9.4531 -5.83693 345.015
9.45026 -5.83601 345.147
9.44688 -5.83634 344.982
9.451 -5.84664 345.251
9.45667 -5.84001 345.303
9.44624 -5.83458 345.223
9.44833 -5.84827 345.152
9.45125 -5.85471 345.152
9.45206 -5.8524 345.041
9.44882 -5.84127 345.035
9.45413 -5.85108 345.121
9.4537 -5.85183 345.193
9.45511 -5.83619 345.049
9.46447 -5.84618 345.217
9.46157 -5.8492 345.233
9.45312 -5.84608 345.042
9.45614 -5.84579 345.22
9.45918 -5.84842 345.487
9.45731 -5.85868 345.293
9.4615 -5.87035 345.531
9.45915 -5.85006 344.996
9.4565 -5.8484 345.052
9.45531 -5.85284 345.309
9.45209 -5.84816 345.31
9.45137 -5.8364 344.901
9.446 -5.83504 344.506
9.45914 -5.84295 345.006
9.45819 -5.84659 345.265
9.45023 -5.85041 344.675
9.44834 -5.86208 344.568
9.45426 -5.86654 344.95
9.44907 -5.84749 344.609
9.45584 -5.84876 345.296
9.46354 -5.86041 345.356
9.46075 -5.85536 345.603
9.46125 -5.85017 345.412
9.46007 -5.86044 345.334
9.45084 -5.86319 345.083
9.45644 -5.85645 345.206
9.45263 -5.85188 344.72
9.45026 -5.84466 344.732
9.4387 -5.82774 344.589
9.44554 -5.85386 345.139
9.45263 -5.87188 345.36
9.45572 -5.86166 345.221
9.44384 -5.85973 345.081
9.48557 -5.86566 345.004
9.52031 -5.84684 345.271
9.54822 -5.84644 345.343
9.57817 -5.84771 345.26
9.60135 -5.84271 344.845
9.62379 -5.83938 344.331
9.65349 -5.84501 344.698
9.67962 -5.84475 344.723
9.70789 -5.85861 344.991
9.72823 -5.8728 344.943
9.74349 -5.87111 345.583
9.77525 -5.86605 344.801
9.79971 -5.86218 345.103
9.83615 -5.86094 345.217
9.90886 -5.85102 345.83
9.98601 -5.84264 345.954
10.0465 -5.8765 345.307
10.1001 -5.86606 345.636
10.1289 -5.83171 344.172
10.201 -5.83136 344.346
10.295 -5.84373 344.971
10.3525 -5.8379 344.497
10.4133 -5.85029 345.001
10.4848 -5.83654 344.481
10.5989 -5.86373 346.914
10.7295 -5.86822 346.118
10.7931 -5.83615 344.874
10.8503 -5.83671 344.611
10.9255 -5.84292 345.533
10.9868 -5.84967 345.813
11.0537 -5.81659 344.009
11.1454 -5.82837 344.401
11.2177 -5.85189 345.396
11.2804 -5.8549 345.791
11.3312 -5.84826 345.246
11.3699 -5.85486 345.219
11.3941 -5.83442 344.78
11.4257 -5.83123 344.919
11.459 -5.84787 345.18
11.4811 -5.8563 344.966
11.4792 -5.84896 344.59
11.4955 -5.84518 344.934
11.5227 -5.84138 345.108
11.5557 -5.84345 345.306
11.5712 -5.8402 344.778
11.5883 -5.83501 344.901
11.6292 -5.84273 344.708
11.6756 -5.84248 344.633
11.7032 -5.85584 344.936
11.7311 -5.83932 344.928
11.7522 -5.84918 345.259
11.7692 -5.84693 345.307
11.8149 -5.86661 345.479
11.8567 -5.83028 344.715
11.877 -5.82155 344.54
11.9044 -5.83254 344.747
11.9182 -5.84097 344.911
11.9548 -5.85744 345.623
12.0177 -5.88485 346.697
12.134 -5.88231 347.228
12.1955 -5.82723 345.179
12.2564 -5.82431 344.659
12.3522 -5.87336 346.2
12.3835 -5.85975 345.001
12.4549 -5.84914 345.979
12.506 -5.83329 344.98
12.542 -5.81981 344.847
12.6484 -5.8446 344.356
12.7736 -5.8714 346.391
12.8046 -5.83004 344.463
12.8681 -5.8433 345.03
12.9745 -5.87212 345.955
13.0283 -5.86081 345.557
13.0821 -5.88047 346.29
13.1444 -5.82604 345.548
13.1964 -5.83331 345.706
13.2176 -5.8148 344.198
13.2645 -5.83493 344.825
13.3208 -5.84886 345.194
13.3875 -5.85936 345.689
13.4254 -5.80986 344.492
13.4794 -5.82134 344.182
13.5599 -5.84157 345.311
13.6029 -5.85205 345.598
13.6414 -5.85275 344.84
13.7338 -5.84875 344.997
13.8079 -5.84499 345.621
13.9331 -5.84542 346.588
13.9694 -5.86789 346.326
14.086 -5.83918 344.774
14.1306 -5.82756 344.309
14.1907 -5.84045 344.332
14.2447 -5.85178 344.679
14.274 -5.84972 344.543
14.3271 -5.86604 345.197
14.3537 -5.85892 345.22
14.39 -5.86303 344.642
14.4077 -5.80834 343.331
14.4581 -5.81641 343.808
14.5411 -5.85261 345.457
14.7005 -5.88055 347.326
14.7713 -5.88161 347.149
14.8528 -5.83998 346.691
14.9729 -5.86652 346.166
15.0276 -5.84854 345.679
15.058 -5.80096 344.811
15.0909 -5.80996 344.411
15.2248 -5.85578 346.46
15.2587 -5.84157 345.876
15.3026 -5.85294 345.858
15.3963 -5.87057 345.698
15.4302 -5.80938 344.222
15.5639 -5.82587 344.857
15.6644 -5.83124 344.317
15.8042 -5.81307 343.773
16.0623 -5.86934 347.057
16.1296 -5.84286 346.147
16.1773 -5.8077 344.439
16.3089 -5.85958 346.223
16.4915 -5.87233 346.992
16.5774 -5.8367 345.53
16.6271 -5.83456 345.299
16.6511 -5.83249 344.898
16.6931 -5.83397 344.828
16.6951 -5.82751 344.377
16.7142 -5.82879 344.414
16.753 -5.84084 344.973
16.7845 -5.80624 344.96
16.8263 -5.81882 345.281
16.8656 -5.84163 345.757
16.8581 -5.83925 345.112
16.8482 -5.83805 344.836
16.8492 -5.84002 344.585
16.8566 -5.83452 344.285
16.9609 -5.83259 345.773
17.0437 -5.85379 345.894
17.0379 -5.8111 344.484
17.0442 -5.82522 344.482
17.0469 -5.82806 344.323
17.0507 -5.84348 344.296
17.0633 -5.82287 344.21
17.0734 -5.82092 344.421
17.0801 -5.82861 344.41
17.0971 -5.83022 344.717
17.1038 -5.81937 344.626
17.1008 -5.80599 344.463
17.1178 -5.82178 344.473
17.1632 -5.84477 345.231
17.1509 -5.83926 344.598
17.1576 -5.8428 344.569
17.1822 -5.84896 344.73
17.19 -5.83411 344.442
17.2152 -5.85388 344.921
17.2193 -5.82449 344.478
17.2493 -5.83538 344.889
17.2731 -5.85719 345.222
17.3022 -5.85338 345.049
17.3208 -5.84743 344.858
17.3511 -5.84417 345.198
17.3884 -5.84113 345.703
17.4052 -5.82937 345.057
17.4385 -5.83279 344.933
17.4851 -5.83924 345.109
17.5238 -5.84132 344.897
17.599 -5.83589 345.104
17.6662 -5.84204 345.242
17.6946 -5.8257 344.976
17.6968 -5.80807 344.407
17.7051 -5.81897 344.421
17.7371 -5.82619 344.921
17.7329 -5.82737 344.73
17.7224 -5.82297 344.322
17.7089 -5.80541 343.958
17.7 -5.80244 343.688
17.7188 -5.80906 343.866
17.7832 -5.82567 344.837
17.8657 -5.85149 345.597
17.8937 -5.85582 345.356
17.8962 -5.84523 345.022
17.9387 -5.84991 345.653
17.9918 -5.86364 345.77
18.1171 -5.83636 346.018
18.1703 -5.82368 345.009
18.1866 -5.82872 344.762
18.2014 -5.83916 345.036
18.2096 -5.84808 345.105
18.1931 -5.83332 344.501
18.1955 -5.82462 344.575
18.1823 -5.82358 344.186
18.1712 -5.82282 343.991
18.1831 -5.83245 344.544
18.1975 -5.82352 344.881
18.2122 -5.83125 344.916
18.2161 -5.82936 344.963
18.2483 -5.84806 344.97
18.2645 -5.84363 345.014
18.2623 -5.82864 344.479
18.3757 -5.83707 345.862
18.3906 -5.83649 345.168
18.3813 -5.82979 344.414
18.3988 -5.81913 344.411
18.4072 -5.82152 344.136
18.4422 -5.82487 344.581
18.455 -5.82223 344.371
18.4772 -5.83203 344.919
18.4718 -5.84097 344.678
18.5028 -5.83706 344.795
18.5223 -5.83754 344.465
18.5276 -5.84324 344.444
18.5265 -5.83827 344.247
18.5365 -5.83319 344.495
18.5304 -5.82529 344.405
18.5367 -5.83247 344.413
18.5564 -5.84426 344.696
18.5556 -5.84014 344.52
18.5642 -5.85331 344.765
18.5642 -5.86069 344.905
18.559 -5.84997 344.75
18.5549 -5.84691 344.535
18.5506 -5.83713 344.575
18.5678 -5.84424 344.96
18.5564 -5.8461 344.611
18.5719 -5.84496 344.806
18.583 -5.84179 345.004
18.5606 -5.83692 344.62
18.5528 -5.8335 344.301
18.5494 -5.83241 344.394
18.5584 -5.84752 344.689
18.5741 -5.84872 344.817
18.5743 -5.8503 344.69
18.5658 -5.83041 344.458
18.5714 -5.83283 344.803
18.5793 -5.84687 345.019
18.5677 -5.84537 344.81
18.5642 -5.84884 344.796
18.5424 -5.83856 344.334
18.5698 -5.84051 344.829
18.5897 -5.83859 345.347
18.5868 -5.83554 345.266
18.5695 -5.83328 344.846
18.5621 -5.83381 344.771
18.5517 -5.8343 344.562
18.5544 -5.82838 344.587
18.5421 -5.82438 344.19
18.5493 -5.83139 344.509
18.5628 -5.83094 344.799
18.5605 -5.84364 344.819
18.5957 -5.86309 345.463
18.5722 -5.85086 345.008
18.5616 -5.84767 344.926
18.5689 -5.84425 345.123
18.5691 -5.83301 345.098
18.5687 -5.82733 344.951
18.5484 -5.83747 344.736
18.5517 -5.84371 344.855
18.555 -5.83924 344.895
18.5484 -5.83805 344.735
18.5522 -5.82962 344.723
18.5566 -5.83444 344.882
18.5773 -5.83634 345.433
18.5671 -5.83064 345.227
18.546 -5.81389 344.746
18.5646 -5.82721 344.905
18.5463 -5.81585 344.567
18.5608 -5.81542 344.898
18.5648 -5.81769 345.078
18.5603 -5.8135 344.95
18.5335 -5.79994 344.307
18.5481 -5.80097 344.7
18.5323 -5.78783 344.44
18.5644 -5.8096 345.145
18.5601 -5.81046 345.212
18.5494 -5.79572 344.869
18.5637 -5.80045 345.245
18.5468 -5.81734 344.748
18.5292 -5.81441 344.303
18.5638 -5.82027 345.181
18.5673 -5.80873 345.139
18.5634 -5.80756 344.944
18.5653 -5.8116 345.163
18.57 -5.82018 345.365
18.568 -5.82082 345.336
18.5601 -5.81798 345.064
18.5379 -5.80442 344.539
18.5485 -5.80807 344.676
18.56 -5.82026 344.988
18.5644 -5.80889 345.077
18.5508 -5.804 344.949
18.5532 -5.80593 344.822
18.5467 -5.80706 344.713
18.5573 -5.8094 344.89
18.5608 -5.8136 345.048
18.5542 -5.79936 344.76
18.5695 -5.81956 345.169
18.5684 -5.81495 345.105
18.5633 -5.81358 344.983
18.5666 -5.82166 345.133
18.5484 -5.81634 344.839
18.5479 -5.81915 344.86
18.544 -5.81647 344.659
18.5548 -5.8071 344.952
18.5404 -5.80847 344.713
18.55 -5.81936 344.965
18.5575 -5.80931 344.948
18.5478 -5.81517 344.685
18.5346 -5.81608 344.417
18.5524 -5.82273 344.975
18.552 -5.82147 345.143
18.5444 -5.82034 344.87
18.5376 -5.81738 344.452
18.5462 -5.81483 344.56
18.5519 -5.81197 344.683
18.5419 -5.80339 344.578
18.5299 -5.79852 344.314
18.5532 -5.81372 344.813
18.5578 -5.81427 344.87
18.5617 -5.83152 345.085
18.557 -5.82291 344.95
18.5626 -5.82905 344.972
18.5616 -5.8401 345.069
18.5488 -5.8331 344.891
18.5472 -5.81841 344.733
18.5569 -5.82116 344.749
18.5682 -5.83307 345.055
18.563 -5.83418 345.027
18.5684 -5.83123 345.276
18.5645 -5.83397 344.989
18.5553 -5.81764 344.881
18.5514 -5.82677 344.773
18.5419 -5.81833 344.49
18.5491 -5.82165 344.649
18.554 -5.82811 344.8
18.5606 -5.82343 344.863
18.5414 -5.81372 344.549
18.552 -5.82225 344.751
18.5664 -5.84309 345.134
18.5627 -5.83718 344.811
18.5711 -5.84544 344.952
18.566 -5.84317 344.868
18.5602 -5.84254 344.901
18.5586 -5.83864 344.663
18.555 -5.84339 344.929
18.5642 -5.84614 345.012
18.5615 -5.84585 344.987
18.5701 -5.83787 344.982
18.5604 -5.82318 344.767
18.5723 -5.83162 344.856
18.5757 -5.84844 345.011
18.5645 -5.84805 344.936
18.5586 -5.84725 344.959
18.5755 -5.85427 345.197
18.5806 -5.86229 345.241
18.5771 -5.84919 345.04
18.5729 -5.83697 345.015
18.5705 -5.83285 344.903
18.5548 -5.82127 344.513
18.5751 -5.82835 344.95
18.5783 -5.82776 345.125
18.5792 -5.84396 345.03
18.5834 -5.85139 345.149
18.5773 -5.8356 345.004
18.5736 -5.84157 345.037
18.5606 -5.82938 344.681
18.5691 -5.83542 344.767
18.5728 -5.84557 344.988
18.583 -5.84631 345.247
18.5749 -5.84655 345.132
18.5724 -5.83661 345.12
18.5667 -5.83788 344.999
18.5651 -5.85006 344.993
18.5639 -5.84684 344.913
18.5708 -5.84756 344.852
18.5589 -5.83464 344.719
18.5575 -5.82796 344.549
18.5698 -5.83757 344.911
18.5772 -5.85223 345.297
18.5704 -5.85112 345.147
18.5621 -5.83368 344.908
18.5708 -5.83142 344.926
18.566 -5.83555 344.82
18.5606 -5.83325 344.832
18.5481 -5.83941 344.495
18.5618 -5.8372 344.779
18.5674 -5.83514 344.957
18.566 -5.84092 344.967
18.5708 -5.83949 345.094
18.5737 -5.84975 345.231
18.5795 -5.85624 345.388
18.5688 -5.85032 345.134
18.5774 -5.84488 345.362
18.5621 -5.83209 344.86
18.558 -5.83095 344.754
18.565 -5.84441 344.952
18.5608 -5.84823 345.105
18.5689 -5.85173 345.132
18.5653 -5.84668 344.969
18.5519 -5.8485 344.725
18.5558 -5.85286 344.812
18.5553 -5.83449 344.814
18.5469 -5.82154 344.616
18.5453 -5.82589 344.4
18.5448 -5.82837 344.453
18.5671 -5.83341 344.967
18.5844 -5.83699 345.367
18.5643 -5.83827 344.939
18.5329 -5.82948 344.17
18.5367 -5.82944 344.417
18.5589 -5.84575 344.922
18.5687 -5.82817 345.076
18.5545 -5.82162 344.689
18.5704 -5.83475 344.88
18.5651 -5.83218 344.737
18.5612 -5.8309 344.712
18.5531 -5.81903 344.62
18.5696 -5.81274 345.152
18.5652 -5.82935 344.938
18.5564 -5.83804 344.822
18.5507 -5.83619 344.766
18.5466 -5.82347 344.41
18.5451 -5.8258 344.386
18.5488 -5.83387 344.377
18.5677 -5.8366 344.852
18.5618 -5.83603 344.736
18.5486 -5.83745 344.638
18.5728 -5.82954 344.999
18.5641 -5.81371 344.619
18.564 -5.82534 344.728
18.5851 -5.84145 345.273
18.5709 -5.83142 344.781
18.5603 -5.83052 344.599
18.5605 -5.83851 344.7
18.5618 -5.85036 344.959
18.5784 -5.83081 345.181
18.6502 -5.85052 345.495
18.6412 -5.82483 344.544
18.6368 -5.82926 344.327
18.6723 -5.82249 344.65
18.7728 -5.83325 345.66
18.853 -5.85156 345.526
18.8626 -5.82864 344.979
18.8757 -5.84372 344.899
18.8855 -5.84596 344.574
18.9053 -5.83633 344.582
18.9454 -5.84282 344.992
19.0157 -5.84848 345.794
19.0256 -5.79472 343.704
19.2094 -5.8363 346.101
19.2312 -5.82684 344.609
19.4898 -5.87513 347.784
19.5164 -5.80914 344.633
19.6435 -5.83786 345.06
19.72 -5.84104 345.504
19.8787 -5.83671 345.94
19.9162 -5.83446 344.452
20.1089 -5.8518 346.281
20.1992 -5.86086 346.961
20.2782 -5.88428 346.33
20.2752 -5.83689 344.784
20.3985 -5.8557 346.187
20.5071 -5.86367 346.523
20.5087 -5.84595 344.908
20.5298 -5.8307 344.348
20.5849 -5.8181 344.395
20.6329 -5.82533 344.681
20.713 -5.82449 345.269
20.723 -5.81222 344.705
20.8311 -5.842 345.874
20.85 -5.83824 344.76
21.0592 -5.85 346.425
21.0274 -5.8389 344.19
21.151 -5.85339 345.615
21.1598 -5.82674 344.888
21.1893 -5.82396 344.766
21.193 -5.81063 344.28
21.219 -5.8201 344.039
21.2859 -5.79744 344.022
21.3542 -5.81955 344.782
21.4344 -5.8498 345.798
21.4196 -5.82302 344.564
21.5132 -5.83992 345.418
21.5504 -5.83009 344.716
21.5772 -5.79403 344.134
21.6403 -5.81009 345.013
21.6911 -5.82174 345.532
21.8454 -5.85873 347.226
21.9169 -5.84461 346.056
21.9238 -5.81969 344.703
21.982 -5.81223 344.367
22.0584 -5.83924 345.014
22.0969 -5.83054 344.675
22.1691 -5.83351 344.891
22.2977 -5.83418 345.465
22.3274 -5.82451 345.081
22.3611 -5.80726 344.329
22.5215 -5.8428 346.165
22.5416 -5.83046 345.149
22.6372 -5.8484 346.141
22.7464 -5.83291 346.1
22.7631 -5.82629 345.401
22.8443 -5.83466 345.402
22.9129 -5.84201 345.982
22.9764 -5.81045 345.558
23.0222 -5.83662 344.538
23.1702 -5.85712 346.105
23.2466 -5.80202 345.403
23.4289 -5.84844 346.414
23.4883 -5.84424 345.466
23.6759 -5.84447 346.688
23.7095 -5.83281 345.534
23.7357 -5.82021 345.095
23.7162 -5.82585 344.52
23.7779 -5.84552 345.204
23.8234 -5.83904 345.258
23.8481 -5.82487 345.091
23.904 -5.83585 345.31
23.9145 -5.81832 344.723
24.0079 -5.83887 345.683
24.0935 -5.85855 346.59
24.083 -5.84769 345.204
24.167 -5.82742 345.054
24.2304 -5.82441 345.634
24.2732 -5.81668 345.618
24.2851 -5.7893 345.169
24.3165 -5.8179 344.754
24.3775 -5.81818 344.436
24.4651 -5.84022 345.044
24.6431 -5.87955 347.111
24.8491 -5.8597 347.62
24.827 -5.83446 344.748
25.0533 -5.83136 345.032
25.1841 -5.84469 346.092
25.1388 -5.81115 344.497
25.2017 -5.79589 344.941
25.2307 -5.79755 344.475
25.2415 -5.80256 344.467
25.2691 -5.80606 344.801
25.2805 -5.82091 344.679
25.3141 -5.8184 344.956
25.3444 -5.81578 345.107
25.3646 -5.8241 345.109
25.3909 -5.82875 345.15
25.4291 -5.8559 345.466
25.4537 -5.84558 345.265
25.5004 -5.8389 345.646
25.5 -5.82751 344.878
25.6123 -5.82409 345.9
25.7274 -5.83307 346.211
25.7191 -5.81775 344.992
25.8502 -5.83083 346.194
25.8585 -5.81692 345.088
25.9389 -5.8071 344.631
26.0303 -5.82715 344.806
26.0388 -5.80591 343.636
26.2359 -5.82524 345.845
26.3405 -5.8254 345.286
26.3581 -5.81391 344.368
26.4168 -5.79224 343.896
26.5306 -5.81917 345.371
26.598 -5.82961 344.314
26.829 -5.86513 346.808
26.7571 -5.8227 344.484
26.8026 -5.81255 344.902
26.7837 -5.8148 344.577
26.7976 -5.82312 344.738
26.8255 -5.8173 344.709
26.85 -5.81751 344.768
26.8945 -5.82261 344.947
26.931 -5.82783 345.111
26.9148 -5.81519 344.588
26.9476 -5.81675 344.793
26.9673 -5.83609 345.043
26.983 -5.83902 345.161
26.9726 -5.83554 344.898
26.9616 -5.83431 344.65
26.9765 -5.82937 344.735
26.979 -5.81791 344.659
27.0053 -5.83273 344.851
27.0515 -5.84436 345.439
27.0347 -5.8214 344.772
27.0771 -5.81993 345.012
27.0838 -5.82633 344.892
27.112 -5.82251 345.131
27.1024 -5.81988 344.797
27.0929 -5.82159 344.582
27.0734 -5.81551 344.186
27.096 -5.8048 344.397
27.1183 -5.80876 344.469
27.0994 -5.78602 344.021
27.1086 -5.77922 343.888
27.1538 -5.77861 344.293
27.1576 -5.79112 344.201
27.1638 -5.78383 344.293
27.2075 -5.80735 344.806
27.2284 -5.8213 344.877
27.2526 -5.83909 344.959
27.2672 -5.83332 344.649
27.3077 -5.82657 344.966
27.2935 -5.82162 344.605
27.3099 -5.81702 344.787
27.3147 -5.82809 344.837
27.3467 -5.83598 345.13
27.3055 -5.82514 344.319
27.3351 -5.82185 344.615
27.3528 -5.82043 344.9
27.3361 -5.80962 344.621
27.3175 -5.80672 344.127
27.3558 -5.812 344.621
27.3651 -5.8107 344.657
27.3957 -5.8182 345.091
27.3996 -5.81178 345.017
27.4398 -5.82588 345.264
27.4833 -5.82508 345.408
27.4817 -5.79749 344.648
27.5144 -5.80406 344.62
27.5526 -5.81748 344.651
27.5888 -5.82246 344.883
27.5935 -5.81583 344.883
27.577 -5.80418 344.621
27.6459 -5.82421 345.145
27.6965 -5.83846 345.436
27.698 -5.84029 344.961
27.7174 -5.83723 345.067
27.7644 -5.8352 345.137
27.8046 -5.81207 345.25
27.8108 -5.79008 344.664
27.8217 -5.79458 344.258
27.8567 -5.79094 344.547
27.879 -5.79852 344.724
27.9072 -5.81119 345.081
27.8922 -5.79348 344.755
27.8816 -5.80317 344.547
27.8863 -5.80296 344.628
27.8891 -5.8069 344.669
27.8868 -5.81633 344.604
27.918 -5.83051 345.017
27.9787 -5.84052 345.899
27.9756 -5.8154 345.221
27.9977 -5.81974 345.068
28.0601 -5.82923 345.577
28.1033 -5.82787 345.831
28.13 -5.82546 345.944
28.155 -5.82616 345.986
28.1372 -5.79499 345.063
28.1137 -5.77095 343.919
28.1711 -5.78233 344.203
28.2424 -5.79961 344.568
28.2581 -5.80193 344.591
28.2432 -5.80844 344.245
28.3444 -5.84191 345.33
28.4429 -5.83611 346.089
28.421 -5.79394 344.271
28.4509 -5.76899 344.117
28.4544 -5.78289 344.052
28.45 -5.79282 343.888
28.4822 -5.78791 344.251
28.4787 -5.78499 344.123
28.4886 -5.78996 344.164
28.5082 -5.78371 344.332
28.5403 -5.79491 344.65
28.5624 -5.80221 344.729
28.5488 -5.79602 344.589
28.5709 -5.81216 344.913
28.5669 -5.80605 344.82
28.562 -5.80117 344.741
28.572 -5.80469 344.831
28.5761 -5.79034 344.924
28.5763 -5.797 344.91
28.5635 -5.81067 344.661
28.5529 -5.79957 344.565
28.5336 -5.78906 344.431
28.5363 -5.79794 344.391
28.5269 -5.79767 344.235
28.5562 -5.81194 344.713
28.5173 -5.80685 344.158
28.5389 -5.80504 344.513
28.5821 -5.81512 345.133
28.5475 -5.80204 344.615
28.516 -5.78174 344.13
28.5153 -5.78797 344.158
28.5304 -5.79676 344.438
28.5389 -5.79838 344.507
28.5469 -5.80265 344.642
28.5421 -5.79262 344.504
28.5507 -5.78326 344.609
28.5462 -5.77731 344.402
28.5807 -5.80182 345.026
28.5207 -5.78773 344.179
28.5385 -5.78739 344.502
28.5292 -5.78605 344.324
28.5342 -5.79449 344.443
28.521 -5.78486 344.228
28.5293 -5.79304 344.339
28.5346 -5.79347 344.496
28.5199 -5.78982 344.252
28.5175 -5.78794 344.196
28.5257 -5.77102 344.308
28.5271 -5.79297 344.295
28.5251 -5.78905 344.36
28.5136 -5.7761 344.152
28.5281 -5.77297 344.347
28.5245 -5.77507 344.415
28.5267 -5.77306 344.413
28.5302 -5.79258 344.446
28.5457 -5.79436 344.617
28.5264 -5.79844 344.356
28.5305 -5.78961 344.396
28.5197 -5.78218 344.262
28.5366 -5.78935 344.531
28.5553 -5.81214 344.729
28.5509 -5.79299 344.548
28.5678 -5.79414 344.837
28.5356 -5.79379 344.388
28.5482 -5.79112 344.607
28.5726 -5.79427 344.934
28.5663 -5.79778 344.793
28.5531 -5.78942 344.534
28.5548 -5.78778 344.632
28.555 -5.79507 344.628
28.5621 -5.79482 344.659
28.5835 -5.80723 344.947
28.5699 -5.80499 344.78
28.5842 -5.80362 345
28.5772 -5.80512 344.796
28.5386 -5.80103 344.358
28.5455 -5.79621 344.393
28.5651 -5.80854 344.652
28.5463 -5.79256 344.417
28.5623 -5.80712 344.645
28.5704 -5.80347 344.696
28.5777 -5.80144 344.827
28.5768 -5.80399 344.823
28.6015 -5.81123 345.265
28.5766 -5.8045 344.794
28.566 -5.80525 344.637
28.5938 -5.81621 345.067
28.563 -5.79786 344.498
28.5902 -5.80595 344.925
28.5868 -5.81088 344.907
28.5772 -5.80828 344.792
28.5556 -5.8027 344.581
28.5636 -5.80794 344.721
28.5663 -5.81792 344.768
28.5782 -5.80419 344.895
28.586 -5.8052 344.96
28.5767 -5.80613 344.786
28.5474 -5.80186 344.402
28.5527 -5.79545 344.459
28.549 -5.80679 344.355
28.5645 -5.8113 344.622
28.5719 -5.81117 344.704
28.5878 -5.81256 344.83
28.5756 -5.80411 344.719
28.5792 -5.80335 344.78
28.565 -5.8003 344.607
28.5816 -5.8037 344.891
28.6037 -5.80667 345.304
28.5804 -5.80575 344.917
28.5706 -5.80762 344.798
28.6045 -5.81704 345.304
28.5747 -5.80029 344.757
28.5861 -5.80286 344.986
28.5772 -5.80726 344.956
28.5752 -5.79826 344.83
28.5392 -5.79303 344.269
28.5547 -5.80075 344.455
28.5711 -5.81555 344.787
28.5714 -5.81677 344.76
28.571 -5.81541 344.699
28.5644 -5.80589 344.597
28.5958 -5.82141 345.03
28.5988 -5.81376 345.143
28.589 -5.7979 345.012
28.582 -5.80038 344.89
28.5504 -5.79414 344.542
28.5655 -5.79926 344.727
28.5572 -5.7914 344.658
28.5593 -5.78449 344.579
28.5657 -5.78858 344.65
28.5499 -5.79388 344.447
28.5662 -5.80536 344.852
28.583 -5.81128 345.005
28.5723 -5.81671 344.82
28.5746 -5.82191 344.832
28.5585 -5.81139 344.622
28.5728 -5.80546 344.76
28.5747 -5.78792 344.759
28.5617 -5.79292 344.616
28.5312 -5.78871 344.3
28.5639 -5.79968 344.784
28.5802 -5.81239 344.907
28.5484 -5.80548 344.494
28.5365 -5.80154 344.306
28.5318 -5.79004 344.292
28.5325 -5.78143 344.306
28.5249 -5.79159 344.287
28.5299 -5.79902 344.295
28.541 -5.7933 344.536
28.5205 -5.78074 344.207
28.541 -5.78969 344.349
28.526 -5.7854 344.053
28.5576 -5.79176 344.567
28.5703 -5.79193 344.729
28.5508 -5.791 344.471
28.5525 -5.79991 344.516
28.5326 -5.78546 344.24
28.5596 -5.80339 344.63
28.5702 -5.80319 344.8
28.574 -5.80286 344.859
28.5661 -5.79428 344.754
28.557 -5.80317 344.545
28.5614 -5.79014 344.585
28.5503 -5.78675 344.429
28.582 -5.80131 344.906
28.6009 -5.79692 345.193
28.5729 -5.80027 344.79
28.5323 -5.80045 344.25
28.559 -5.80295 344.702
28.5685 -5.79311 344.906
28.5715 -5.79675 344.898
28.5868 -5.7992 345.104
28.584 -5.79723 345.06
28.5513 -5.78238 344.578
28.564 -5.7938 344.755
28.5635 -5.81057 344.823
28.5582 -5.81056 344.787
28.5646 -5.81201 344.955
28.5406 -5.80457 344.557
28.5332 -5.80415 344.519
28.5046 -5.79801 344.091
28.5338 -5.80088 344.472
28.5149 -5.79991 344.149
28.5458 -5.81641 344.77
28.5397 -5.81314 344.685
28.5316 -5.80593 344.497
28.5369 -5.80064 344.593
28.5494 -5.8035 344.785
28.5451 -5.80675 344.734
28.5437 -5.79342 344.74
28.5326 -5.79313 344.507
28.5447 -5.79604 344.706
28.5326 -5.78406 344.546
28.5435 -5.79244 344.764
28.5327 -5.79136 344.57
28.5358 -5.79603 344.611
28.5383 -5.79429 344.617
28.5447 -5.80261 344.688
28.5553 -5.80152 344.896
28.5769 -5.80836 345.155
28.5547 -5.80308 344.872
28.5284 -5.79915 344.425
28.545 -5.80315 344.612
28.5486 -5.80516 344.751
28.5512 -5.78961 344.771
28.5469 -5.78422 344.578
28.55 -5.79916 344.678
28.5367 -5.80411 344.657
28.5522 -5.80852 344.728
28.5577 -5.80536 344.785
28.56 -5.80707 344.816
28.5593 -5.79829 344.812
28.5721 -5.8124 345.009
28.5456 -5.80028 344.799
28.5399 -5.80065 344.669
28.5906 -5.81566 345.285
28.5538 -5.79502 344.726
28.5341 -5.79568 344.615
28.5462 -5.79969 344.762
28.5656 -5.7981 345.034
28.5895 -5.81503 345.341
28.6086 -5.8368 345.616
28.6005 -5.82833 345.526
28.5714 -5.80513 345.108
28.5782 -5.80498 345.196
28.5743 -5.79126 344.998
28.5666 -5.79125 344.911
28.5313 -5.78923 344.512
28.5411 -5.79115 344.616
28.5201 -5.79311 344.355
28.5487 -5.80762 344.747
28.5518 -5.79844 344.771
28.5466 -5.80408 344.713
28.569 -5.809 345.072
28.596 -5.82156 345.368
28.6036 -5.81727 345.39
28.59 -5.8122 345.204
28.5922 -5.81382 345.273
28.5961 -5.81515 345.339
28.5805 -5.81282 345.234
28.5677 -5.80983 345.01
28.5783 -5.798 345.182
28.5882 -5.79896 345.15
28.6069 -5.81454 345.502
28.5834 -5.79084 345.254
28.5597 -5.79115 345
28.558 -5.79247 344.814
28.5521 -5.79034 344.707
28.5413 -5.78797 344.627
28.5641 -5.79291 344.977
28.5596 -5.78819 344.814
28.522 -5.78877 344.386
28.5514 -5.79763 344.834
28.5699 -5.79324 345.101
28.5376 -5.78626 344.606
28.522 -5.80095 344.466
28.5441 -5.78996 344.617
28.5502 -5.79773 344.757
28.5479 -5.80605 344.828
28.5371 -5.80885 344.664
28.5401 -5.78199 344.619
28.5597 -5.79887 344.926
28.5647 -5.79893 344.945
28.5672 -5.80469 345.008
28.5658 -5.80918 344.913
28.5808 -5.81286 345.176
28.5439 -5.80591 344.709
28.5423 -5.79897 344.709
28.5422 -5.79129 344.676
28.5489 -5.79663 344.756
28.5324 -5.79503 344.649
28.5235 -5.79594 344.627
28.5425 -5.7958 344.868
28.5726 -5.80537 345.169
28.5633 -5.79828 344.944
28.5388 -5.79221 344.42
28.5867 -5.80914 344.891
28.5948 -5.81102 344.782
28.6823 -5.84695 345.6
28.6818 -5.8223 344.932
28.7638 -5.80404 345.518
28.7826 -5.7951 345.077
28.7981 -5.78812 344.985
28.8016 -5.80716 344.936
28.7887 -5.79635 344.621
28.9401 -5.82882 346.377
28.9135 -5.79051 344.101
29.0157 -5.79606 344.517
29.2316 -5.80159 346.296
29.3285 -5.81824 345.636
29.2773 -5.80619 344.534
29.2937 -5.80582 344.773
29.3114 -5.81081 344.838
29.357 -5.82221 345.344
29.3529 -5.83503 345.257
29.3465 -5.82081 345.114
29.3687 -5.83055 345.23
29.3792 -5.81789 345.188
29.3889 -5.82079 345.159
29.436 -5.81365 345.432
29.423 -5.77782 344.511
29.6273 -5.81282 346.203
29.6035 -5.78989 344.435
29.6807 -5.8108 344.89
29.8566 -5.84234 346.206
30.0345 -5.83857 346.83
29.9975 -5.80782 344.968
30.1219 -5.82293 345.901
30.0757 -5.78062 343.906
30.3114 -5.79888 344.811
30.6692 -5.8623 347.669
30.7072 -5.8218 346.173
30.6769 -5.80771 344.98
30.7087 -5.80099 344.931
30.9811 -5.85713 347.507
31.0543 -5.83305 346.508
31.0827 -5.82178 346.259
31.0095 -5.79301 344.485
31.1076 -5.8072 345.059
31.0958 -5.78668 344.034
31.5046 -5.86272 347.706
31.7121 -5.84214 347.219
31.8659 -5.81512 346.84
31.8925 -5.8288 346.465
31.8228 -5.80194 344.742
31.8793 -5.82045 344.984
31.9218 -5.83521 345.43
31.9087 -5.83841 345.228
31.9036 -5.82753 344.693
31.9526 -5.82226 344.987
32.2736 -5.90253 348.137
32.1515 -5.81783 344.769
32.3274 -5.80375 344.408
32.8859 -5.8931 348.844
33.3115 -5.90735 349.844
33.1315 -5.8036 344.454
33.6733 -5.87889 348.794
33.4984 -5.80814 344.679
33.5924 -5.77604 344.358
33.8506 -5.7995 346.39
33.8559 -5.82587 345.207
33.902 -5.81952 345.01
33.9217 -5.79491 344.696
33.9691 -5.78541 344.518
34.0965 -5.80731 345.691
34.1439 -5.81969 345.903
34.1267 -5.8091 345.395
34.1351 -5.81561 345.205
34.2423 -5.82535 346.024
34.3053 -5.84274 346.5
34.2427 -5.81977 345.165
34.2576 -5.79779 344.628
34.3243 -5.7996 345.151
34.3483 -5.80597 345.187
34.4219 -5.80982 345.399
34.4002 -5.79364 344.655
34.459 -5.80873 345.17
34.5079 -5.82565 345.557
34.4726 -5.82718 345.051
34.4782 -5.82206 345.065
34.5266 -5.82636 345.299
34.5741 -5.83007 345.561
34.5849 -5.84362 345.082
34.7468 -5.80939 346.06
34.6995 -5.78521 344.799
34.7248 -5.80264 344.783
34.7495 -5.79943 344.627
34.876 -5.83287 345.846
34.8961 -5.80136 345.656
34.8771 -5.79933 344.999
34.9885 -5.8117 345.823
35.059 -5.81808 345.921
35.0907 -5.81067 345.733
35.0397 -5.78952 344.729
35.107 -5.79842 345.415
35.1627 -5.81844 345.831
35.158 -5.81291 345.231
35.1803 -5.82761 345.235
35.226 -5.82101 345.455
35.2866 -5.82835 345.624
35.229 -5.78008 344.487
35.263 -5.80183 344.68
35.3151 -5.80611 345.196
35.3029 -5.78506 344.513
35.6748 -5.8357 347.617
35.8345 -5.85442 347.577
35.6899 -5.81236 344.928
35.7306 -5.81275 345.196
35.7494 -5.80708 344.942
35.7588 -5.81417 344.605
35.849 -5.81782 345.21
35.969 -5.83176 346.186
35.9345 -5.81721 345.429
36.0299 -5.83126 346.014
36.1331 -5.83059 346.765
36.308 -5.84564 347.058
36.1712 -5.81654 344.601
36.2315 -5.81762 345.115
36.2256 -5.80522 344.716
36.4232 -5.81512 346.183
36.5581 -5.83795 346.493
36.528 -5.82846 345.144
36.8447 -5.84996 347.089
36.7077 -5.7961 344.733
36.9021 -5.83614 346.212
36.9377 -5.84303 345.882
36.8809 -5.80405 344.749
37.0273 -5.83472 345.771
37.0589 -5.81134 345.276
37.0662 -5.81042 344.86
37.0827 -5.81297 344.785
37.0901 -5.80014 344.773
37.0834 -5.79624 344.728
37.0634 -5.80707 344.606
37.1129 -5.81226 345.125
37.1757 -5.82824 345.73
37.1401 -5.80881 344.79
37.1705 -5.81697 344.824
37.3366 -5.82323 346.017
37.3402 -5.80413 345.541
37.3683 -5.80861 345.607
37.3403 -5.79897 345.109
37.4207 -5.80719 345.787
37.401 -5.81277 345.253
37.4408 -5.79907 345.428
37.4496 -5.80854 345.358
37.4397 -5.81953 345.167
37.4274 -5.81728 344.989
37.4214 -5.80457 345.035
37.4529 -5.80102 345.452
37.4894 -5.81013 345.641
37.5619 -5.83516 346.075
37.5536 -5.82262 345.645
37.5639 -5.82288 345.442
37.5494 -5.81441 345.131
37.5672 -5.80789 345.131
37.5522 -5.78331 344.667
37.5313 -5.80283 344.249
37.5386 -5.79983 344.406
37.5101 -5.78432 344.162
37.5576 -5.78957 344.72
37.5705 -5.78129 344.825
37.5705 -5.78708 344.734
37.5503 -5.78683 344.56
37.609 -5.80176 345.233
37.6088 -5.78835 345.116
37.6024 -5.79285 345.125
37.569 -5.78646 344.78
37.5742 -5.77588 344.743
37.5869 -5.79212 344.841
37.5801 -5.77962 344.882
37.6229 -5.78184 345.33
37.6311 -5.78753 345.408
37.6281 -5.78588 345.367
37.5773 -5.77658 344.853
37.6132 -5.77648 345.232
37.6104 -5.76662 345.133
37.618 -5.77485 345.268
37.602 -5.77856 345.094
37.5608 -5.7852 344.636
37.5252 -5.76992 344.285
37.543 -5.76971 344.449
37.5404 -5.75235 344.441
37.5244 -5.75441 344.224
37.565 -5.75514 344.684
37.5695 -5.75412 344.765
37.5635 -5.75935 344.666
37.5549 -5.75998 344.627
37.5254 -5.76576 344.31
37.5404 -5.76375 344.493
37.49 -5.75438 343.977
37.5186 -5.76438 344.268
37.5768 -5.7844 344.913
37.5744 -5.7896 344.935
37.567 -5.77147 344.771
37.5368 -5.7704 344.425
37.5344 -5.75362 344.42
37.5754 -5.75964 344.809
37.558 -5.7666 344.571
37.5491 -5.76754 344.476
37.592 -5.77324 344.965
37.5866 -5.78346 344.939
37.597 -5.77361 345.045
37.6103 -5.76706 345.213
37.6041 -5.78035 345.089
37.5772 -5.7672 344.778
37.5676 -5.76896 344.663
37.5675 -5.77039 344.701
37.5879 -5.77197 344.889
37.5816 -5.76454 344.818
37.6074 -5.77048 345.027
37.6286 -5.78983 345.257
37.6091 -5.78381 345.022
37.5983 -5.77454 344.795
37.6261 -5.78593 345.137
37.6677 -5.78774 345.632
37.6315 -5.79245 345.26
37.6429 -5.78712 345.329
37.6364 -5.78338 345.329
37.5953 -5.77879 344.884
37.5759 -5.78142 344.729
37.5881 -5.79074 344.876
37.5918 -5.78379 344.827
37.5558 -5.76858 344.429
37.5576 -5.7666 344.464
37.5407 -5.77014 344.37
37.5529 -5.77094 344.448
37.5577 -5.77385 344.513
37.5944 -5.78159 344.896
37.6092 -5.78149 345.104
37.6117 -5.78598 345.104
37.6095 -5.77487 345.036
37.5914 -5.78437 344.805
37.6249 -5.79448 345.179
37.5803 -5.78854 344.771
37.6226 -5.78496 345.233
37.6079 -5.79213 345.019
37.5654 -5.77574 344.456
37.6101 -5.78099 345.048
37.5626 -5.77825 344.517
37.568 -5.78322 344.609
37.5484 -5.78482 344.49
37.5922 -5.79183 344.849
37.609 -5.7945 345.012
37.5965 -5.7898 344.81
37.6077 -5.78057 344.98
37.5652 -5.76194 344.56
37.5304 -5.75753 344.305
37.542 -5.75384 344.342
37.5628 -5.77095 344.605
37.5438 -5.7723 344.382
37.574 -5.78152 344.737
37.6019 -5.78588 344.99
37.6163 -5.77879 345.146
37.6019 -5.78526 344.981
37.5878 -5.78011 344.806
37.5934 -5.77675 344.776
37.6041 -5.76692 344.902
37.5901 -5.77216 344.803
37.5737 -5.77772 344.701
37.5489 -5.78172 344.4
37.5699 -5.7837 344.587
37.5862 -5.78222 344.773
37.5983 -5.77733 344.916
37.6272 -5.79087 345.284
37.606 -5.78374 345.081
37.5581 -5.77666 344.468
37.5889 -5.7826 344.889
37.5764 -5.78199 344.7
37.5778 -5.79616 344.636
37.5863 -5.78954 344.797
37.586 -5.77705 344.805
37.5809 -5.77333 344.705
37.5785 -5.78222 344.699
37.5709 -5.78716 344.643
37.5347 -5.77247 344.276
37.574 -5.78718 344.708
37.5862 -5.78218 344.892
37.5921 -5.78237 344.968
37.5787 -5.79198 344.786
37.5799 -5.79274 344.745
37.565 -5.78373 344.561
37.5582 -5.77668 344.56
37.5462 -5.76642 344.456
37.5623 -5.77494 344.607
37.5602 -5.79165 344.576
37.5696 -5.78334 344.666
37.576 -5.78346 344.689
37.5684 -5.77629 344.585
37.5704 -5.78061 344.66
37.5432 -5.77522 344.325
37.5292 -5.77438 344.154
37.5802 -5.78864 344.755
37.5791 -5.78662 344.678
37.5574 -5.78194 344.447
37.5456 -5.78527 344.316
37.5536 -5.77339 344.43
37.573 -5.76261 344.536
37.6143 -5.77676 344.98
37.6285 -5.77104 345.187
37.6202 -5.76588 345.036
37.611 -5.76053 344.986
37.5986 -5.77113 344.886
37.5736 -5.76205 344.651
37.5902 -5.76159 344.808
37.6069 -5.76799 344.99
37.615 -5.77195 345.067
37.5525 -5.7616 344.447
37.5703 -5.76419 344.553
37.6089 -5.76922 344.9
37.5882 -5.77201 344.776
37.5816 -5.77594 344.706
37.5794 -5.77693 344.728
37.5598 -5.77537 344.641
37.5586 -5.77003 344.554
37.5974 -5.7784 344.932
37.5978 -5.77431 344.956
37.598 -5.78735 345.039
37.5894 -5.79417 344.886
37.6285 -5.80323 345.315
37.5957 -5.79407 344.975
37.5565 -5.79543 344.663
37.5353 -5.77194 344.341
37.5585 -5.77717 344.657
37.5441 -5.79208 344.523
37.5378 -5.79259 344.507
37.5587 -5.77696 344.7
37.5957 -5.77485 345.091
37.5572 -5.77031 344.671
37.5409 -5.76307 344.462
37.5451 -5.7651 344.528
37.5581 -5.7778 344.652
37.5437 -5.77805 344.507
37.6005 -5.77438 345.037
37.5843 -5.7742 344.818
37.5912 -5.77095 344.875
37.5292 -5.76794 344.268
37.5226 -5.77296 344.217
37.5408 -5.77587 344.392
37.5697 -5.7827 344.776
37.58 -5.78221 344.845
37.573 -5.77794 344.723
37.5646 -5.78086 344.694
37.5743 -5.78242 344.853
37.5637 -5.7836 344.689
37.5597 -5.78683 344.609
37.5743 -5.7891 344.753
37.5911 -5.78268 344.944
37.5886 -5.78308 344.927
37.521 -5.77306 344.24
37.5497 -5.78104 344.572
37.5389 -5.77759 344.44
37.5646 -5.77557 344.666
37.5719 -5.77534 344.794
37.5649 -5.77713 344.692
37.5229 -5.76143 344.3
37.5472 -5.7661 344.476
37.57 -5.77523 344.756
37.5677 -5.77412 344.717
37.5243 -5.76263 344.34
37.5135 -5.7552 344.212
37.5805 -5.76313 344.88
37.5606 -5.76929 344.711
37.6051 -5.77892 345.265
37.577 -5.76503 344.922
37.5794 -5.76783 344.92
37.5957 -5.76745 345.067
37.5858 -5.76802 345.014
37.5796 -5.76891 344.927
37.605 -5.76991 345.085
37.6044 -5.78007 345.062
37.5844 -5.78173 344.854
37.6167 -5.77445 345.244
37.6271 -5.78862 345.283
37.5995 -5.78146 345.087
37.5712 -5.76099 344.754
37.5859 -5.77638 344.877
37.5769 -5.7798 344.828
37.5722 -5.77389 344.807
37.5911 -5.77013 344.957
37.5858 -5.76947 344.886
37.5693 -5.76806 344.74
37.552 -5.78035 344.524
37.5506 -5.76595 344.537
37.5873 -5.77682 344.859
37.5837 -5.77893 344.944
37.5569 -5.77175 344.643
37.5453 -5.76395 344.519
37.5427 -5.77562 344.515
37.5392 -5.78689 344.497
37.5635 -5.78235 344.608
37.5562 -5.76387 344.565
37.5322 -5.76307 344.287
37.6155 -5.78362 345.212
37.6004 -5.78029 345.037
37.5594 -5.77319 344.675
37.5585 -5.77128 344.596
37.559 -5.77468 344.606
37.568 -5.77644 344.707
37.5916 -5.78091 344.958
37.5895 -5.78104 344.885
37.6026 -5.80028 345.1
37.6017 -5.79972 345.064
37.6022 -5.79071 345.133
37.6043 -5.79189 345.093
37.5834 -5.78556 344.926
37.5858 -5.7962 344.941
37.5558 -5.78029 344.642
37.5764 -5.7993 344.86
37.5695 -5.79056 344.769
37.5767 -5.78508 344.836
37.5482 -5.77505 344.54
37.5708 -5.80055 344.752
37.5805 -5.78773 344.567
37.6912 -5.79296 345.133
37.6176 -5.78682 343.951
37.7191 -5.80397 344.715
37.706 -5.81008 344.372
37.7338 -5.80163 344.587
37.7888 -5.81444 345.125
37.7992 -5.81303 345.047
37.7971 -5.81372 344.94
37.8387 -5.81779 345.258
37.8467 -5.79949 345.254
37.8455 -5.79506 345.054
37.8555 -5.80346 345.114
37.8707 -5.79992 345.05
37.9035 -5.80649 345.215
38.0502 -5.80829 346.267
38.132 -5.80565 346.372
38.2676 -5.83549 347.209
38.1826 -5.80155 345.269
38.2435 -5.78963 345.428
38.2443 -5.77351 344.935
38.2603 -5.76787 344.94
38.2698 -5.76936 344.907
38.3659 -5.78901 345.658
38.3951 -5.79656 345.59
38.4754 -5.78875 345.231
38.4568 -5.77256 344.576
38.4523 -5.77801 344.501
38.4763 -5.78793 344.701
38.5266 -5.78334 344.892
38.5108 -5.76267 344.3
38.6385 -5.78725 344.79
38.8573 -5.82358 346.258
38.8513 -5.80358 345.519
38.838 -5.79203 344.93
38.8618 -5.78511 344.886
38.8935 -5.77227 344.986
38.9732 -5.78738 345.477
39.0225 -5.79233 345.66
39.0434 -5.80757 345.421
39.2092 -5.8244 346.471
39.1184 -5.76782 344.42
39.2394 -5.77731 344.921
39.2724 -5.77689 344.634
39.3878 -5.79845 345.388
39.4035 -5.79757 345.156
39.4525 -5.79947 345.182
39.5581 -5.81317 345.905
39.5975 -5.80433 346.078
39.5701 -5.78198 345.375
39.5908 -5.78633 345.323
39.6223 -5.78345 345.522
39.6453 -5.77518 345.274
39.6993 -5.79255 345.478
39.7406 -5.79599 345.546
40.1597 -5.86394 348.623
40.4616 -5.84255 349.023
40.0951 -5.72832 343.438
40.8859 -5.85215 349.363
40.6855 -5.78568 344.716
40.9972 -5.79053 344.945
41.3113 -5.83641 347.054
41.3469 -5.84343 346.906
41.1615 -5.75656 343.857
41.7963 -5.83047 348.447
41.7504 -5.82049 347.031
41.7704 -5.79343 345.854
41.7522 -5.805 345.106
41.7901 -5.78568 344.479
42.0623 -5.81065 346.249
42.1567 -5.81139 346.56
42.3469 -5.82956 347.134
42.3169 -5.82956 346.507
42.181 -5.76167 344.045
42.5648 -5.8115 346.768
42.4054 -5.79284 344.347
42.5261 -5.79546 345.217
42.5164 -5.79785 344.956
42.5146 -5.79209 344.768
42.5489 -5.79597 344.865
42.653 -5.80031 345.541
42.6445 -5.78824 345.424
42.6202 -5.78409 345.146
42.5763 -5.76873 344.719
42.5994 -5.78152 344.985
42.656 -5.78813 345.486
42.6419 -5.79455 345.369
42.5978 -5.79272 344.928
42.5572 -5.78359 344.512
42.5993 -5.78966 344.797
42.6346 -5.78788 345.046
42.6524 -5.79311 345.125
42.6968 -5.8065 345.433
42.65 -5.81458 344.959
42.6923 -5.80198 345.338
42.6924 -5.79475 345.029
42.7785 -5.79817 345.367
42.7441 -5.80399 344.932
42.7159 -5.80262 344.627
42.7632 -5.80874 344.981
42.7842 -5.80345 345.007
42.907 -5.79534 345.587
42.9158 -5.79418 345.134
42.9292 -5.79602 345.152
42.9851 -5.79973 345.594
42.9817 -5.80003 345.192
43.0341 -5.80682 345.356
43.1679 -5.83929 346.18
43.1377 -5.82336 345.753
43.0843 -5.81194 345.249
43.0638 -5.80899 345.05
43.0959 -5.80244 345.081
43.1579 -5.80504 345.466
43.1691 -5.79643 345.386
43.1946 -5.79958 345.484
43.1813 -5.79352 345.073
43.3601 -5.81385 346.181
43.6305 -5.83935 347.278
43.4839 -5.78939 345.093
43.5451 -5.79459 345.539
43.6025 -5.81689 345.989
43.6329 -5.79668 345.752
43.5497 -5.77275 344.499
43.6171 -5.79907 344.933
43.8487 -5.82218 346.623
43.971 -5.82163 346.693
43.8259 -5.79156 344.578
44.0952 -5.80174 346.243
44.1939 -5.82303 346.523
44.0595 -5.79776 344.803
44.1143 -5.80404 345.094
44.1327 -5.81001 345.111
44.2313 -5.81573 345.882
44.2341 -5.81968 345.369
44.1971 -5.78675 344.652
44.3004 -5.80046 345.258
44.328 -5.79439 345.053
44.4681 -5.80384 345.798
44.4943 -5.78865 345.561
44.4997 -5.79823 345.416
44.4827 -5.7932 345.059
44.5478 -5.79762 345.495
44.5609 -5.78503 345.342
44.677 -5.81304 345.878
44.7975 -5.7948 345.96
44.7567 -5.78635 345.048
44.952 -5.79491 346.447
44.7813 -5.77582 344.066
45.0912 -5.79729 345.348
45.282 -5.81528 346.402
45.1618 -5.79588 345.133
45.2114 -5.80061 345.477
45.2204 -5.80667 345.545
45.2644 -5.80664 345.657
45.3271 -5.79689 345.979
45.3192 -5.79019 345.826
45.3381 -5.80882 345.907
45.2869 -5.78906 345.488
45.2552 -5.78755 345.216
45.2871 -5.79367 345.528
45.2995 -5.79463 345.665
45.3005 -5.79502 345.58
45.3039 -5.7825 345.451
45.2779 -5.78479 345.15
45.2967 -5.78353 345.254
45.4428 -5.80674 346.172
45.4514 -5.80848 345.564
45.7457 -5.82772 347.442
45.5861 -5.78248 345.332
45.603 -5.76376 345.27
45.5846 -5.77229 345.036
45.6828 -5.7871 345.47
45.7257 -5.78178 345.425
45.9489 -5.80704 346.849
45.9315 -5.79046 346.126
45.9158 -5.7696 345.56
45.9384 -5.76258 345.569
45.9832 -5.77308 345.632
46.0195 -5.78015 345.674
46.0353 -5.80128 345.681
46.0418 -5.80201 345.689
46.0543 -5.79943 345.82
46.0286 -5.7832 345.613
46.1555 -5.80971 346.365
46.1048 -5.77998 345.405
46.2363 -5.79248 345.977
46.2029 -5.77016 345.512
46.1968 -5.77522 345.411
46.1872 -5.7685 345.299
46.1246 -5.75935 344.762
46.1186 -5.76707 344.725
46.163 -5.76968 345.079
46.1476 -5.76337 345.021
46.1668 -5.77678 345.167
46.1684 -5.78392 345.132
46.1952 -5.77805 345.277
46.2309 -5.78732 345.573
46.143 -5.77431 344.841
46.2217 -5.78945 345.422
46.2321 -5.78345 345.513
46.2402 -5.78731 345.59
46.2298 -5.78181 345.483
46.2204 -5.78051 345.386
46.2182 -5.78204 345.379
46.2075 -5.77964 345.32
46.2024 -5.77095 345.303
46.2154 -5.77971 345.414
46.1947 -5.77493 345.282
46.1877 -5.77633 345.193
46.2428 -5.78895 345.752
46.2354 -5.78353 345.686
46.1933 -5.78333 345.35
46.1771 -5.78231 345.256
46.1879 -5.77951 345.256
46.157 -5.77089 344.969
46.1935 -5.77101 345.233
46.2011 -5.76675 345.366
46.2071 -5.77025 345.38
46.2469 -5.78261 345.813
46.2235 -5.77151 345.506
46.1751 -5.76654 344.944
46.2173 -5.77239 345.116
46.2495 -5.77494 344.943
46.525 -5.81927 346.795
46.4241 -5.79067 345.674
46.3981 -5.78966 345.399
46.3939 -5.79812 345.413
46.3416 -5.78128 344.932
46.5288 -5.79988 346.278
46.488 -5.77816 345.542
46.5152 -5.79265 345.522
46.533 -5.78398 345.632
46.5021 -5.78036 345.285
46.4939 -5.77163 345.187
46.4536 -5.76844 344.77
46.4896 -5.77295 344.913
46.5419 -5.77643 345.177
46.5452 -5.76994 345.121
46.5476 -5.76356 345.093
46.5671 -5.76474 345.242
46.6346 -5.78392 345.829
46.6232 -5.79923 345.651
46.6965 -5.79805 346.14
46.6317 -5.79935 345.448
46.6503 -5.79156 345.562
46.6658 -5.78702 345.618
46.6743 -5.78543 345.669
46.6841 -5.77534 345.706
46.6851 -5.76933 345.74
46.689 -5.77752 345.71
46.671 -5.78552 345.488
46.6694 -5.79609 345.46
46.6834 -5.8033 345.529
46.7008 -5.79602 345.728
46.6912 -5.78516 345.678
46.6963 -5.7881 345.65
46.6806 -5.78779 345.525
46.7169 -5.79157 345.805
46.7197 -5.79363 345.83
46.7028 -5.79007 345.733
46.6819 -5.78715 345.572
46.6806 -5.78123 345.595
46.6449 -5.77686 345.266
46.6838 -5.78519 345.605
46.6443 -5.79222 345.234
46.6845 -5.78566 345.588
46.6838 -5.77482 345.595
46.632 -5.76612 345.188
46.5965 -5.7508 344.937
46.6804 -5.76954 345.587
46.665 -5.78104 345.457
46.6508 -5.77916 345.354
46.6293 -5.77765 345.146
46.6614 -5.7768 345.398
46.6251 -5.76211 345.124
46.662 -5.76865 345.434
46.6519 -5.75895 345.37
46.6539 -5.77433 345.364
46.6306 -5.76741 345.115
46.5993 -5.75855 344.821
46.5866 -5.75484 344.74
46.5866 -5.75732 344.77
46.6084 -5.77317 344.926
46.6403 -5.76398 345.16
46.6684 -5.76334 345.42
46.6332 -5.75804 345.143
46.6347 -5.75949 345.115
46.6244 -5.76622 345.039
46.605 -5.76535 344.932
46.6514 -5.7758 345.239
46.6669 -5.78273 345.364
46.6648 -5.77824 345.334
46.696 -5.77928 345.623
46.6791 -5.78554 345.455
46.6564 -5.79123 345.283
46.6258 -5.77217 345.007
46.6484 -5.77161 345.214
46.5976 -5.77459 344.768
46.6282 -5.78647 345.096
46.6353 -5.7902 345.052
46.6815 -5.78076 345.34
46.6423 -5.77306 345.072
46.6542 -5.77339 345.218
46.6714 -5.77876 345.363
46.5785 -5.77231 344.589
46.6357 -5.77798 345.114
46.6136 -5.76443 344.935
46.6564 -5.76936 345.264
46.6732 -5.77426 345.356
46.6997 -5.7797 345.513
46.667 -5.77372 345.273
46.6764 -5.78293 345.363
46.692 -5.78662 345.442
46.6885 -5.77761 345.406
46.7123 -5.77948 345.693
46.6906 -5.76879 345.497
46.6911 -5.77752 345.498
46.6768 -5.77732 345.383
46.6813 -5.78161 345.41
46.7149 -5.78576 345.695
46.6826 -5.78664 345.454
46.6805 -5.77882 345.443
46.6935 -5.77353 345.585
46.7047 -5.78758 345.647
46.6949 -5.77061 345.503
46.7071 -5.78853 345.622
46.7067 -5.79405 345.656
46.6626 -5.78389 345.284
46.6779 -5.78228 345.375
46.6803 -5.79628 345.401
46.6345 -5.80075 344.977
46.6498 -5.7794 345.068
46.65 -5.77997 345.078
46.6623 -5.7796 345.24
46.6503 -5.77542 345.158
46.6556 -5.77851 345.179
46.6491 -5.78401 345.103
46.6679 -5.79236 345.243
46.6707 -5.79933 345.237
46.6884 -5.80224 345.39
46.6956 -5.80245 345.465
46.696 -5.79774 345.487
46.7155 -5.80309 345.647
46.7226 -5.80461 345.693
46.7435 -5.80298 345.873
46.6991 -5.7963 345.525
46.7172 -5.79659 345.747
46.7022 -5.80046 345.552
46.7098 -5.80567 345.65
46.6518 -5.78885 345.138
46.6301 -5.77866 344.942
46.646 -5.78516 345.088
46.6828 -5.78955 345.424
46.6791 -5.8035 345.398
46.7443 -5.81713 345.9
46.6659 -5.80247 345.237
46.6888 -5.79145 345.451
46.6812 -5.8036 345.426
46.6465 -5.79819 345.149
46.6865 -5.79704 345.415
46.7137 -5.8164 345.678
46.6859 -5.80228 345.424
46.7054 -5.80534 345.589
46.7078 -5.80462 345.608
46.6937 -5.79409 345.512
46.6971 -5.80981 345.559
46.6843 -5.79878 345.447
46.6933 -5.79471 345.539
46.7435 -5.79721 346.014
46.743 -5.80446 345.941
46.7098 -5.8034 345.584
46.6949 -5.80379 345.528
46.626 -5.80113 344.976
46.6613 -5.79284 345.284
46.7548 -5.79217 346.1
46.6746 -5.77743 345.406
46.6678 -5.77393 345.279
46.6604 -5.77475 345.238
46.6656 -5.77943 345.317
46.6854 -5.78276 345.449
46.6876 -5.77369 345.451
46.6615 -5.77636 345.29
46.7381 -5.79096 345.961
46.6998 -5.78389 345.603
46.7373 -5.79794 345.908
46.7386 -5.80234 345.918
46.7337 -5.80505 345.951
46.6815 -5.78295 345.439
46.6492 -5.77249 345.156
46.7033 -5.7966 345.669
46.6723 -5.79708 345.362
46.7211 -5.79343 345.759
46.7041 -5.78118 345.555
46.6937 -5.77916 345.477
46.6473 -5.76982 345.105
46.694 -5.77599 345.563
46.7013 -5.77918 345.688
46.7003 -5.78409 345.716
46.676 -5.78156 345.465
46.6823 -5.78194 345.486
46.6847 -5.78592 345.54
46.6845 -5.7858 345.537
46.6715 -5.78669 345.427
46.6822 -5.78412 345.544
46.6826 -5.7803 345.576
46.6597 -5.78267 345.369
46.6413 -5.77901 345.241
46.6884 -5.78447 345.604
46.7243 -5.78798 345.894
46.6788 -5.78587 345.487
46.6434 -5.79191 345.205
46.6856 -5.78931 345.605
46.6467 -5.78142 345.28
46.6266 -5.78233 345.066
46.635 -5.79028 345.12
46.6551 -5.7916 345.261
46.651 -5.79599 345.217
46.6458 -5.79524 345.252
46.6894 -5.79269 345.694
46.6548 -5.78897 345.396
46.6106 -5.77416 344.953
46.5988 -5.77351 344.857
46.6462 -5.79082 345.23
46.6201 -5.78711 345.037
46.5912 -5.77441 344.844
46.5898 -5.78932 344.781
46.5499 -5.78548 344.467
46.5652 -5.78233 344.572
46.5957 -5.77541 344.904
46.5989 -5.78719 344.91
46.5987 -5.7939 344.935
46.6215 -5.7834 345.111
46.6014 -5.79023 344.889
46.6261 -5.79026 345.084
46.6492 -5.78586 345.245
46.6482 -5.79184 345.334
46.6618 -5.795 345.434
46.6542 -5.78031 345.342
46.6375 -5.78316 345.206
46.6607 -5.79154 345.381
46.6338 -5.79262 345.264
46.6186 -5.78373 345.049
46.621 -5.79793 345.02
46.6823 -5.78916 345.578
46.6937 -5.79036 345.686
46.6543 -5.77504 345.332
46.6478 -5.78676 345.334
46.6815 -5.79459 345.636
46.6963 -5.78732 345.776
46.7077 -5.79482 345.869
46.7248 -5.79576 345.948
46.7033 -5.78397 345.753
46.6167 -5.77775 345.006
46.5699 -5.7697 344.619
46.5469 -5.77089 344.464
46.5461 -5.7694 344.427
46.5953 -5.77718 344.849
46.5814 -5.77496 344.748
46.6328 -5.77917 345.136
46.6376 -5.77817 345.207
46.6082 -5.77983 344.955
46.6175 -5.78598 345.044
46.6799 -5.78952 345.548
46.6423 -5.78933 345.222
46.7023 -5.80128 345.678
46.6527 -5.78418 345.273
46.6295 -5.78139 345.09
46.6123 -5.78855 344.971
46.6095 -5.78907 344.933
46.6632 -5.8018 345.306
46.6512 -5.80354 345.194
46.6576 -5.79258 345.275
46.6695 -5.80218 345.443
46.6507 -5.7924 345.237
46.6626 -5.78512 345.354
46.6858 -5.80356 345.556
46.6784 -5.79612 345.507
46.686 -5.79514 345.576
46.6764 -5.78859 345.472
46.6476 -5.79172 345.209
46.6705 -5.80059 345.422
46.6925 -5.79651 345.612
46.6895 -5.78847 345.602
46.6719 -5.78588 345.445
46.6583 -5.79605 345.363
46.6677 -5.78767 345.416
46.6456 -5.78582 345.184
46.6642 -5.7922 345.382
46.6581 -5.78732 345.341
46.6336 -5.79618 345.115
46.613 -5.80047 344.959
46.6196 -5.79037 345.111
46.5815 -5.76767 344.945
46.5721 -5.77449 344.964
46.6313 -5.78219 345.525
46.5984 -5.77744 345.225
46.6386 -5.78925 345.554
46.62 -5.7977 345.424
46.6254 -5.80538 345.545
46.6086 -5.78848 345.424
46.5666 -5.77352 345.045
46.5833 -5.77905 345.132
46.6203 -5.78477 345.418
46.6496 -5.79266 345.627
46.7187 -5.80266 346.142
46.6706 -5.79284 345.498
46.7043 -5.79833 345.658
46.9223 -5.8282 346.969
46.7211 -5.78379 344.764
46.8857 -5.8047 345.78
46.9519 -5.80912 346.054
46.9118 -5.78371 345.449
46.9576 -5.77679 345.475
47.0319 -5.78579 345.754
47.0726 -5.80285 345.767
47.0516 -5.80175 345.505
47.0378 -5.79675 345.259
47.086 -5.80037 345.551
47.1192 -5.79537 345.667
47.1315 -5.80301 345.608
47.1696 -5.80759 345.73
47.1398 -5.79658 345.296
47.2199 -5.81512 345.738
47.3038 -5.77857 345.877
47.2645 -5.79023 345.081
47.3193 -5.7744 345.176
47.4392 -5.78502 345.119
47.7422 -5.81126 346.929
47.6449 -5.78787 345.425
47.6959 -5.79337 345.538
47.7818 -5.79699 345.92
47.8022 -5.80185 345.833
47.7669 -5.79217 345.306
47.9843 -5.83459 346.897
48.1764 -5.79671 347.015
48.079 -5.79794 345.594
48.03 -5.78341 344.947
48.1493 -5.79839 345.597
48.2536 -5.77993 345.438
48.3847 -5.8124 346.059
48.3132 -5.78697 344.963
48.2696 -5.75988 344.135
48.7414 -5.81112 347.122
48.6152 -5.77852 345.545
48.6417 -5.78041 345.492
48.7066 -5.78708 345.907
48.7341 -5.7986 346.003
48.7717 -5.80537 346.05
48.8578 -5.82523 346.543
49.0229 -5.83273 347.111
48.927 -5.78813 345.636
48.9128 -5.8041 345.315
48.9184 -5.79272 345.105
48.9316 -5.7979 344.892
49.1788 -5.81584 346.376
49.3905 -5.79291 347.073
49.4046 -5.79893 346.759
49.307 -5.79593 345.405
49.4521 -5.82473 346.324
49.4747 -5.83145 346.298
49.5149 -5.81446 346.284
49.5432 -5.81617 346.177
49.4454 -5.77401 344.928
49.6525 -5.80875 346.224
49.5738 -5.79612 345.321
49.7656 -5.80224 346.583
49.8911 -5.84131 347.143
50.0166 -5.83322 347.749
50.0416 -5.80342 346.982
49.9046 -5.77213 345.368
49.9299 -5.77626 345.388
50.0334 -5.79929 345.914
50.0882 -5.81039 346.107
50.0485 -5.80556 345.517
50.1404 -5.79005 346.017
50.3462 -5.78309 347.145
50.2174 -5.77691 345.365
50.2657 -5.77156 345.443
50.5014 -5.80075 346.773
50.4077 -5.79964 345.921
50.3813 -5.81522 345.691
50.5541 -5.81601 346.789
50.5069 -5.81658 346.216
50.5026 -5.80521 345.829
50.5735 -5.79632 346.233
50.4896 -5.79095 345.163
50.5904 -5.78499 345.393
50.8802 -5.82488 347.285
50.7301 -5.78418 345.769
50.7596 -5.80025 345.726
50.7952 -5.80516 345.783
50.8117 -5.80017 345.75
50.8221 -5.78469 345.618
50.9898 -5.80137 346.633
50.937 -5.79155 346.049
50.9308 -5.80411 345.994
50.9265 -5.79258 345.949
51.0113 -5.80367 346.278
50.9362 -5.80424 345.267
51.103 -5.82697 346.247
51.045 -5.82498 345.684
51.008 -5.80852 345.387
51.0367 -5.79911 345.555
51.1301 -5.7919 346.048
51.0847 -5.802 345.466
51.0931 -5.7976 345.505
51.1504 -5.79407 345.872
51.1366 -5.78364 345.66
51.1158 -5.78555 345.354
51.2237 -5.80023 345.935
51.2589 -5.79896 345.91
51.2572 -5.77733 345.718
51.3196 -5.78897 346.067
51.358 -5.81202 346.168
51.3681 -5.81373 346.095
51.7265 -5.82882 347.976
51.6594 -5.77991 346.47
51.6693 -5.81356 346.191
51.6434 -5.80714 345.686
51.6974 -5.80732 345.883
51.6391 -5.80557 345.142
51.6645 -5.80081 345.014
51.7372 -5.79272 345.456
51.7646 -5.7912 345.583
51.8118 -5.78973 345.883
51.8919 -5.80187 346.275
51.8487 -5.7803 345.797
51.8257 -5.77964 345.573
51.8731 -5.77508 345.867
51.8975 -5.78014 345.937
52.0168 -5.78772 346.595
51.9779 -5.79269 345.271
52.6982 -5.83869 349.067
52.7972 -5.81217 347.764
52.5107 -5.77886 345.193
52.5077 -5.76916 345.158
52.5328 -5.77063 345.331
52.5166 -5.76786 345.249
52.4566 -5.75606 344.853
52.4734 -5.76443 345.004
52.4578 -5.75825 344.874
52.4519 -5.76649 344.841
52.5401 -5.77317 345.504
52.5296 -5.76812 345.427
52.4607 -5.75724 344.955
52.4656 -5.75587 345.019
52.4401 -5.75249 344.863
52.4567 -5.76485 345.024
52.5106 -5.77462 345.478
52.5357 -5.77327 345.54
52.5705 -5.77535 345.734
52.535 -5.77055 345.411
52.493 -5.76659 344.963
52.6099 -5.7907 345.617
52.6701 -5.804 345.798
52.5957 -5.7986 344.883
53.2181 -5.83717 348.5
52.9671 -5.79842 345.54
53.2876 -5.82343 347.33
53.1723 -5.79997 346.264
53.113 -5.80141 345.742
53.1348 -5.79122 345.82
53.1994 -5.78125 346.049
53.2333 -5.79417 346.019
53.1767 -5.79102 345.175
53.3222 -5.80186 345.932
53.3159 -5.80541 345.756
53.3378 -5.80701 345.836
53.405 -5.80597 346.205
53.4415 -5.81094 346.449
53.3742 -5.78946 345.749
53.3198 -5.78257 345.344
53.3245 -5.77604 345.375
53.4039 -5.79322 345.863
53.4743 -5.81439 346.337
53.4896 -5.81542 346.249
53.4975 -5.81746 346.114
53.5628 -5.79346 346.336
53.5596 -5.79166 346.156
53.5191 -5.7846 345.865
53.5887 -5.78354 346.286
54.0734 -5.84773 349.026
53.6422 -5.76623 344.885
53.9388 -5.81023 346.603
53.8229 -5.78973 345.693
53.8422 -5.7757 345.859
53.8102 -5.75932 345.608
53.8108 -5.76837 345.638
53.891 -5.79386 346.276
53.8274 -5.7826 345.758
53.7987 -5.77605 345.536
53.7726 -5.77459 345.388
53.7998 -5.77943 345.609
53.7967 -5.77975 345.57
53.7419 -5.7829 345.196
53.7795 -5.78638 345.484
53.7492 -5.78241 345.265
53.7668 -5.77423 345.309
53.7409 -5.77406 345.071
53.9094 -5.79242 346.146
54.0217 -5.80326 346.261
54.0543 -5.81881 346.329
54.0402 -5.82051 346.033
54.0189 -5.8069 345.859
53.9839 -5.79583 345.537
54.0099 -5.80016 345.55
54.0381 -5.80045 345.602
54.0411 -5.79673 345.626
54.0834 -5.80124 345.94
54.079 -5.80406 345.918
54.0598 -5.80196 345.76
54.0939 -5.80486 345.872
54.064 -5.79173 345.553
54.1099 -5.79788 345.822
54.1678 -5.81826 346.275
54.3059 -5.80541 347.092
54.1682 -5.79121 345.594
54.2683 -5.77734 345.794
54.3058 -5.80379 345.691
54.2878 -5.81527 345.537
54.2332 -5.78924 345.097
54.3556 -5.80312 345.617
54.5684 -5.80449 346.654
54.6208 -5.79971 346.826
54.5446 -5.77125 346.039
54.5009 -5.76819 345.71
54.4358 -5.7647 345.258
54.4547 -5.76929 345.35
54.4825 -5.79041 345.531
54.4967 -5.78716 345.609
54.5678 -5.79157 346.159
54.4693 -5.75996 345.422
54.456 -5.76612 345.315
54.5183 -5.77167 345.782
54.5154 -5.77619 345.829
54.5251 -5.78205 345.879
54.4891 -5.79049 345.647
54.5381 -5.78628 345.953
54.4941 -5.77486 345.66
54.5354 -5.78479 345.924
54.7121 -5.80703 347.096
55.1084 -5.83216 348.835
55.0325 -5.81884 347.569
54.859 -5.79719 345.952
54.8541 -5.78495 345.838
54.8233 -5.78127 345.57
54.9226 -5.79041 346.207
55.0464 -5.82486 346.951
54.9612 -5.81571 345.976
54.9535 -5.80294 345.836
54.9425 -5.80153 345.643
54.9767 -5.81406 345.912
55.0609 -5.80575 346.562
54.9395 -5.80689 345.714
54.8648 -5.78748 345.236
54.9805 -5.80339 345.979
54.9697 -5.8014 345.952
54.9685 -5.80073 345.918
54.9516 -5.79676 345.722
54.9245 -5.7931 345.566
54.9612 -5.79195 345.86
54.9633 -5.79804 345.86
55.0014 -5.81006 346.143
55.0066 -5.80379 346.165
54.9872 -5.79757 346.015
54.9522 -5.80902 345.784
54.9781 -5.81119 345.951
54.9853 -5.80277 346.025
54.9777 -5.79641 346.018
55.0221 -5.8128 346.254
54.9278 -5.79956 345.321
55.5915 -5.90165 349.142
55.2066 -5.79694 345.348
55.3693 -5.81285 346.137
55.3052 -5.80146 345.689
55.3094 -5.7928 345.718
55.2956 -5.80111 345.646
55.3118 -5.81394 345.752
55.3427 -5.81149 345.978
55.3556 -5.81506 346.042
55.3726 -5.81604 346.169
55.3591 -5.81644 346.112
55.3251 -5.80538 345.864
55.3302 -5.81057 345.855
55.3564 -5.82444 346.059
55.3261 -5.7967 345.825
55.3989 -5.80218 346.341
55.353 -5.81034 345.996
55.3219 -5.8145 345.769
55.3387 -5.81304 345.856
55.4359 -5.82462 346.567
55.4407 -5.81429 346.565
55.3705 -5.81282 346.066
55.351 -5.80791 345.936
55.3007 -5.80597 345.621
55.6564 -5.83899 347.867
55.5441 -5.82544 346.604
55.4899 -5.79779 345.924
55.5148 -5.80484 346.022
55.505 -5.79397 345.932
55.5674 -5.79605 346.316
55.5636 -5.79 346.113
55.5677 -5.78643 345.924
55.5345 -5.78107 345.604
55.5164 -5.77291 345.411
55.4867 -5.77113 345.209
55.5297 -5.77333 345.483
55.5519 -5.78651 345.653
55.5567 -5.78731 345.69
55.5453 -5.78249 345.592
55.4701 -5.76872 345.037
55.5714 -5.77682 345.785
55.653 -5.78994 346.399
55.5795 -5.77502 345.869
55.5536 -5.76546 345.685
55.6305 -5.77828 346.251
55.6011 -5.77289 346.08
55.5934 -5.76819 345.994
55.6171 -5.76035 346.164
55.517 -5.74708 345.48
55.5538 -5.76713 345.687
55.5364 -5.77267 345.622
55.5001 -5.76986 345.361
55.5299 -5.77172 345.577
55.5653 -5.75721 345.809
55.5562 -5.75988 345.738
55.5009 -5.76419 345.409
55.486 -5.76315 345.281
55.4728 -5.75289 345.179
55.4892 -5.76281 345.283
55.5029 -5.76715 345.441
55.5367 -5.77217 345.672
55.5787 -5.7588 345.928
55.5774 -5.76262 345.953
55.5634 -5.75844 345.872
55.5261 -5.762 345.61
55.5126 -5.76776 345.52
55.5392 -5.77083 345.684
55.5353 -5.76424 345.641
55.5503 -5.77048 345.772
55.5223 -5.75647 345.595
55.4979 -5.76361 345.368
55.485 -5.758 345.283
55.5328 -5.76187 345.581
55.4927 -5.75802 345.272
55.5049 -5.76056 345.351
55.5439 -5.76974 345.677
55.521 -5.75847 345.427
55.5002 -5.74366 345.291
55.5216 -5.7496 345.473
55.5314 -5.75552 345.609
55.5174 -5.75371 345.515
55.5304 -5.75557 345.625
55.5773 -5.7701 345.907
55.5822 -5.77591 345.921
55.5419 -5.76003 345.658
55.5265 -5.75351 345.5
55.56 -5.77136 345.717
55.5449 -5.77271 345.641
55.5752 -5.77857 345.855
55.6421 -5.79414 346.346
55.4552 -5.75616 345.01
55.4603 -5.75994 345.1
55.4809 -5.75751 345.194
55.5118 -5.74815 345.455
55.5395 -5.75774 345.659
55.5427 -5.76077 345.653
55.4535 -5.752 344.996
55.4452 -5.75035 344.924
55.4599 -5.77003 345.03
55.4663 -5.76854 345.075
55.5344 -5.77449 345.517
55.5481 -5.77106 345.639
55.5442 -5.77156 345.62
55.5406 -5.7782 345.669
55.5254 -5.77493 345.53
55.5433 -5.76835 345.635
55.5014 -5.77085 345.401
55.3976 -5.76786 344.702
55.4307 -5.77531 344.907
55.4807 -5.76514 345.277
55.4688 -5.7627 345.186
55.5185 -5.76031 345.477
55.5495 -5.77785 345.776
55.4853 -5.76017 345.315
55.4914 -5.76551 345.332
55.4877 -5.76635 345.298
55.506 -5.789 345.498
55.5224 -5.76233 345.649
55.4782 -5.76826 345.293
55.4463 -5.77389 345.051
55.44 -5.75864 344.97
55.4844 -5.76083 345.282
55.5003 -5.75374 345.397
55.4884 -5.75871 345.369
55.5119 -5.76427 345.458
55.5702 -5.75702 345.848
55.5588 -5.76597 345.76
55.5792 -5.77553 345.923
55.5327 -5.77582 345.623
55.4679 -5.7658 345.197
55.4939 -5.76293 345.355
55.5104 -5.77755 345.465
55.4959 -5.77073 345.369
55.4519 -5.7555 345.023
55.4595 -5.7541 345.086
55.4393 -5.74082 344.905
55.5008 -5.75483 345.359
55.5605 -5.76569 345.742
55.5593 -5.76578 345.731
55.5202 -5.76499 345.48
55.5441 -5.75429 345.712
55.5307 -5.74159 345.666
55.5122 -5.75905 345.501
55.5114 -5.76049 345.49
55.526 -5.76136 345.574
55.5171 -5.75941 345.551
55.5346 -5.76355 345.65
55.5124 -5.74931 345.484
55.5248 -5.75143 345.568
55.5162 -5.76596 345.487
55.4891 -5.76438 345.303
55.4972 -5.76555 345.392
55.5146 -5.76589 345.489
55.5235 -5.76389 345.577
55.5264 -5.76945 345.607
55.5469 -5.7457 345.742
55.5578 -5.76213 345.793
55.5709 -5.77337 345.888
55.5166 -5.75372 345.482
55.4976 -5.74541 345.323
55.4869 -5.75156 345.292
55.4947 -5.7593 345.337
55.4518 -5.75101 345.006
55.4809 -5.74757 345.218
55.479 -5.7495 345.2
55.4988 -5.75024 345.316
55.4919 -5.75775 345.267
55.4868 -5.76492 345.277
55.4599 -5.76016 345.109
55.4375 -5.75542 344.953
55.4883 -5.75418 345.278
55.5773 -5.76134 345.866
55.51 -5.75285 345.383
55.4966 -5.75973 345.327
55.4951 -5.76126 345.351
55.5278 -5.76692 345.585
55.5123 -5.76381 345.441
55.5458 -5.75199 345.652
55.5242 -5.76051 345.511
55.5485 -5.76483 345.684
55.5239 -5.75896 345.54
55.495 -5.75361 345.41
55.5553 -5.76525 345.826
55.5518 -5.76079 345.822
55.5522 -5.75952 345.722
55.5635 -5.76269 345.801
55.5353 -5.76335 345.667
55.5902 -5.77357 346.071
55.5538 -5.77615 345.796
55.487 -5.76745 345.326
55.4867 -5.75323 345.305
55.5273 -5.75256 345.575
55.5444 -5.75256 345.673
55.5636 -5.75649 345.779
55.5699 -5.76434 345.832
55.5787 -5.76962 345.938
55.5075 -5.74956 345.456
55.5465 -5.75947 345.723
55.5714 -5.76257 345.889
55.5714 -5.76152 345.845
55.5157 -5.75241 345.479
55.5582 -5.75619 345.8
55.5395 -5.74923 345.663
55.5335 -5.74102 345.647
55.5553 -5.74886 345.765
55.5952 -5.75424 346.031
55.5678 -5.75475 345.879
55.5607 -5.74651 345.822
55.6105 -5.75607 346.153
55.5544 -5.75697 345.794
55.5371 -5.74905 345.668
55.5265 -5.7544 345.63
55.5001 -5.74453 345.407
55.5103 -5.74559 345.437
55.5239 -5.7436 345.553
55.5048 -5.74543 345.478
55.5043 -5.74238 345.438
55.5143 -5.74169 345.547
55.5292 -5.74589 345.573
55.5205 -5.73565 345.486
55.5074 -5.73669 345.425
55.5449 -5.74717 345.768
55.5665 -5.74954 345.867
55.5472 -5.76704 345.755
55.5148 -5.76224 345.488
55.5241 -5.74757 345.589
55.5082 -5.74636 345.445
55.5016 -5.74788 345.39
55.5089 -5.74975 345.421
55.4764 -5.74839 345.208
55.4731 -5.7547 345.17
55.5581 -5.77016 345.816
55.5024 -5.76254 345.407
55.5392 -5.75589 345.652
55.5192 -5.75097 345.494
55.5275 -5.75509 345.553
55.5172 -5.75628 345.491
55.4998 -5.76077 345.374
55.538 -5.75777 345.652
55.5117 -5.75413 345.45
55.4411 -5.74585 344.929
55.5112 -5.77458 345.464
55.4914 -5.77256 345.322
55.4471 -5.77608 345.006
55.5046 -5.76838 345.381
55.5206 -5.76459 345.445
55.5096 -5.75744 345.436
55.5382 -5.76954 345.665
55.544 -5.76995 345.679
55.586 -5.76702 345.957
55.5256 -5.75544 345.548
55.4351 -5.75139 344.929
55.4768 -5.76041 345.194
55.4714 -5.75932 345.135
55.4659 -5.75162 345.1
55.4853 -5.74169 345.238
55.5257 -5.75275 345.521
55.4965 -5.75184 345.327
55.4666 -5.74577 345.134
55.4763 -5.74195 345.221
55.5047 -5.74855 345.412
55.4653 -5.743 345.21
55.4385 -5.75291 344.992
55.493 -5.75273 345.373
55.4943 -5.75259 345.351
55.5071 -5.74905 345.446
55.535 -5.75528 345.645
55.6037 -5.75881 346.117
55.5524 -5.76147 345.769
55.5454 -5.76598 345.763
55.5231 -5.75857 345.619
55.4916 -5.7431 345.418
55.483 -5.741 345.382
55.4591 -5.74111 345.211
55.4181 -5.73058 344.925
55.4488 -5.73276 345.253
55.4509 -5.72948 345.291
55.5116 -5.73666 345.749
55.5025 -5.73267 345.703
55.3988 -5.72144 344.924
55.4229 -5.71878 345.153
55.4255 -5.72031 345.219
55.4463 -5.72556 345.362
55.383 -5.72605 344.839
55.4184 -5.7264 345.107
55.464 -5.72757 345.422
55.4744 -5.72496 345.469
55.4916 -5.72593 345.561
55.5117 -5.72305 345.692
55.5046 -5.72161 345.686
55.4397 -5.72636 345.184
55.4379 -5.74477 345.152
55.4693 -5.74018 345.305
55.5363 -5.73005 345.735
55.5165 -5.73343 345.567
55.4694 -5.73605 345.219
55.524 -5.74509 345.601
55.5328 -5.74536 345.658
55.5116 -5.75622 345.547
55.4841 -5.74182 345.355
55.461 -5.73324 345.187
55.4377 -5.7436 345.002
55.4999 -5.7406 345.42
55.54 -5.74714 345.678
55.5099 -5.74611 345.516
55.5612 -5.74826 345.896
55.517 -5.74919 345.585
55.4859 -5.75185 345.365
55.5355 -5.75723 345.674
55.5509 -5.75089 345.757
55.5428 -5.75739 345.745
55.5744 -5.75991 345.911
55.557 -5.76189 345.797
55.5683 -5.76523 345.912
55.5278 -5.75804 345.655
55.5392 -5.76925 345.744
