-16.2257 -5.41276 298.754
-16.2248 -5.41723 298.766
-16.2235 -5.41741 298.755
-16.2135 -5.41337 298.565
-16.2288 -5.41528 298.774
-16.2486 -5.42201 299.101
-16.2237 -5.4009 298.754
-16.2447 -5.41449 298.911
-16.2228 -5.41165 298.66
-16.2132 -5.41297 298.581
-16.2039 -5.41187 298.464
-16.1959 -5.40372 298.4
-16.2074 -5.40489 298.52
-16.2198 -5.40231 298.641
-16.2151 -5.41009 298.59
-16.2335 -5.42383 298.862
-16.2205 -5.41786 298.655
-16.2022 -5.40648 298.418
-16.2273 -5.41555 298.754
-16.2361 -5.41529 298.887
-16.2127 -5.41874 298.609
-16.2046 -5.41404 298.521
-16.1979 -5.41517 298.43
-16.2166 -5.42289 298.648
-16.1964 -5.42037 298.392
-16.2361 -5.41836 298.913
-16.2402 -5.42934 298.969
-16.2303 -5.42207 298.843
-16.245 -5.42751 298.981
-16.2204 -5.41134 298.665
-16.233 -5.41563 298.861
-16.2252 -5.41611 298.788
-16.2216 -5.41149 298.698
-16.2166 -5.41397 298.622
-16.2487 -5.42084 299.024
-16.2447 -5.42693 298.977
-16.2384 -5.4275 298.925
-16.2363 -5.419 298.955
-16.2412 -5.42408 299.019
-16.2589 -5.42895 299.243
-16.2265 -5.41403 298.712
-16.2172 -5.40947 298.566
-16.2494 -5.4154 299.001
-16.2464 -5.41775 299.003
-16.2303 -5.41064 298.78
-16.2209 -5.41721 298.716
-16.2181 -5.41902 298.649
-16.2106 -5.4181 298.527
-16.1992 -5.40928 298.45
-16.2124 -5.4112 298.562
-16.2425 -5.41327 298.919
-16.232 -5.40785 298.862
-16.2513 -5.41506 299.104
-16.2227 -5.40063 298.595
-16.2319 -5.41406 298.864
-16.2261 -5.42344 298.76
-16.234 -5.42758 298.929
-16.2409 -5.42534 298.955
-16.2015 -5.40619 298.432
-16.2194 -5.41685 298.642
-16.2213 -5.41404 298.674
-16.2163 -5.40891 298.557
-16.221 -5.40995 298.63
-16.2368 -5.40995 298.854
-16.2356 -5.42047 298.847
-16.2213 -5.41878 298.648
-16.2251 -5.41397 298.697
-16.2289 -5.41821 298.714
-16.2104 -5.41742 298.566
-16.2197 -5.41958 298.722
-16.2135 -5.41692 298.645
-16.2216 -5.42069 298.717
-16.2253 -5.42002 298.78
-16.2655 -5.42139 299.276
-16.2469 -5.42202 299.09
-16.2382 -5.42226 298.951
-16.2226 -5.42199 298.739
-16.2044 -5.40687 298.516
-16.2198 -5.4157 298.737
-16.2161 -5.40929 298.643
-16.2197 -5.41071 298.67
-16.2231 -5.41298 298.727
-16.2239 -5.41219 298.744
-16.2294 -5.41037 298.805
-16.229 -5.41821 298.858
-16.2119 -5.41823 298.552
-16.2274 -5.42332 298.763
-16.2457 -5.4221 299
-16.2138 -5.4213 298.514
-16.2105 -5.42228 298.549
-16.2275 -5.41683 298.808
-16.2506 -5.4159 299.067
-16.2222 -5.41179 298.729
-16.2259 -5.41995 298.792
-16.2412 -5.42259 298.955
-16.2381 -5.42423 298.925
-16.2325 -5.41966 298.835
-16.2247 -5.41342 298.695
-16.2182 -5.41572 298.631
-16.2314 -5.41468 298.783
-16.2262 -5.41713 298.677
-16.2084 -5.41611 298.479
-16.2255 -5.41689 298.807
-16.2211 -5.42175 298.74
-16.2181 -5.41203 298.604
-16.2269 -5.41275 298.733
-16.2175 -5.41828 298.594
-16.2054 -5.41248 298.433
-16.2255 -5.41352 298.666
-16.2302 -5.41098 298.787
-16.2351 -5.41898 298.863
-16.226 -5.42488 298.852
-16.229 -5.42163 298.845
-16.2363 -5.41628 298.941
-16.2482 -5.42033 299.038
-16.2419 -5.42247 298.893
-16.2347 -5.41754 298.811
-16.2219 -5.41547 298.627
-16.2406 -5.42319 298.869
-16.2401 -5.42342 298.91
-16.2391 -5.41187 298.88
-16.2422 -5.41397 298.903
-16.2475 -5.41867 298.935
-16.2419 -5.41861 298.842
-16.2292 -5.40689 298.737
-16.2316 -5.4204 298.735
-16.2375 -5.423 298.747
-16.2591 -5.42313 299.034
-16.2388 -5.41348 298.772
-16.243 -5.41701 298.881
-16.2362 -5.41734 298.769
-16.2399 -5.42097 298.758
-16.2408 -5.41738 298.862
-16.227 -5.41329 298.696
-16.2314 -5.41366 298.701
-16.2289 -5.41043 298.633
-16.2296 -5.41296 298.649
-16.2652 -5.42098 299.089
-16.2523 -5.41421 298.891
-16.246 -5.414 298.828
-16.2449 -5.4152 298.833
-16.2524 -5.42336 298.954
-16.2697 -5.42614 299.111
-16.2721 -5.42193 299.118
-16.2765 -5.42145 299.153
-16.272 -5.42039 299.05
-16.2715 -5.40606 298.945
-16.277 -5.40915 299.026
-16.2505 -5.41104 298.698
-16.2687 -5.41018 298.889
-16.2895 -5.41057 299.188
-16.2974 -5.41904 299.333
-16.2912 -5.41579 299.189
-16.2904 -5.41526 299.123
-16.2871 -5.41557 299.026
-16.2883 -5.41637 299.048
-16.3045 -5.41607 299.231
-16.3036 -5.41606 299.241
-16.3003 -5.41833 299.157
-16.2982 -5.41833 299.093
-16.301 -5.42041 299.125
-16.296 -5.42494 299.072
-16.3254 -5.42535 299.557
-16.3031 -5.41739 299.214
-16.3145 -5.4224 299.332
-16.2938 -5.41616 299.049
-16.3092 -5.41417 299.252
-16.3236 -5.41733 299.444
-16.2995 -5.41812 299.086
-16.3108 -5.41775 299.268
-16.3214 -5.41281 299.406
-16.2932 -5.41043 298.997
-16.3137 -5.41598 299.234
-16.3125 -5.42188 299.27
-16.2953 -5.41756 299.066
-16.3391 -5.41381 299.585
-16.3234 -5.41489 299.378
-16.331 -5.42252 299.533
-16.3234 -5.42392 299.483
-16.3074 -5.41877 299.22
-16.3249 -5.4169 299.478
-16.3373 -5.41856 299.607
-16.3257 -5.42292 299.504
-16.3188 -5.42525 299.41
-16.3056 -5.42512 299.194
-16.3014 -5.42046 299.144
-16.3086 -5.42057 299.283
-16.3192 -5.4202 299.505
-16.2966 -5.41269 299.11
-16.3 -5.4129 299.168
-16.2944 -5.41924 299.096
-16.2929 -5.42077 299.181
-16.2915 -5.42631 299.127
-16.2767 -5.42006 298.921
-16.2831 -5.41516 299.032
-16.2937 -5.41664 299.202
-16.2882 -5.40985 299.078
-16.2848 -5.41012 299.108
-16.2612 -5.40997 298.881
-16.2738 -5.41618 299.055
-16.2596 -5.41616 298.921
-16.2586 -5.41945 298.941
-16.2608 -5.42352 298.945
-16.2624 -5.41961 298.96
-16.2573 -5.42286 298.923
-16.2502 -5.42168 298.85
-16.2263 -5.41489 298.607
-16.2162 -5.41566 298.525
-16.2374 -5.41944 298.763
-16.2571 -5.42121 299.01
-16.2473 -5.42196 298.905
-16.2645 -5.42169 299.095
-16.2496 -5.41312 298.888
-16.253 -5.418 298.874
-16.2637 -5.4167 299.04
-16.2443 -5.41406 298.789
-16.2408 -5.41648 298.777
-16.2352 -5.41537 298.716
-16.2298 -5.41726 298.726
-16.2436 -5.41428 298.83
-16.2457 -5.41789 298.877
-16.2456 -5.42156 298.912
-16.236 -5.41898 298.704
-16.226 -5.41789 298.62
-16.2406 -5.41885 298.808
-16.2398 -5.41521 298.804
-16.2413 -5.41736 298.784
-16.2433 -5.42139 298.781
-16.239 -5.40696 298.771
-16.257 -5.41003 298.947
-16.2399 -5.41241 298.774
-16.2227 -5.4114 298.596
-16.2226 -5.41797 298.543
-16.2319 -5.42641 298.702
-16.243 -5.42715 298.847
-16.2464 -5.4243 298.866
-16.2335 -5.42027 298.692
-16.2436 -5.41914 298.824
-16.2356 -5.42325 298.733
-16.2218 -5.41638 298.609
-16.2106 -5.40274 298.412
-16.2229 -5.41642 298.578
-16.2239 -5.41939 298.621
-16.2433 -5.42416 298.848
-16.2375 -5.42135 298.803
-16.2289 -5.41482 298.714
-16.2269 -5.41118 298.647
-16.2287 -5.4169 298.566
-16.2294 -5.41451 298.639
-16.2306 -5.41892 298.738
-16.235 -5.41918 298.756
-16.2152 -5.41353 298.417
-16.2211 -5.40626 298.547
-16.2434 -5.41461 298.809
-16.2301 -5.42043 298.688
-16.2345 -5.4208 298.805
-16.2281 -5.41233 298.668
-16.2403 -5.41477 298.81
-16.2419 -5.42714 298.894
-16.2482 -5.42864 298.978
-16.2463 -5.42522 298.935
-16.24 -5.42577 298.811
-16.2399 -5.42119 298.869
-16.2423 -5.42557 298.871
-16.2321 -5.42112 298.705
-16.2175 -5.41987 298.553
-16.2266 -5.41945 298.612
-16.2342 -5.42101 298.714
-16.237 -5.42122 298.77
-16.2426 -5.4198 298.866
-16.272 -5.42478 298.913
-16.2706 -5.42108 298.509
-16.2928 -5.42253 298.671
-16.3091 -5.43097 298.842
-16.3068 -5.42596 298.825
-16.2963 -5.41966 298.66
-16.3039 -5.41647 298.752
-16.2949 -5.41715 298.644
-16.3111 -5.4213 298.832
-16.3328 -5.43093 299.152
-16.3165 -5.42961 298.979
-16.3074 -5.42528 298.796
-16.3279 -5.42507 299.124
-16.3239 -5.42764 299.089
-16.3963 -5.46703 301.073
-16.0919 -5.4123 298.413
-16.1011 -5.43353 300.106
-15.9867 -5.43587 299.451
-15.9077 -5.42464 298.859
-15.9366 -5.44988 300.356
-15.6685 -5.40265 298.452
-15.7014 -5.45938 301.328
-15.2792 -5.39805 297.861
-15.2371 -5.41799 298.371
-15.297 -5.46636 301.121
-14.9848 -5.41399 298.483
-15.0262 -5.46974 302.337
-14.4787 -5.40644 298.106
-14.4738 -5.47406 302.973
-14.0522 -5.49797 303.668
-13.6133 -5.45684 300.907
-13.4336 -5.43528 300.191
-13.2876 -5.43248 300.135
-13.2068 -5.43095 299.758
-13.1547 -5.42796 300.089
-13.0757 -5.43014 299.694
-13.0078 -5.4281 299.087
-12.976 -5.44738 300.76
-12.7666 -5.41696 299.04
-12.7159 -5.41877 299.081
-12.6482 -5.41307 299.239
-12.5264 -5.41525 299.322
-12.3491 -5.4111 298.972
-12.3779 -5.45056 301.38
-12.2547 -5.44725 302.024
-12.0294 -5.41144 299.753
-11.9267 -5.41736 299.45
-11.956 -5.45952 301.438
-11.8753 -5.45544 301.245
-11.7205 -5.45257 301.355
-11.5327 -5.43646 300.577
-11.4521 -5.4196 299.945
-11.4189 -5.43691 300.496
-11.3231 -5.44778 301.508
-11.1609 -5.45138 301.42
-10.9301 -5.41659 299.616
-10.9046 -5.42552 300.532
-10.7439 -5.39873 298.967
-10.7866 -5.46196 301.495
-10.6207 -5.41513 300.025
-10.405 -5.40305 298.743
-10.339 -5.44256 301.681
-10.2546 -5.43975 302.188
-10.0657 -5.45608 301.999
-9.7562 -5.40549 299.269
-9.76331 -5.43184 300.648
-9.7347 -5.42871 300.592
-9.68849 -5.4306 300.369
-9.6543 -5.46481 301.663
-9.38842 -5.43513 300.983
-9.24197 -5.43399 301.054
-9.1004 -5.42588 300.428
-9.00574 -5.40868 299.67
-8.94967 -5.41544 299.744
-8.90182 -5.41113 300.215
-8.81676 -5.39973 299.551
-8.78102 -5.42026 300.73
-8.67135 -5.41479 300.463
-8.5949 -5.42142 300.238
-8.53562 -5.43605 300.604
-8.42849 -5.44582 302.074
-8.1819 -5.45545 301.942
-7.98555 -5.4216 301.057
-7.8992 -5.44677 301.118
-7.86332 -5.44713 301.82
-7.6082 -5.40095 298.875
-7.48715 -5.44244 302.58
-7.18858 -5.40781 299.549
-7.01562 -5.39148 298.856
-6.84666 -5.40094 299.164
-6.80975 -5.45604 302.387
-6.56583 -5.43422 300.874
-6.41012 -5.41392 300.661
-6.29869 -5.40489 299.829
-6.22192 -5.40333 299.734
-6.13747 -5.40088 299.228
-6.11258 -5.40994 299.669
-6.08177 -5.41632 300.151
-6.06844 -5.45202 301.79
-5.87125 -5.42577 300.686
-5.74234 -5.39793 299.86
-5.71026 -5.40204 299.455
-5.70514 -5.39959 299.463
-5.7115 -5.39873 299.627
-5.69152 -5.40337 299.678
-5.6694 -5.40695 299.279
-5.67853 -5.40388 299.427
-5.66604 -5.40198 299.2
-5.64873 -5.39175 298.838
-5.64524 -5.39013 298.911
-5.64642 -5.38862 298.804
-5.65946 -5.39218 299.129
-5.66063 -5.39229 299.125
-5.65324 -5.38684 298.917
-5.65455 -5.3921 299.009
-5.65573 -5.39087 299.019
-5.65244 -5.39177 299
-5.65175 -5.38821 298.904
-5.664 -5.39323 299.268
-5.65721 -5.38411 299.113
-5.65509 -5.3918 299.033
-5.6511 -5.39122 298.909
-5.65796 -5.39517 299.074
-5.65845 -5.39752 299.016
-5.65598 -5.40269 299.031
-5.65555 -5.40097 299.009
-5.65647 -5.39093 298.96
-5.66441 -5.38847 299.162
-5.66341 -5.38959 299.096
-5.65696 -5.38547 298.965
-5.65688 -5.38537 298.981
-5.66517 -5.38827 299.147
-5.66458 -5.39362 299.233
-5.66006 -5.39261 299.109
-5.65078 -5.38934 298.797
-5.65666 -5.39321 299.032
-5.67239 -5.38643 299.286
-5.68321 -5.393 299.548
-5.67057 -5.39499 299.269
-5.66361 -5.39321 299.152
-5.67628 -5.40016 299.374
-5.66952 -5.40123 299.277
-5.66531 -5.40112 299.145
-5.65614 -5.4003 298.941
-5.65746 -5.40492 299.034
-5.65794 -5.40703 298.999
-5.66002 -5.40424 299.024
-5.66937 -5.40121 299.208
-5.67347 -5.40431 299.363
-5.67203 -5.41187 299.285
-5.66876 -5.40226 299.142
-5.66813 -5.40091 299.144
-5.67352 -5.40843 299.378
-5.674 -5.41053 299.456
-5.6646 -5.40001 299.141
-5.6646 -5.40177 299.114
-5.66529 -5.40374 299.235
-5.6647 -5.4023 299.12
-5.6652 -5.4033 299.211
-5.65796 -5.4117 299.051
-5.66622 -5.4162 299.185
-5.65968 -5.41302 299.048
-5.64946 -5.40741 298.813
-5.65893 -5.40526 299.072
-5.66262 -5.40529 299.134
-5.66718 -5.40323 299.221
-5.66386 -5.40128 299.193
-5.66848 -5.40803 299.277
-5.67097 -5.40679 299.156
-5.6775 -5.41203 299.309
-5.68209 -5.40982 299.43
-5.66993 -5.40015 299.277
-5.67489 -5.40741 299.419
-5.67397 -5.41047 299.436
-5.65866 -5.40158 299.094
-5.65784 -5.4028 299.031
-5.65518 -5.39898 299.017
-5.65396 -5.40146 299.003
-5.65929 -5.39683 298.903
-5.67054 -5.40128 299.339
-5.65934 -5.39335 298.978
-5.66493 -5.39906 299.115
-5.66686 -5.39928 299.327
-5.67809 -5.39899 299.473
-5.67747 -5.40528 299.502
-5.66835 -5.40605 299.304
-5.66559 -5.40471 299.255
-5.6703 -5.39808 299.356
-5.66709 -5.39826 299.289
-5.66902 -5.40242 299.361
-5.65605 -5.396 299.088
-5.65052 -5.39496 298.943
-5.67095 -5.40477 299.393
-5.67338 -5.40619 299.454
-5.67101 -5.40499 299.379
-5.66573 -5.40309 299.223
-5.66907 -5.40975 299.199
-5.66819 -5.3986 299.055
-5.66814 -5.40623 299.205
-5.6522 -5.40335 298.953
-5.65809 -5.39825 299.144
-5.67057 -5.39649 299.326
-5.66537 -5.39581 299.186
-5.67173 -5.39981 299.275
-5.66905 -5.39875 299.288
-5.66549 -5.39454 299.13
-5.66583 -5.39221 299.123
-5.66536 -5.3925 299.158
-5.67686 -5.40288 299.452
-5.6745 -5.39824 299.404
-5.68038 -5.39517 299.411
-5.66302 -5.38801 299.068
-5.66283 -5.38663 299.108
-5.66438 -5.39057 299.227
-5.676 -5.39583 299.398
-5.6599 -5.39362 299.028
-5.66427 -5.3919 299.142
-5.67609 -5.3929 299.395
-5.67365 -5.39494 299.399
-5.66375 -5.38801 299.066
-5.66697 -5.38237 299.128
-5.66692 -5.3942 299.2
-5.67124 -5.40539 299.36
-5.66269 -5.40287 299.091
-5.66016 -5.39748 299.028
-5.6667 -5.39316 299.146
-5.66937 -5.39822 299.272
-5.66913 -5.40032 299.374
-5.66297 -5.3973 299.171
-5.67095 -5.3997 299.296
-5.65993 -5.39571 298.984
-5.66338 -5.39902 299.099
-5.66839 -5.38991 299.11
-5.66634 -5.38849 299.007
-5.66715 -5.39547 299.197
-5.66885 -5.39791 299.353
-5.6693 -5.39734 299.369
-5.66728 -5.39691 299.183
-5.67672 -5.39868 299.429
-5.67094 -5.40134 299.305
-5.66481 -5.39893 299.147
-5.66508 -5.40189 299.176
-5.66599 -5.40382 299.178
-5.67055 -5.39851 299.259
-5.66701 -5.39024 299.159
-5.67395 -5.39311 299.268
-5.67164 -5.39367 299.237
-5.66474 -5.40037 299.16
-5.66913 -5.39719 299.21
-5.67094 -5.39321 299.279
-5.66891 -5.39367 299.272
-5.65756 -5.38684 298.97
-5.66336 -5.39242 299.151
-5.6665 -5.39182 299.074
-5.66174 -5.3946 299.046
-5.67247 -5.40048 299.227
-5.66707 -5.39326 299.066
-5.67238 -5.40072 299.286
-5.66557 -5.39046 299.114
-5.6692 -5.39436 299.09
-5.67613 -5.40272 299.404
-5.68445 -5.3996 299.519
-5.66359 -5.395 299.124
-5.68545 -5.40218 299.457
-5.68708 -5.40119 299.514
-5.67926 -5.39524 299.22
-5.6849 -5.39538 299.451
-5.67667 -5.40145 299.245
-5.68715 -5.40503 299.512
-5.69411 -5.40643 299.565
-5.68931 -5.40058 299.355
-5.68336 -5.39264 299.164
-5.68506 -5.3908 299.229
-5.68469 -5.39546 299.308
-5.68023 -5.39463 299.269
-5.67834 -5.39504 299.18
-5.67885 -5.39141 299.204
-5.68859 -5.3969 299.437
-5.67986 -5.3917 299.242
-5.68051 -5.39519 299.275
-5.6819 -5.39795 299.319
-5.67687 -5.39992 299.286
-5.68275 -5.39809 299.481
-5.68749 -5.39754 299.481
-5.67995 -5.39866 299.284
-5.67628 -5.39928 299.239
-5.66155 -5.3955 298.976
-5.66786 -5.3956 299.249
-5.66354 -5.38927 299.06
-5.66017 -5.38886 298.971
-5.66778 -5.40222 299.244
-5.66405 -5.39807 299.112
-5.65732 -5.39099 299.02
-5.65851 -5.39484 299.12
-5.66701 -5.39901 299.3
-5.65611 -5.39472 298.986
-5.67472 -5.39679 299.429
-5.6714 -5.39653 299.491
-5.66307 -5.39179 299.115
-5.67027 -5.39341 299.279
-5.67299 -5.39522 299.39
-5.66943 -5.39489 299.326
-5.67197 -5.40046 299.368
-5.67235 -5.4076 299.354
-5.67411 -5.40553 299.431
-5.67655 -5.40729 299.462
-5.66431 -5.40066 299.291
-5.66632 -5.40081 299.362
-5.66405 -5.40559 299.223
-5.65844 -5.40296 299.105
-5.66697 -5.39497 299.262
-5.66252 -5.39384 299.185
-5.65534 -5.39041 299.011
-5.65348 -5.38992 298.983
-5.66107 -5.40398 299.131
-5.67093 -5.40729 299.286
-5.67056 -5.40372 299.347
-5.66253 -5.40387 299.177
-5.66606 -5.40718 299.236
-5.66734 -5.40627 299.168
-5.66894 -5.40493 299.27
-5.66813 -5.40311 299.283
-5.66906 -5.40521 299.308
-5.67553 -5.40518 299.429
-5.67216 -5.39831 299.329
-5.66664 -5.3961 299.212
-5.67039 -5.40333 299.34
-5.65314 -5.39824 299.062
-5.66149 -5.39719 299.103
-5.66756 -5.40162 299.307
-5.66579 -5.3973 299.283
-5.66747 -5.40556 299.359
-5.67017 -5.40768 299.25
-5.6687 -5.40145 299.194
-5.65819 -5.39301 299.073
-5.66203 -5.3998 299.238
-5.657 -5.3927 299.055
-5.66957 -5.39585 299.3
-5.65607 -5.3909 299.096
-5.65967 -5.40016 299.222
-5.66467 -5.40318 299.32
-5.66767 -5.40583 299.379
-5.63237 -5.39813 298.929
-5.61544 -5.41523 299.793
-5.55385 -5.41269 299.613
-5.51879 -5.41921 300.206
-5.45329 -5.41268 299.708
-5.42169 -5.41258 299.677
-5.38872 -5.4056 299.313
-5.3721 -5.40747 299.284
-5.34851 -5.40174 299.095
-5.30979 -5.38625 298.572
-5.28726 -5.41029 299.605
-5.2035 -5.39398 298.876
-5.18943 -5.40758 299.227
-5.16815 -5.4076 299.341
-5.12243 -5.40144 299.226
-5.06874 -5.39626 298.992
-5.00129 -5.38183 298.791
-4.9879 -5.40006 299.562
-4.94064 -5.40349 299.429
-4.89653 -5.41214 300.009
-4.851 -5.40276 299.592
-4.77096 -5.39231 298.657
-4.71623 -5.39092 298.579
-4.70035 -5.41434 299.759
-4.63029 -5.44091 300.323
-4.53322 -5.42141 299.719
-4.45143 -5.39442 299.676
-4.40426 -5.39907 299.009
-4.37232 -5.41508 299.513
-4.2883 -5.39641 298.892
-4.26888 -5.43945 300.952
-4.11798 -5.41857 300.169
-4.03431 -5.42405 300.122
-3.91334 -5.3954 298.69
-3.88036 -5.42228 300.698
-3.75892 -5.40583 299.473
-3.63805 -5.38029 298.504
-3.55141 -5.38653 298.605
-3.53902 -5.42291 300.863
-3.36181 -5.38741 298.659
-3.30235 -5.41234 300.452
-3.1581 -5.41981 299.948
-3.05023 -5.38611 297.961
-3.00928 -5.38955 298.568
-2.98478 -5.42339 299.847
-2.808 -5.38824 298.641
-2.74556 -5.40944 300.176
-2.5968 -5.39317 299.007
-2.55101 -5.42475 300.568
-2.35463 -5.38418 298.629
-2.13179 -5.37947 298.133
-2.05808 -5.4295 301.158
-1.83232 -5.41173 300.782
-1.67006 -5.40102 299.942
-1.54739 -5.40622 300.433
-1.43474 -5.3872 298.77
-1.37623 -5.38251 298.678
-1.33033 -5.40833 300.096
-1.18245 -5.37261 298.439
-1.07264 -5.3846 298.523
-1.02231 -5.39636 299.753
-0.93465 -5.39421 299.984
-0.798723 -5.38009 298.775
-0.716785 -5.37229 297.968
-0.606358 -5.3782 298.124
-0.544741 -5.40129 299.76
-0.436342 -5.38949 298.741
-0.334805 -5.3873 298.937
-0.297234 -5.3844 299.12
-0.24382 -5.39953 299.623
-0.102625 -5.39913 300.286
0.04179 -5.40308 300.045
0.162104 -5.387 299.174
0.236277 -5.38554 298.989
0.28566 -5.37546 299.113
0.353001 -5.36041 298.094
0.390127 -5.38701 299.243
0.473711 -5.37041 298.162
0.58667 -5.37874 299.613
0.706085 -5.40101 300.141
0.773262 -5.39692 299.822
0.931345 -5.37089 298.166
1.03066 -5.37896 298.338
1.09633 -5.37975 298.676
1.20578 -5.35154 297.541
1.27193 -5.37593 298.179
1.32452 -5.37513 299.012
1.38202 -5.39563 299.328
1.44446 -5.36724 298.213
1.50325 -5.36774 298.154
1.53381 -5.37887 298.864
1.6216 -5.38252 298.422
1.64355 -5.38406 299.116
1.67379 -5.38978 299.402
1.74886 -5.36612 298.148
1.83945 -5.38191 298.984
1.88487 -5.3864 298.713
1.9203 -5.38289 299.075
1.95554 -5.38962 299.315
2.00056 -5.37489 298.923
2.05134 -5.37332 298.104
2.08826 -5.37193 298.007
2.12721 -5.38427 298.333
2.17315 -5.39772 299.224
2.22688 -5.39087 299.87
2.28322 -5.36686 298.641
2.2987 -5.37299 298.834
2.36253 -5.36044 297.716
2.38335 -5.36557 297.787
2.40335 -5.37506 297.902
2.41901 -5.37095 297.952
2.4331 -5.3668 297.955
2.44567 -5.3681 297.966
2.46424 -5.37914 298.365
2.49602 -5.39128 298.794
2.5182 -5.38773 298.797
2.54962 -5.37574 298.471
2.58 -5.36566 298.251
2.61565 -5.36049 297.721
2.65508 -5.36021 297.43
2.67958 -5.36715 297.793
2.70791 -5.37106 297.984
2.72728 -5.37579 298.078
2.74772 -5.37985 298.425
2.77832 -5.37632 298.411
2.80851 -5.37174 298.521
2.81121 -5.36706 298.487
2.81923 -5.36497 298.48
2.82062 -5.36582 298.36
2.82308 -5.36591 298.414
2.82091 -5.37305 298.606
2.8217 -5.37489 298.512
2.82195 -5.37066 298.429
2.81996 -5.36322 298.333
2.82275 -5.37021 298.544
2.81867 -5.36272 298.509
2.8176 -5.3648 298.545
2.81734 -5.36798 298.581
2.81974 -5.36325 298.567
2.82035 -5.35631 298.338
2.81383 -5.35861 298.454
2.81546 -5.35938 298.497
2.82134 -5.35677 298.297
2.8146 -5.36292 298.398
2.82343 -5.35932 298.188
2.81259 -5.3639 298.573
2.81126 -5.36367 298.73
2.81066 -5.36512 298.564
2.80886 -5.36064 298.321
2.80762 -5.36247 298.512
2.80624 -5.36618 298.518
2.80511 -5.3622 298.631
2.80426 -5.36121 298.509
2.79962 -5.3607 298.424
2.80107 -5.36263 298.534
2.79985 -5.35113 298.429
2.79634 -5.35176 298.37
2.79712 -5.35271 298.329
2.79625 -5.34401 298.224
2.79371 -5.35227 298.645
2.78692 -5.36252 298.856
2.79203 -5.3652 298.841
2.79313 -5.36505 298.794
2.80013 -5.36898 298.812
2.8026 -5.36421 298.668
2.80438 -5.36421 298.561
2.80323 -5.36845 298.661
2.79783 -5.37022 298.525
2.80724 -5.36875 298.552
2.81104 -5.37847 298.642
2.81046 -5.37484 298.705
2.80701 -5.36755 298.748
2.80688 -5.37414 299
2.81362 -5.36903 298.518
2.80975 -5.3724 298.501
2.80575 -5.38053 298.631
2.81086 -5.37816 298.72
2.81562 -5.37287 298.573
2.81661 -5.3779 298.613
2.81823 -5.37188 298.418
2.81439 -5.37719 298.53
2.80861 -5.37492 298.761
2.81386 -5.37024 298.57
2.81596 -5.36996 298.693
2.82136 -5.38014 298.704
2.81817 -5.38218 298.676
2.81191 -5.37228 298.791
2.81141 -5.37281 298.825
2.81411 -5.37477 298.961
2.81866 -5.36777 298.719
2.81523 -5.37163 298.868
2.81542 -5.37355 298.871
2.80725 -5.37666 299.013
2.80487 -5.36935 298.745
2.81194 -5.36281 298.561
2.81868 -5.36746 298.648
2.81623 -5.36686 298.516
2.81319 -5.36053 298.472
2.81008 -5.37135 298.741
2.81566 -5.36898 298.617
2.81596 -5.36432 298.587
2.81361 -5.37064 298.828
2.8126 -5.36452 298.605
2.81432 -5.35818 298.351
2.81816 -5.36363 298.449
2.81327 -5.37538 298.805
2.81579 -5.36893 298.589
2.8125 -5.37183 298.532
2.81351 -5.37132 298.592
2.81508 -5.37143 298.568
2.81793 -5.37499 298.52
2.81854 -5.37303 298.534
2.82013 -5.37229 298.521
2.8176 -5.37572 298.42
2.81817 -5.36811 298.277
2.81839 -5.37866 298.439
2.81899 -5.37738 298.448
2.81034 -5.37663 298.62
2.81458 -5.37346 298.622
2.81641 -5.37761 298.77
2.81563 -5.37873 298.721
2.81426 -5.38622 298.728
2.8182 -5.38082 298.495
2.81688 -5.3819 298.661
2.80159 -5.38898 299.099
2.79796 -5.38482 298.847
2.80685 -5.37773 298.55
2.80414 -5.3781 298.621
2.80089 -5.38185 298.798
2.80369 -5.37706 298.632
2.79985 -5.37452 298.607
2.80163 -5.3779 298.653
2.79601 -5.38139 298.702
2.79917 -5.38344 298.695
2.80009 -5.38393 299.001
2.79324 -5.39171 299.043
2.79205 -5.39032 299.092
2.79404 -5.38254 299.054
2.79545 -5.38699 299.112
2.79537 -5.3877 299.106
2.79683 -5.38283 298.892
2.79619 -5.38264 298.767
2.798 -5.38666 298.908
2.8035 -5.38791 298.977
2.80552 -5.38518 298.844
2.7985 -5.38395 299.057
2.80313 -5.38334 298.83
2.80159 -5.38765 298.989
2.80725 -5.38109 298.914
2.80469 -5.37578 298.758
2.80736 -5.3834 298.831
2.81007 -5.37392 298.617
2.80286 -5.38158 298.917
2.80156 -5.37876 298.818
2.80881 -5.37416 298.553
2.80993 -5.37358 298.552
2.81416 -5.3792 298.757
2.81368 -5.37062 298.382
2.81191 -5.37936 298.752
2.8151 -5.38233 298.696
2.81876 -5.37538 298.571
2.81961 -5.37823 298.569
2.81739 -5.37579 298.633
2.81705 -5.3731 298.642
2.81726 -5.37541 298.591
2.81388 -5.38093 298.626
2.81288 -5.38528 298.71
2.81663 -5.37933 298.619
2.8188 -5.38037 298.502
2.81851 -5.38605 298.532
2.81743 -5.37809 298.625
2.81726 -5.36912 298.612
2.81972 -5.36992 298.558
2.81911 -5.37605 298.679
2.81439 -5.38591 298.641
2.80646 -5.3929 298.917
2.81326 -5.38452 298.738
2.81034 -5.38123 298.826
2.8161 -5.38567 298.531
2.81728 -5.3853 298.656
2.82187 -5.3851 298.696
2.82491 -5.38407 298.586
2.82118 -5.39303 298.794
2.82073 -5.39562 298.984
2.82211 -5.3865 298.576
2.82512 -5.39109 298.549
2.82244 -5.38964 298.772
2.81639 -5.38346 298.715
2.81818 -5.38988 298.951
2.81904 -5.38507 298.657
2.8219 -5.37702 298.599
2.82258 -5.37865 298.563
2.81747 -5.38416 298.614
2.81778 -5.38704 298.632
2.82265 -5.38771 298.589
2.8256 -5.38725 298.488
2.82039 -5.37994 298.559
2.82052 -5.37979 298.588
2.82082 -5.38536 298.705
2.81985 -5.38609 298.705
2.81821 -5.38641 298.807
2.81925 -5.3876 298.729
2.82194 -5.38582 298.624
2.82169 -5.37763 298.546
2.81703 -5.38045 298.693
2.81415 -5.38102 298.604
2.81748 -5.38112 298.621
2.81577 -5.38745 298.812
2.81348 -5.38427 298.561
2.81293 -5.38074 298.654
2.81751 -5.38571 298.583
2.8196 -5.3856 298.641
2.8177 -5.38398 298.528
2.81424 -5.39016 298.783
2.81964 -5.3869 298.756
2.82361 -5.37868 298.736
2.81937 -5.3841 298.539
2.81745 -5.38344 298.689
2.81607 -5.38562 298.743
2.81709 -5.37461 298.713
2.81963 -5.37817 298.693
2.8225 -5.37781 298.498
2.81974 -5.37873 298.648
2.81799 -5.38388 298.656
2.81089 -5.38086 298.635
2.81393 -5.38409 298.559
2.81564 -5.38618 298.743
2.81494 -5.3833 298.884
2.81877 -5.38265 298.724
2.81742 -5.38173 298.773
2.81962 -5.38222 298.67
2.81902 -5.38519 298.438
2.819 -5.3805 298.384
2.82156 -5.37786 298.568
2.81767 -5.37743 298.491
2.81222 -5.38683 298.555
2.80842 -5.37881 298.55
2.79917 -5.38297 298.616
2.80378 -5.38334 298.56
2.8057 -5.39284 298.848
2.83177 -5.37392 298.534
2.87173 -5.37374 297.847
2.91928 -5.37904 298.335
2.98591 -5.39102 298.522
3.07699 -5.38418 298.221
3.14745 -5.38429 298.112
3.18761 -5.37257 297.735
3.2158 -5.36766 297.742
3.24111 -5.37339 297.76
3.26373 -5.37938 297.844
3.29653 -5.38564 299.28
3.37871 -5.39711 299.497
3.4663 -5.3841 298.901
3.55977 -5.38959 298.884
3.59218 -5.39341 299.022
3.63597 -5.38693 298.843
3.70274 -5.37886 298.041
3.76761 -5.36669 297.619
3.85486 -5.37502 297.929
3.92273 -5.37865 298.504
3.99186 -5.37188 297.846
4.04634 -5.37756 298.62
4.13711 -5.35325 297.279
4.3175 -5.35604 297.47
4.39734 -5.35137 297.524
4.51031 -5.39994 299.859
4.67764 -5.41544 300.248
4.8296 -5.38971 299.328
4.95308 -5.37493 298.632
5.06837 -5.40023 300.079
5.20204 -5.3546 297.43
5.30363 -5.36094 298.092
5.4054 -5.39754 299.487
5.5611 -5.38469 299.317
5.6684 -5.36156 298.06
5.84721 -5.36106 298.058
6.02205 -5.35341 297.432
6.11704 -5.37745 299.176
6.23018 -5.39719 299.683
6.32967 -5.36594 298.191
6.38643 -5.36719 298.15
6.46789 -5.35948 297.704
6.51163 -5.36486 297.87
6.61091 -5.35118 297.008
6.66828 -5.36077 298.115
6.71836 -5.34706 298.059
6.75758 -5.35585 298.28
6.8202 -5.35221 297.591
6.89763 -5.37617 298.737
7.04422 -5.38598 299.74
7.19772 -5.37614 299.273
7.29981 -5.3682 298.004
7.40982 -5.3666 297.935
7.46633 -5.36957 298.248
7.54172 -5.34093 297.582
7.61625 -5.37038 298.711
7.68032 -5.34838 297.101
7.72126 -5.35597 297.532
7.80264 -5.37116 298.451
7.89909 -5.35634 297.276
7.98395 -5.37029 298.544
8.07949 -5.38369 298.953
8.15959 -5.342 297.546
8.33858 -5.33843 297.034
8.57742 -5.35157 297.494
8.79345 -5.35154 296.859
8.86793 -5.34826 297.213
9.05473 -5.37775 299.342
9.14136 -5.34326 296.773
9.26914 -5.3818 299.241
9.33476 -5.36679 298.419
9.43269 -5.3641 297.987
9.5143 -5.35059 298.034
9.56037 -5.35658 297.969
9.58217 -5.34891 297.597
9.60956 -5.34788 297.283
9.69097 -5.34316 297.254
9.80647 -5.33782 297.413
9.89909 -5.37171 298.42
9.9364 -5.35296 297.177
10.0136 -5.35534 297.925
10.1342 -5.36447 298.655
10.2009 -5.35499 297.619
10.2633 -5.34901 297.492
10.2897 -5.35244 297.73
10.3143 -5.3554 297.857
10.3755 -5.36447 298.244
10.4144 -5.342 297.22
10.4891 -5.33966 297.034
10.5528 -5.34985 297.474
10.5971 -5.34512 297.537
10.6441 -5.34639 297.598
10.6666 -5.33658 297.157
10.7217 -5.35296 297.605
10.7669 -5.35435 297.532
10.8478 -5.33865 297.054
10.908 -5.33789 297.232
10.9625 -5.36344 298.193
11.0104 -5.36523 298.331
11.0404 -5.35385 297.936
11.1388 -5.35523 298.011
11.1892 -5.35457 297.938
11.2334 -5.34706 297.079
11.2986 -5.34711 297.466
11.3479 -5.3404 296.893
11.3986 -5.33375 296.618
11.4631 -5.36492 297.932
11.5447 -5.35766 298.139
11.5643 -5.34854 297.762
11.5731 -5.35442 297.894
11.5974 -5.35358 297.562
11.6252 -5.33831 296.774
11.6524 -5.3431 296.972
11.8052 -5.36271 298.19
11.8223 -5.34688 297.544
11.8454 -5.34764 297.436
11.8756 -5.34867 297.602
11.8946 -5.34454 297.019
11.9062 -5.34602 297.041
11.9174 -5.34208 296.833
11.9201 -5.34453 296.855
11.9209 -5.33846 296.727
11.9352 -5.34536 297.253
11.9571 -5.35187 297.402
11.9579 -5.34054 296.97
11.9784 -5.34281 297.139
12.006 -5.34782 297.577
12.0306 -5.34551 296.884
12.0529 -5.34293 296.79
12.0756 -5.34787 297.324
12.0858 -5.35317 297.237
12.0853 -5.34986 297.136
12.1072 -5.34686 297.394
12.1279 -5.35029 297.511
12.1243 -5.34698 297.206
12.1204 -5.34453 297.186
12.1281 -5.34834 297.279
12.129 -5.35308 297.382
12.1262 -5.34427 297.209
12.1238 -5.33981 297.162
12.1257 -5.34375 297.254
12.1232 -5.34615 297.288
12.1267 -5.34718 297.367
12.1219 -5.34669 297.447
12.1182 -5.34664 297.197
12.128 -5.35269 297.388
12.1196 -5.34775 297.272
12.1317 -5.3475 297.542
12.129 -5.34861 297.45
12.1262 -5.34823 297.382
12.1248 -5.34702 297.47
12.1191 -5.33946 297.015
12.1209 -5.34141 297.304
12.1206 -5.34646 297.276
12.1265 -5.34634 297.44
12.121 -5.34179 297.375
12.1193 -5.34274 297.205
12.1129 -5.33591 296.821
12.113 -5.34185 297.206
12.1081 -5.33387 297.04
12.1108 -5.33592 297.142
12.1113 -5.33554 297.164
12.1123 -5.339 297.193
12.1152 -5.34064 297.43
12.109 -5.33742 297.274
12.1016 -5.33697 297.219
12.0993 -5.33462 297.208
12.1042 -5.33978 297.336
12.0978 -5.3405 297.242
12.0937 -5.33726 297.152
12.0995 -5.34 297.332
12.0981 -5.33838 297.414
12.092 -5.33367 297.318
12.0916 -5.33898 297.243
12.0971 -5.34042 297.506
12.0986 -5.34013 297.631
12.0992 -5.34002 297.491
12.0988 -5.3392 297.447
12.1018 -5.34428 297.332
12.0957 -5.34076 297.165
12.1024 -5.33982 297.262
12.1136 -5.34101 297.537
12.1038 -5.33345 297.188
12.1002 -5.336 297.086
12.1074 -5.33631 297.231
12.1144 -5.3466 297.663
12.111 -5.34797 297.336
12.1041 -5.33877 297.184
12.1076 -5.33998 297.246
12.1085 -5.33408 297.181
12.1202 -5.33778 297.313
12.1175 -5.3407 297.385
12.1131 -5.33846 297.3
12.1092 -5.34246 297.32
12.113 -5.33604 297.305
12.1144 -5.33742 297.424
12.1199 -5.3395 297.46
12.1296 -5.34277 297.635
12.119 -5.33866 297.221
12.1111 -5.34312 297.122
12.112 -5.34118 297.132
12.119 -5.34226 297.439
12.1169 -5.34554 297.451
12.1148 -5.34477 297.494
12.1085 -5.34164 297.153
12.1071 -5.33805 297.005
12.1173 -5.34031 297.241
12.1122 -5.33449 297.159
12.1132 -5.34165 297.245
12.1197 -5.34366 297.416
12.1213 -5.33791 297.4
12.1164 -5.34199 297.403
12.1196 -5.35039 297.308
12.1176 -5.34517 297.214
12.1223 -5.3405 297.378
12.1189 -5.34153 297.349
12.119 -5.34313 297.392
12.1157 -5.34582 297.308
12.1145 -5.33847 297.141
12.1134 -5.33756 297.121
12.118 -5.33531 297.337
12.1219 -5.33668 297.128
12.1147 -5.33229 297.105
12.1149 -5.32972 297.1
12.1224 -5.34449 297.395
12.113 -5.33716 297.201
12.11 -5.33944 297.061
12.1112 -5.33896 297.12
12.1132 -5.34722 297.23
12.1134 -5.34286 297.186
12.1155 -5.33905 297.194
12.1137 -5.34289 297.223
12.1096 -5.34005 297.169
12.1101 -5.34283 297.387
12.1055 -5.34598 297.194
12.1121 -5.34049 297.377
12.1045 -5.34236 297.321
12.0985 -5.34169 297.056
12.1011 -5.3412 297.293
12.102 -5.3448 297.451
12.1033 -5.34483 297.464
12.1045 -5.34198 297.357
12.0997 -5.32808 296.99
12.1 -5.33419 297.115
12.0938 -5.33255 297.157
12.0882 -5.33212 297.313
12.0902 -5.33843 297.416
12.0852 -5.34031 297.249
12.0827 -5.34184 297.35
12.0781 -5.34287 297.273
12.0803 -5.32721 296.999
12.0774 -5.3198 296.631
12.081 -5.32005 296.55
12.0784 -5.32399 296.456
12.0745 -5.32292 296.386
12.0715 -5.32191 296.35
12.0732 -5.31912 296.332
12.0777 -5.33024 296.466
12.0742 -5.32702 296.383
12.0681 -5.31821 296.161
12.0676 -5.32187 296.18
12.0671 -5.3298 296.332
12.0693 -5.33039 296.203
12.0698 -5.32686 296.163
12.0705 -5.32612 296.197
12.0762 -5.33481 296.478
12.0766 -5.33201 296.422
12.0719 -5.32813 296.278
12.0676 -5.32868 296.297
12.0767 -5.33019 296.466
12.0777 -5.3305 296.393
12.0714 -5.32993 296.29
12.0684 -5.32871 296.413
12.0661 -5.32579 296.208
12.0651 -5.32841 296.058
12.0698 -5.32365 296.239
12.0692 -5.33317 296.325
12.0745 -5.3313 296.388
12.0719 -5.32504 296.275
12.0748 -5.32026 296.272
12.075 -5.3215 296.322
12.0736 -5.32538 296.232
12.0678 -5.32204 296.052
12.0773 -5.32836 296.354
12.0797 -5.32691 296.433
12.083 -5.31696 296.525
12.0828 -5.325 296.361
12.0863 -5.32754 296.417
12.0922 -5.3254 296.639
12.09 -5.33573 296.445
12.09 -5.33537 296.356
12.0937 -5.33349 296.448
12.0928 -5.33294 296.351
12.0854 -5.32491 296.048
12.0877 -5.32314 296.122
12.0901 -5.3301 296.266
12.0946 -5.33374 296.315
12.0921 -5.33042 296.2
12.0941 -5.33769 296.409
12.0966 -5.3372 296.456
12.1036 -5.33685 296.666
12.1 -5.33806 296.492
12.0972 -5.3311 296.297
12.0961 -5.32878 296.215
12.1037 -5.33495 296.449
12.098 -5.33172 296.351
12.0957 -5.32793 296.313
12.0936 -5.33263 296.364
12.092 -5.32809 296.212
12.0942 -5.33513 296.338
12.1021 -5.3327 296.41
12.1025 -5.33003 296.637
12.0976 -5.32773 296.32
12.098 -5.32388 296.181
12.0978 -5.32592 296.242
12.0948 -5.32343 296.157
12.0965 -5.32874 296.23
12.1017 -5.331 296.226
12.1077 -5.33477 296.379
12.1098 -5.33519 296.69
12.1087 -5.32843 296.364
12.1058 -5.33146 296.412
12.1056 -5.33183 296.318
12.1078 -5.33244 296.49
12.1025 -5.3309 296.303
12.1073 -5.32985 296.377
12.1071 -5.33443 296.465
12.1016 -5.33874 296.319
12.107 -5.34058 296.37
12.1115 -5.34061 296.459
12.1106 -5.33288 296.451
12.1084 -5.33424 296.463
12.1105 -5.33889 296.445
12.1068 -5.33714 296.411
12.1063 -5.33407 296.494
12.1121 -5.33555 296.646
12.1126 -5.32789 296.43
12.1093 -5.33 296.524
12.1041 -5.32567 296.251
12.1086 -5.31928 296.344
12.1081 -5.32522 296.353
12.1097 -5.33324 296.239
12.1123 -5.33294 296.322
12.1132 -5.33424 296.42
12.1087 -5.32961 296.214
12.1084 -5.33422 296.275
12.1077 -5.33722 296.309
12.109 -5.3393 296.143
12.1098 -5.33466 296.155
12.1063 -5.33093 296.091
12.1132 -5.33226 296.137
12.1187 -5.33436 296.387
12.111 -5.33575 296.31
12.1072 -5.33568 296.39
12.1073 -5.33553 296.337
12.1086 -5.33813 296.499
12.1378 -5.34416 296.783
12.1697 -5.34946 296.603
12.1748 -5.33217 296.048
12.2038 -5.34137 296.526
12.2683 -5.35334 297.203
12.3859 -5.34917 297.639
12.4306 -5.33733 296.346
12.4984 -5.32577 295.939
12.6188 -5.3266 296.356
12.7017 -5.33246 296.384
12.7096 -5.3239 296.073
12.8677 -5.37502 298.647
13.0311 -5.31408 295.516
13.4262 -5.31885 295.693
13.6294 -5.33776 296.931
13.7104 -5.34833 297.229
13.7673 -5.33186 296.142
13.8443 -5.3333 296.23
13.8582 -5.32834 296.266
13.8726 -5.32669 296.244
13.9787 -5.34793 297.761
14.1222 -5.35644 297.93
14.1519 -5.32477 295.786
14.2322 -5.33088 296.757
14.3165 -5.33767 296.788
14.4163 -5.34175 297.121
14.4482 -5.32413 296.219
14.4854 -5.31366 295.719
14.585 -5.33664 296.979
14.6514 -5.33529 296.987
14.6844 -5.31446 295.98
14.8294 -5.35229 297.453
14.9408 -5.34293 297.134
15.0382 -5.34373 297.318
15.0887 -5.32083 295.972
15.2666 -5.32193 295.937
15.4474 -5.32777 295.841
15.6222 -5.36084 297.965
15.7798 -5.32449 295.961
15.8558 -5.32701 296.095
16.0348 -5.37716 297.958
16.1141 -5.35201 297.093
16.2211 -5.34924 297.504
16.2711 -5.32373 296.006
16.4343 -5.30116 295.344
16.6154 -5.3178 295.731
16.6607 -5.31919 295.598
16.7986 -5.31861 296.124
16.8848 -5.32431 295.933
16.9513 -5.32959 296.61
17.0452 -5.34069 297.131
17.0723 -5.30864 295.745
17.1872 -5.31882 296.129
17.2688 -5.31761 295.829
17.383 -5.31899 295.882
17.5459 -5.3252 296.086
17.7536 -5.36995 298.334
17.8417 -5.34349 297.136
17.9473 -5.33716 296.874
18.0688 -5.35895 298.033
18.2149 -5.36139 298.156
18.2361 -5.32788 296.208
18.3489 -5.34468 297.259
18.4325 -5.34442 297.328
18.5427 -5.33788 297.3
18.6475 -5.34301 297.251
18.7623 -5.36214 297.589
18.8299 -5.31688 296.231
18.9141 -5.31914 295.874
19.022 -5.31564 295.929
19.1185 -5.3079 295.566
19.1611 -5.30876 295.434
19.3577 -5.34603 297.274
19.428 -5.31444 295.738
19.6089 -5.34023 297.394
19.7223 -5.34898 297.477
19.7443 -5.30952 295.573
19.9884 -5.30688 294.935
20.4352 -5.30458 295.043
20.9221 -5.31367 295.429
21.3552 -5.2971 294.965
21.6952 -5.30525 295.397
21.9239 -5.33438 297.416
21.9248 -5.31402 296.242
21.9155 -5.3088 295.971
21.915 -5.31498 295.994
21.9158 -5.30688 296.015
21.9042 -5.30071 295.805
21.9005 -5.30565 295.784
21.8986 -5.3021 295.688
21.8919 -5.30417 295.654
21.9111 -5.30857 296.061
21.9037 -5.31023 295.958
21.9053 -5.3197 296.125
21.8932 -5.31681 295.968
21.8863 -5.32034 295.959
21.8865 -5.31249 296.008
21.882 -5.31163 296.025
21.8665 -5.30626 295.648
21.8724 -5.2995 295.645
21.8774 -5.30588 295.727
21.895 -5.31319 296.017
21.8864 -5.31201 295.964
21.877 -5.30464 295.783
21.8822 -5.30195 295.814
21.8828 -5.30372 295.833
21.8914 -5.30057 295.942
21.8856 -5.29719 295.885
21.8755 -5.30065 295.667
21.8806 -5.30488 295.79
21.8845 -5.30102 295.86
21.8632 -5.29286 295.617
21.8657 -5.30239 295.591
21.8773 -5.29457 295.84
21.8622 -5.29572 295.725
21.8508 -5.29625 295.594
21.8577 -5.29998 295.667
21.8555 -5.29536 295.627
21.8444 -5.29321 295.503
21.8323 -5.29688 295.371
21.8425 -5.29585 295.608
21.8398 -5.29255 295.625
21.8302 -5.29203 295.512
21.8266 -5.29601 295.478
21.8369 -5.2982 295.63
21.8328 -5.28607 295.498
21.8416 -5.29301 295.534
21.8526 -5.30162 295.669
21.8621 -5.30481 295.919
21.8594 -5.29993 295.777
21.8637 -5.30254 295.856
21.8586 -5.30019 295.736
21.8514 -5.29519 295.616
21.8578 -5.29119 295.637
21.8482 -5.29853 295.504
21.8536 -5.30072 295.482
21.8601 -5.29786 295.598
21.8648 -5.29883 295.668
21.878 -5.29895 295.862
21.8754 -5.30603 295.807
21.8873 -5.3053 295.933
21.8737 -5.29968 295.723
21.8726 -5.30184 295.675
21.8697 -5.29754 295.664
21.8693 -5.29625 295.589
21.8714 -5.29796 295.607
21.8794 -5.30109 295.76
21.8826 -5.3007 295.817
21.8758 -5.30273 295.67
21.8846 -5.30179 295.832
21.8878 -5.30352 295.827
21.8934 -5.29915 295.922
21.8923 -5.30006 295.845
21.8962 -5.30258 295.892
21.8892 -5.29773 295.812
21.8826 -5.302 295.683
21.8817 -5.29891 295.707
21.8815 -5.29686 295.686
21.8762 -5.29525 295.518
21.8846 -5.29305 295.695
21.8652 -5.29341 295.398
21.8751 -5.29682 295.596
21.8823 -5.29959 295.717
21.8864 -5.30501 295.835
21.8745 -5.30399 295.599
21.8826 -5.2984 295.64
21.8847 -5.29892 295.784
21.8803 -5.29533 295.731
21.8767 -5.30124 295.595
21.8829 -5.30631 295.771
21.872 -5.29904 295.601
21.8971 -5.30211 295.988
21.8849 -5.30151 295.792
21.8612 -5.29197 295.338
21.8752 -5.29693 295.655
21.8814 -5.30518 295.728
21.8733 -5.29418 295.58
21.8854 -5.30096 295.773
21.886 -5.29933 295.789
21.8968 -5.30392 295.983
21.8813 -5.29932 295.696
21.872 -5.30263 295.572
21.8729 -5.30261 295.589
21.8791 -5.30252 295.745
21.8677 -5.29987 295.549
21.8777 -5.30458 295.756
21.8706 -5.30087 295.653
21.8745 -5.30674 295.712
21.8689 -5.29704 295.585
21.8724 -5.29625 295.59
21.8625 -5.30133 295.538
21.8705 -5.30257 295.707
21.8701 -5.30556 295.721
21.8633 -5.3049 295.616
21.8688 -5.30421 295.681
21.8798 -5.30395 295.881
21.869 -5.30709 295.771
21.8581 -5.29893 295.661
21.8591 -5.29768 295.605
21.8594 -5.30057 295.622
21.8608 -5.30264 295.735
21.8498 -5.30768 295.568
21.8575 -5.30929 295.739
21.8478 -5.30643 295.56
21.8467 -5.30231 295.644
21.8494 -5.30606 295.741
21.8586 -5.31075 295.909
21.8463 -5.29799 295.747
21.8542 -5.30745 295.916
21.8454 -5.30197 295.691
21.8479 -5.30559 295.742
21.8404 -5.30012 295.538
21.8281 -5.29358 295.396
21.8239 -5.2876 295.349
21.824 -5.29204 295.392
21.822 -5.29444 295.322
21.829 -5.2969 295.447
21.8365 -5.29738 295.62
21.8372 -5.29324 295.586
21.8297 -5.29481 295.487
21.8195 -5.29162 295.29
21.8249 -5.29374 295.317
21.8309 -5.28911 295.407
21.8377 -5.29065 295.437
21.8472 -5.28865 295.59
21.8436 -5.28788 295.505
21.8554 -5.29218 295.66
21.8718 -5.29732 295.964
21.8521 -5.29709 295.557
21.8495 -5.29264 295.452
21.858 -5.2983 295.64
21.8549 -5.30059 295.43
21.8524 -5.30067 295.427
21.863 -5.30232 295.623
21.8683 -5.30178 295.7
21.8676 -5.29695 295.7
21.8597 -5.29931 295.573
21.8628 -5.2965 295.541
21.8483 -5.29599 295.38
21.8601 -5.30066 295.492
21.8657 -5.30329 295.628
21.8682 -5.29988 295.6
21.8652 -5.29727 295.477
21.8614 -5.29651 295.539
21.8602 -5.28991 295.516
21.8686 -5.28866 295.829
21.8711 -5.29631 295.789
21.8647 -5.29756 295.666
21.8745 -5.30334 295.799
21.8831 -5.30675 295.947
21.8729 -5.30019 295.697
21.8768 -5.30118 295.814
21.8717 -5.30445 295.79
21.861 -5.30112 295.537
21.8618 -5.30176 295.578
21.8631 -5.29849 295.612
21.8572 -5.2953 295.452
21.8938 -5.30141 295.917
21.8947 -5.30189 295.793
21.897 -5.3035 295.693
21.8973 -5.29876 295.713
21.9051 -5.30182 295.874
21.9163 -5.31217 296.01
21.9212 -5.32054 296.184
21.9218 -5.31603 296.129
21.923 -5.31581 296.127
21.9322 -5.31356 296.244
21.9036 -5.30296 295.771
21.9053 -5.3024 295.743
21.8988 -5.30171 295.591
21.9012 -5.29759 295.631
21.8998 -5.2963 295.672
21.9118 -5.29792 295.914
21.8822 -5.2932 295.413
21.8984 -5.29745 295.7
21.9002 -5.30126 295.727
21.9 -5.30179 295.728
21.8969 -5.30517 295.59
21.8986 -5.2989 295.606
21.8867 -5.29394 295.442
21.8789 -5.2913 295.419
21.8976 -5.30058 295.769
21.8928 -5.29963 295.708
21.9 -5.30313 295.766
21.901 -5.30385 295.597
21.9015 -5.29995 295.573
21.9169 -5.3013 295.664
21.9504 -5.30575 295.593
22.0452 -5.32363 296.258
22.0964 -5.31684 295.838
22.1926 -5.3234 296.631
22.1755 -5.30522 295.843
22.1654 -5.30144 295.669
22.1591 -5.30303 295.589
22.1647 -5.30346 295.611
22.1699 -5.31008 295.74
22.1893 -5.30857 295.932
22.1847 -5.30054 295.616
22.1995 -5.30261 295.83
22.2103 -5.31087 295.913
22.2601 -5.31633 295.973
22.2865 -5.31597 295.789
22.3505 -5.32801 296.284
22.4062 -5.3112 296.002
22.6092 -5.3381 297.953
22.8219 -5.35305 298.303
22.8325 -5.30333 295.581
22.9771 -5.31325 296.306
23.004 -5.31082 296.085
23.048 -5.30648 295.649
23.1562 -5.32844 296.523
23.2216 -5.32556 296.404
23.2328 -5.32154 296.121
23.2388 -5.31639 296.064
23.281 -5.31233 296.335
23.2903 -5.29938 295.543
23.3708 -5.30435 296.024
23.4901 -5.32498 296.782
23.493 -5.30268 295.544
23.7413 -5.34028 297.808
23.7332 -5.27053 294.89
24.1353 -5.3536 298.486
24.1119 -5.28926 295.135
24.3043 -5.30691 295.67
24.3951 -5.30347 295.825
24.4677 -5.30287 295.48
24.5888 -5.3216 296.44
24.6074 -5.31798 296.113
24.6299 -5.32314 296.157
24.7354 -5.32337 297.014
24.7543 -5.32484 296.805
24.7591 -5.31105 296.245
24.8027 -5.31648 296.174
24.9326 -5.33201 297.198
25.0443 -5.31886 297.068
25.2535 -5.34747 298.047
25.4764 -5.36324 298.506
25.458 -5.29991 295.775
25.8056 -5.35515 298.494
25.8257 -5.30877 295.91
25.926 -5.31601 296.263
25.9787 -5.3173 296.43
26.0512 -5.31893 296.601
26.2063 -5.33955 297.487
26.2804 -5.32547 297.054
26.2532 -5.30266 295.89
26.2962 -5.30614 296.133
26.3431 -5.31241 296.37
26.3736 -5.31233 296.405
26.3917 -5.31252 296.34
26.4011 -5.31411 296.099
26.4402 -5.31042 295.74
26.5901 -5.3131 296.345
26.6552 -5.30696 296.019
27.0154 -5.36257 298.826
27.3318 -5.37543 299.352
27.5805 -5.37648 298.964
27.769 -5.34805 298.525
27.7039 -5.29704 295.57
27.8304 -5.31378 295.789
27.9372 -5.31713 296.223
27.9673 -5.29503 295.603
28.0462 -5.30677 296.191
28.0668 -5.30354 296.151
28.0982 -5.29632 295.898
28.1387 -5.29839 295.479
28.4003 -5.30345 295.762
28.84 -5.35619 299.197
28.8945 -5.3368 297.437
28.8664 -5.29177 295.875
29.0167 -5.28803 295.501
29.4029 -5.33921 298.405
29.377 -5.3007 296.302
29.5386 -5.32639 297.413
29.723 -5.34574 297.932
29.9281 -5.33512 298.168
30.0592 -5.33621 297.609
30.0701 -5.31652 296.927
30.1183 -5.31522 296.884
30.0925 -5.30602 296.06
30.0911 -5.30175 295.745
30.1027 -5.30478 295.562
30.1441 -5.30393 295.749
30.14 -5.29757 295.525
30.1931 -5.30609 295.933
30.249 -5.31283 296.429
30.2662 -5.30872 296.348
30.2992 -5.30578 296.455
30.3056 -5.29643 296.17
30.3139 -5.29767 296.038
30.332 -5.29845 295.918
30.3471 -5.30205 295.82
30.3707 -5.29913 295.684
30.3601 -5.29152 295.186
30.3973 -5.29802 295.473
30.4224 -5.30057 295.631
30.4618 -5.30952 295.89
30.5186 -5.30679 296.282
30.6561 -5.32241 297.371
30.6314 -5.30237 296.55
30.6368 -5.30215 296.172
30.6314 -5.30029 295.775
30.6348 -5.29674 295.676
30.6544 -5.29734 295.745
30.656 -5.30021 295.772
30.6431 -5.29866 295.605
30.6581 -5.29842 295.774
30.6426 -5.29439 295.594
30.6406 -5.2972 295.624
30.6563 -5.29802 295.801
30.6332 -5.2959 295.577
30.6209 -5.28858 295.475
30.6259 -5.29405 295.473
30.639 -5.30196 295.768
30.6367 -5.29692 295.742
30.6254 -5.29715 295.607
30.6313 -5.29894 295.696
30.6375 -5.29778 295.809
30.6148 -5.29311 295.558
30.6448 -5.30029 295.855
30.6441 -5.30314 295.986
30.6547 -5.3051 296.165
30.6067 -5.2951 295.603
30.5946 -5.29956 295.544
30.6076 -5.29267 295.749
30.5948 -5.29375 295.599
30.5933 -5.29384 295.578
30.624 -5.29768 295.947
30.6203 -5.29696 295.897
30.5971 -5.28717 295.661
30.5796 -5.28878 295.519
30.5899 -5.29151 295.656
30.5995 -5.29372 295.786
30.5909 -5.28931 295.727
30.5639 -5.28208 295.428
30.559 -5.28663 295.44
30.5769 -5.28991 295.65
30.603 -5.29436 296.041
30.6033 -5.29041 296.02
30.5946 -5.28882 295.938
30.5874 -5.28735 295.867
30.575 -5.28823 295.7
30.5861 -5.29049 295.813
30.5891 -5.29506 295.858
30.5778 -5.28935 295.712
30.6027 -5.29513 295.942
30.6082 -5.29901 295.986
30.6065 -5.30185 295.889
30.5957 -5.30033 295.786
30.6023 -5.29895 295.803
30.6204 -5.30576 296.036
30.6119 -5.3029 295.911
30.62 -5.30552 296.003
30.6125 -5.30421 295.901
30.6495 -5.30879 296.255
30.6515 -5.30928 296.252
30.6324 -5.29601 296.072
30.6227 -5.29624 295.941
30.6224 -5.30009 295.901
30.6327 -5.308 296.022
30.6477 -5.30407 296.109
30.6431 -5.305 296.093
30.6342 -5.30515 295.949
30.641 -5.30662 295.997
30.6366 -5.30285 295.951
30.626 -5.30132 295.836
30.6513 -5.30473 296.117
30.6637 -5.31214 296.225
30.642 -5.30352 295.941
30.651 -5.29918 296.069
30.633 -5.29045 295.832
30.6233 -5.29287 295.771
30.6747 -5.29657 296.263
30.6457 -5.28618 295.983
30.6459 -5.29394 296.009
30.653 -5.29605 296.142
30.6542 -5.29496 296.079
30.6593 -5.29425 296.16
30.6525 -5.28962 296.058
30.6451 -5.29102 295.926
30.6397 -5.28736 295.881
30.6269 -5.28852 295.803
30.6334 -5.29222 295.903
30.6155 -5.29466 295.697
30.6254 -5.29352 295.803
30.6343 -5.2896 295.869
30.643 -5.293 295.971
30.652 -5.29791 296.048
30.6508 -5.29861 296.034
30.6541 -5.30162 296.104
30.6479 -5.30392 296
30.6541 -5.30648 296.044
30.6233 -5.2986 295.736
30.5996 -5.29945 295.444
30.6312 -5.30461 295.87
30.637 -5.30196 295.902
30.6385 -5.30459 295.866
30.6495 -5.30791 295.984
30.6394 -5.29936 295.954
30.6343 -5.2995 295.812
30.6507 -5.30363 295.975
30.6298 -5.30271 295.772
30.6474 -5.30838 295.985
30.6566 -5.30725 296.133
30.6434 -5.30602 295.971
30.6443 -5.30136 296.006
30.6551 -5.3055 296.142
30.6298 -5.30522 295.85
30.6246 -5.3037 295.767
30.6257 -5.30459 295.803
30.6356 -5.31004 295.923
30.6327 -5.30689 295.819
30.6504 -5.30836 296.018
30.6402 -5.30579 295.97
30.6348 -5.30355 295.852
30.6279 -5.30614 295.809
30.6481 -5.31296 296.062
30.6508 -5.30475 296.048
30.628 -5.30066 295.84
30.6174 -5.30465 295.729
30.6185 -5.30443 295.764
30.622 -5.30886 295.887
30.6289 -5.30868 295.937
30.6227 -5.30407 295.879
30.6169 -5.29673 295.828
30.6369 -5.30525 296.032
30.6287 -5.30454 295.908
30.5941 -5.29745 295.563
30.6261 -5.30465 295.917
30.6143 -5.30285 295.795
30.6091 -5.30215 295.745
30.6023 -5.30093 295.669
30.5968 -5.29773 295.619
30.6225 -5.30516 295.955
30.6426 -5.31146 296.155
30.6104 -5.30386 295.863
30.6128 -5.30129 295.889
30.6065 -5.29558 295.827
30.5813 -5.29179 295.607
30.6019 -5.29746 295.872
30.6019 -5.30146 295.904
30.6073 -5.29682 296.004
30.5909 -5.29328 295.782
30.5817 -5.29903 295.746
30.5858 -5.29853 295.8
30.5862 -5.29554 295.821
30.5677 -5.29854 295.675
30.5632 -5.30028 295.653
30.5624 -5.29799 295.616
30.5309 -5.28981 295.218
30.5597 -5.299 295.58
30.5564 -5.30026 295.617
30.5795 -5.30379 295.862
30.5781 -5.31 295.824
30.5596 -5.29999 295.583
30.5751 -5.30667 295.76
30.5758 -5.30445 295.714
30.6022 -5.30706 295.99
30.5844 -5.31235 295.775
30.5976 -5.30692 295.924
30.5845 -5.29708 295.814
30.6248 -5.30662 296.181
30.6138 -5.30441 295.983
30.5922 -5.30455 295.727
30.6033 -5.30642 295.844
30.6044 -5.31009 295.868
30.5999 -5.30467 295.779
30.5937 -5.29513 295.667
30.6127 -5.30492 295.9
30.609 -5.30771 295.857
30.6125 -5.30885 295.847
30.6232 -5.30911 295.931
30.6302 -5.30874 296.025
30.5946 -5.30489 295.658
30.6058 -5.30826 296.085
30.5999 -5.3117 296.186
30.5872 -5.31535 296.038
30.5676 -5.30517 295.797
30.5922 -5.31198 296.103
30.5885 -5.3073 296.075
30.6098 -5.31631 296.324
30.6 -5.32392 296.21
30.6004 -5.32027 296.173
30.5972 -5.31485 296.079
30.5903 -5.31326 296.017
30.5841 -5.30685 295.951
30.5969 -5.31205 296.105
30.6039 -5.31246 296.188
30.6055 -5.31404 296.203
30.5848 -5.31046 295.929
30.5863 -5.3081 295.96
30.5903 -5.30757 296.071
30.5906 -5.30902 296.018
30.6012 -5.31349 296.153
30.5745 -5.30846 295.865
30.5839 -5.31472 295.994
30.574 -5.3114 295.834
30.5992 -5.3171 296.039
30.5922 -5.31239 296.051
30.5804 -5.31393 295.93
30.6168 -5.32076 296.345
30.6235 -5.31775 296.421
30.616 -5.31713 296.317
30.6051 -5.30902 296.179
30.6117 -5.3079 296.246
30.5981 -5.30632 296.137
30.6151 -5.30646 296.271
30.6208 -5.31284 296.314
30.6175 -5.31001 296.267
30.6219 -5.31544 296.31
30.7142 -5.32644 297.162
30.9642 -5.35063 298.132
30.9879 -5.33657 297.628
30.9748 -5.32421 296.326
30.9568 -5.30633 295.7
30.9749 -5.31188 295.718
30.9873 -5.31089 295.682
31.0059 -5.31204 295.723
31.0435 -5.31 295.882
31.0829 -5.31077 296.134
31.0867 -5.30916 296.019
31.0989 -5.30848 296.153
31.2104 -5.33585 296.902
31.2052 -5.31911 296.034
31.3057 -5.32491 296.293
31.3391 -5.30969 295.967
31.4405 -5.31562 296.722
31.4562 -5.31466 296.287
31.5063 -5.31128 296.412
31.4941 -5.30568 295.673
31.6034 -5.31638 296.194
31.6811 -5.3184 296.433
31.6855 -5.31523 296.13
31.7009 -5.30761 295.819
31.7998 -5.32148 296.486
31.8934 -5.33088 296.876
31.8323 -5.2994 295.337
32.0415 -5.318 296.247
32.2898 -5.34831 298.002
32.1996 -5.31113 296.014
32.2654 -5.30918 295.965
32.4084 -5.33022 296.975
32.3871 -5.30438 295.665
32.5404 -5.33159 296.846
32.5594 -5.31528 296.52
32.7242 -5.33574 297.624
32.8471 -5.32285 297.482
32.9793 -5.33261 297.403
32.906 -5.3017 295.457
33.0069 -5.29815 295.688
33.1259 -5.3052 296.183
33.2419 -5.32665 297.108
33.205 -5.30718 296.101
33.2458 -5.30242 295.495
33.5752 -5.32764 297.662
33.4827 -5.30583 295.577
33.6532 -5.32035 296.65
33.7994 -5.32894 297.288
33.7137 -5.29477 295.607
33.8183 -5.30037 295.5
34.1939 -5.34955 298.4
34.1287 -5.31738 296.678
34.1065 -5.2958 295.788
34.2589 -5.31888 296.869
34.4793 -5.34164 297.847
34.7777 -5.3564 298.773
34.939 -5.33667 298.131
34.9745 -5.31979 297.066
35.1416 -5.32311 297.402
35.2239 -5.32346 297.321
35.1695 -5.3119 296.494
35.1784 -5.31517 296.36
35.1838 -5.31406 296.215
35.1896 -5.30527 295.93
35.3848 -5.32915 297.206
35.3149 -5.31136 295.96
35.3417 -5.3081 296.047
35.3837 -5.31005 296.326
35.4278 -5.3159 296.517
35.4371 -5.31148 296.297
35.6178 -5.33074 297.486
35.783 -5.33167 297.767
35.8549 -5.32875 297.165
36.035 -5.32628 297.492
35.9568 -5.30493 295.871
36.0712 -5.29827 295.876
36.2052 -5.30627 296.07
36.2484 -5.31415 295.753
36.3463 -5.29878 295.776
36.5204 -5.30888 296.235
36.7218 -5.32714 297.292
36.8263 -5.33009 297.336
36.9433 -5.32354 297.353
37.0602 -5.33047 297.295
36.9648 -5.29836 295.635
37.237 -5.32162 297.526
37.1914 -5.30533 296.199
37.1562 -5.30239 295.774
37.2131 -5.30899 296.117
37.3038 -5.31456 296.635
37.3246 -5.31728 296.592
37.3181 -5.30698 296.273
37.326 -5.30511 296.162
37.3853 -5.31219 296.492
37.4728 -5.31867 296.945
37.4597 -5.30638 296.444
37.5098 -5.30416 296.463
37.5362 -5.30251 295.945
37.7038 -5.32496 297.02
37.8282 -5.32209 297.324
38.0011 -5.33131 297.57
38.285 -5.35129 298.283
38.3853 -5.32795 297.633
38.2434 -5.29302 295.548
38.3601 -5.29588 296.078
38.4162 -5.2927 295.812
38.5184 -5.30702 296.425
38.4965 -5.30014 296.056
38.5094 -5.30313 296.185
38.5355 -5.30655 296.442
38.51 -5.30057 296.198
38.5087 -5.30412 296.207
38.4727 -5.29586 295.908
38.4782 -5.29734 295.994
38.4957 -5.30333 296.171
38.5117 -5.30764 296.342
38.5014 -5.30193 296.233
38.5001 -5.29961 296.209
38.498 -5.30067 296.115
38.4944 -5.30392 296.005
38.537 -5.3026 296.203
38.5866 -5.30586 296.416
38.57 -5.30783 296.179
38.5436 -5.30217 295.827
38.5345 -5.29899 295.695
38.5265 -5.2989 295.553
38.5852 -5.30209 295.831
38.6772 -5.31175 296.376
38.6943 -5.31059 296.135
38.7645 -5.30611 295.974
38.8124 -5.29663 295.437
39.1215 -5.31457 296.983
39.0477 -5.29885 295.9
39.079 -5.3012 295.725
39.1736 -5.30803 296.144
39.3011 -5.31681 296.753
39.259 -5.3131 296.216
39.2573 -5.30224 296.173
39.2841 -5.30691 296.332
39.3099 -5.3111 296.425
39.365 -5.3086 296.673
39.3801 -5.31094 296.551
39.3683 -5.30999 296.321
39.3415 -5.30406 295.964
39.3733 -5.30659 295.99
39.385 -5.2965 295.767
39.4354 -5.30123 295.982
39.4059 -5.28978 295.582
39.4727 -5.30015 296.045
39.505 -5.30722 296.23
39.5678 -5.30847 296.393
39.6293 -5.30485 296.529
39.6267 -5.30034 296.24
39.6439 -5.30277 296.162
39.6903 -5.30789 296.21
39.651 -5.29327 295.512
39.6621 -5.29374 295.533
39.6932 -5.29858 295.727
39.7063 -5.2968 295.683
39.7567 -5.307 295.918
39.7743 -5.3003 295.874
39.7908 -5.29603 295.814
39.8478 -5.30173 296.09
39.8755 -5.30034 296.209
39.8898 -5.29934 296.148
39.8998 -5.29818 296.098
39.9369 -5.29789 296.235
39.9892 -5.30407 296.473
39.9611 -5.29853 296.13
39.9472 -5.2981 295.921
39.976 -5.30037 296.156
39.9525 -5.30084 295.969
39.9871 -5.30589 296.229
39.9833 -5.30069 296.229
39.9401 -5.29424 295.86
39.9044 -5.28567 295.566
39.9191 -5.2873 295.706
39.9324 -5.28627 295.83
39.9438 -5.28926 295.94
39.9511 -5.29189 296.017
39.9645 -5.29313 296.185
39.9693 -5.2968 296.239
39.9508 -5.29545 296.108
39.9439 -5.29281 296.079
39.945 -5.29082 296.092
39.9235 -5.2872 295.898
39.9227 -5.29299 295.927
39.9209 -5.29752 295.957
39.908 -5.29339 295.828
39.896 -5.28927 295.778
39.9 -5.28869 295.854
39.9067 -5.28521 295.94
39.8795 -5.27862 295.735
39.8875 -5.28003 295.801
39.8663 -5.27887 295.627
39.8629 -5.27581 295.598
39.901 -5.27917 295.882
39.8817 -5.28305 295.716
39.9175 -5.2846 296.042
39.9459 -5.28144 296.261
39.9116 -5.27611 295.917
39.9009 -5.27744 295.825
39.9064 -5.27249 295.835
39.9121 -5.27169 295.853
39.9757 -5.28165 296.378
39.9077 -5.27134 295.821
39.9317 -5.27798 296.006
39.9668 -5.29206 296.243
39.9635 -5.28662 296.18
39.9411 -5.28533 296.021
39.9491 -5.2843 296.076
39.9253 -5.27891 295.823
39.9102 -5.27823 295.692
39.9254 -5.28543 295.802
39.9396 -5.29217 295.932
39.9328 -5.2934 295.871
39.9216 -5.28304 295.765
39.9136 -5.28735 295.678
39.9127 -5.28822 295.671
39.9205 -5.28801 295.738
39.9258 -5.28802 295.775
39.9513 -5.28827 296.009
39.9501 -5.29289 295.952
39.9474 -5.28264 295.937
39.9337 -5.28579 295.814
39.9601 -5.29371 296.083
39.9488 -5.27925 295.972
39.9265 -5.27753 295.754
39.9383 -5.27992 295.812
39.9617 -5.28415 296.023
39.9383 -5.2818 295.83
39.9349 -5.28396 295.801
39.9446 -5.28555 295.892
39.9164 -5.27612 295.682
39.9298 -5.28285 295.778
39.927 -5.28053 295.725
39.942 -5.28086 295.88
39.9305 -5.27 295.77
39.9478 -5.28188 295.9
39.9611 -5.28367 296.06
39.9543 -5.28115 295.946
39.9409 -5.28402 295.792
39.9389 -5.28168 295.782
39.9481 -5.28396 295.877
39.935 -5.28606 295.76
39.9387 -5.28776 295.822
39.9439 -5.28679 295.853
39.9568 -5.29171 296.011
39.9379 -5.28517 295.805
39.9086 -5.28014 295.592
39.9148 -5.28595 295.663
39.932 -5.28368 295.809
39.9388 -5.28594 295.83
39.9549 -5.28956 295.931
39.9438 -5.29271 295.869
39.9632 -5.29006 296.066
39.9762 -5.29706 296.134
39.9732 -5.29082 296.111
39.9688 -5.29353 296.069
39.9529 -5.28682 295.946
39.9763 -5.29528 296.139
39.9628 -5.29601 296.046
39.9208 -5.29037 295.695
39.9167 -5.28985 295.666
39.9565 -5.29252 295.986
39.9643 -5.29571 296.035
39.9624 -5.29755 295.997
39.9351 -5.29678 295.776
39.945 -5.29208 295.849
39.9473 -5.29216 295.923
39.9681 -5.29707 296.089
39.9814 -5.29542 296.196
39.9541 -5.28812 295.939
39.9487 -5.28859 295.933
39.9622 -5.29208 296.013
39.9491 -5.29237 295.906
39.9564 -5.29444 295.973
39.9629 -5.29228 296.016
39.9568 -5.29199 295.96
39.9387 -5.29037 295.823
39.9477 -5.28738 295.901
39.9081 -5.28153 295.6
39.9226 -5.28359 295.676
39.9524 -5.28942 295.919
39.9344 -5.28593 295.776
39.9426 -5.29013 295.843
39.9238 -5.28738 295.676
39.9062 -5.28756 295.516
39.9091 -5.28635 295.527
39.9182 -5.28453 295.636
39.942 -5.29037 295.824
39.9334 -5.2916 295.772
39.9318 -5.28719 295.753
39.9483 -5.2902 295.903
39.947 -5.29354 295.872
39.9349 -5.29115 295.793
39.9217 -5.29389 295.669
39.943 -5.29516 295.825
39.9227 -5.29099 295.62
39.9223 -5.29392 295.628
39.9364 -5.29224 295.787
39.9274 -5.28894 295.715
39.9495 -5.29306 295.874
39.9387 -5.28758 295.766
39.9385 -5.28964 295.794
39.9446 -5.29063 295.865
39.9385 -5.28726 295.827
39.941 -5.28893 295.835
39.9507 -5.29247 295.913
39.9241 -5.29016 295.705
39.9476 -5.29483 295.881
39.9567 -5.29702 295.982
39.933 -5.29238 295.785
39.9374 -5.29006 295.769
39.9057 -5.28683 295.509
39.9577 -5.29431 295.945
39.9437 -5.29149 295.855
39.937 -5.29977 295.775
39.9469 -5.29739 295.839
39.9411 -5.29756 295.782
39.9573 -5.29913 295.953
39.959 -5.29294 295.949
39.9608 -5.29154 295.975
39.9391 -5.29091 295.811
39.9646 -5.29352 296.024
39.9644 -5.29247 296.059
39.9391 -5.28896 295.838
39.9297 -5.2907 295.789
39.9016 -5.28095 295.559
39.8809 -5.28209 295.375
39.9135 -5.28781 295.641
39.9339 -5.2894 295.828
39.9164 -5.28507 295.672
39.924 -5.28499 295.736
39.9313 -5.28559 295.823
39.8976 -5.28475 295.583
39.9103 -5.28684 295.684
39.919 -5.28958 295.781
39.9061 -5.29022 295.698
39.9153 -5.29516 295.821
39.9404 -5.29503 296.001
39.905 -5.29146 295.723
39.9113 -5.28992 295.794
39.9015 -5.28874 295.663
39.9173 -5.28994 295.812
39.9182 -5.29211 295.869
39.9034 -5.29189 295.694
39.8881 -5.29536 295.556
39.9102 -5.29621 295.726
39.9151 -5.29563 295.798
39.9298 -5.29934 295.942
39.9151 -5.29408 295.781
39.9176 -5.29267 295.81
39.9214 -5.29753 295.799
39.9167 -5.29919 295.767
39.9314 -5.2996 295.915
39.9207 -5.29575 295.824
39.9149 -5.29828 295.776
39.9137 -5.29652 295.739
39.9442 -5.30336 296.005
39.9343 -5.29262 295.9
39.9357 -5.29476 295.945
39.9441 -5.29676 295.979
39.9095 -5.29563 295.709
39.914 -5.29294 295.757
39.9139 -5.28986 295.704
39.9169 -5.29598 295.733
39.9142 -5.29287 295.734
39.9149 -5.28982 295.716
39.9085 -5.29062 295.646
39.9079 -5.29709 295.686
39.8711 -5.29315 295.372
39.8931 -5.28746 295.546
39.9083 -5.29068 295.691
39.8957 -5.29059 295.561
39.8994 -5.29259 295.548
39.9033 -5.29208 295.59
39.9137 -5.2925 295.7
39.913 -5.28884 295.674
39.923 -5.29178 295.798
39.9192 -5.29477 295.744
39.9098 -5.29736 295.65
39.9258 -5.29885 295.768
39.9531 -5.29723 296.012
39.915 -5.29172 295.704
39.9148 -5.28969 295.743
39.9297 -5.29227 295.841
39.9224 -5.29234 295.743
39.9497 -5.29531 295.974
39.9315 -5.29427 295.789
39.963 -5.29817 296.075
39.9426 -5.29616 295.967
39.9348 -5.29328 295.923
39.9068 -5.29368 295.647
39.9436 -5.29201 295.979
39.9072 -5.28661 295.679
39.9306 -5.28982 295.871
39.9533 -5.29363 296.026
39.9059 -5.29204 295.615
39.8871 -5.28822 295.481
39.9211 -5.29417 295.796
39.9277 -5.29441 295.817
39.9278 -5.29456 295.773
39.9026 -5.28531 295.552
39.8731 -5.28756 295.396
39.8817 -5.28322 295.45
39.9072 -5.29205 295.66
39.9252 -5.29508 295.848
39.9278 -5.29111 295.78
39.9424 -5.30085 295.693
39.9448 -5.29119 295.618
39.9373 -5.29222 295.505
39.9886 -5.2772 295.284
40.1429 -5.28715 295.876
40.1733 -5.28812 295.251
40.4511 -5.28807 295.625
40.9865 -5.3416 298.792
40.947 -5.30848 296.876
40.8889 -5.29467 295.797
41.0255 -5.31175 296.667
41.0219 -5.30616 296.336
41.0535 -5.29799 296.256
41.0975 -5.29936 296.312
41.2088 -5.31756 296.878
41.0951 -5.27929 295.268
41.4977 -5.3308 297.782
41.5303 -5.32072 297.501
41.7415 -5.33163 297.902
41.5826 -5.26925 295.166
41.877 -5.27774 294.986
42.5471 -5.3404 298.955
42.6481 -5.3393 298.052
42.9244 -5.33156 298.608
43.0158 -5.34396 298.599
43.0015 -5.30704 296.9
43.0473 -5.31389 297.046
42.9956 -5.29844 296.178
43.202 -5.3144 297.219
43.1527 -5.28418 295.804
43.4338 -5.31287 297.15
43.3993 -5.29129 296.274
43.3363 -5.2835 295.645
43.4386 -5.29351 296.136
43.5251 -5.29114 296.097
43.5745 -5.28879 295.875
43.7358 -5.29341 295.936
43.8579 -5.29503 296.136
44.045 -5.31518 297.116
44.254 -5.3225 298.185
44.3813 -5.32894 297.981
44.4172 -5.30762 297.144
44.5311 -5.3237 297.455
44.4298 -5.27276 295.147
44.6612 -5.29551 296.206
45.0319 -5.32881 298.023
45.0233 -5.3098 297.078
45.0087 -5.29889 296.413
45.0007 -5.29035 295.655
45.4748 -5.32862 298.009
45.4656 -5.30423 296.79
45.4074 -5.28276 295.847
45.56 -5.30007 296.473
45.6312 -5.28603 296.105
45.8739 -5.31067 297.235
45.9149 -5.30144 296.905
45.8139 -5.2798 295.875
46.0321 -5.31118 297.142
46.3341 -5.31984 298.192
46.44 -5.31239 297.611
46.6083 -5.3248 297.876
46.7687 -5.31676 297.724
46.6401 -5.29461 296.292
46.6803 -5.29578 296.479
46.6621 -5.28917 296.24
46.6856 -5.29114 296.369
46.6969 -5.29603 296.372
46.7375 -5.28698 296.357
46.8582 -5.3037 296.754
46.8188 -5.29054 296.004
46.8325 -5.28923 295.999
46.9018 -5.30395 296.27
46.9482 -5.29616 296.359
47.0384 -5.29613 296.692
47.0371 -5.29467 296.31
47.0419 -5.29386 296.241
47.0141 -5.288 295.91
47.086 -5.304 296.133
47.192 -5.29344 296.223
47.2287 -5.27262 296.118
47.2639 -5.28496 295.918
47.3789 -5.28242 295.895
47.4743 -5.28568 295.933
47.6207 -5.30582 296.555
47.8431 -5.31844 297.389
47.9286 -5.3145 297.148
47.9126 -5.29887 296.452
47.8607 -5.2875 295.8
47.8969 -5.29244 295.946
47.9452 -5.29049 295.949
48.0186 -5.29045 296.117
48.0542 -5.29094 296.188
48.0742 -5.29133 296.183
48.1306 -5.29263 296.458
48.1082 -5.28091 296.152
48.1077 -5.28163 295.869
48.1298 -5.29001 295.807
48.1908 -5.2963 295.911
48.3311 -5.3112 296.609
48.3308 -5.29976 296.348
48.338 -5.28937 296.109
48.4599 -5.28864 296.132
48.5281 -5.29735 296.108
48.5187 -5.28626 295.947
48.5225 -5.28268 295.888
48.5492 -5.28692 295.905
48.5998 -5.29076 296.069
48.5971 -5.28707 295.922
48.6732 -5.29884 296.287
48.6727 -5.29058 296.266
48.7308 -5.2898 296.581
48.6999 -5.29005 296.161
48.7565 -5.29501 296.204
48.7684 -5.2984 296.127
48.8035 -5.29817 296.249
48.793 -5.29082 295.953
48.8821 -5.29622 296.406
48.9352 -5.29016 296.478
48.9366 -5.28765 296.273
48.9334 -5.28842 296.224
48.9033 -5.28695 296.019
48.9503 -5.28527 296.313
48.9365 -5.28374 296.059
48.9443 -5.28578 296.087
48.969 -5.28379 296.225
48.9519 -5.2855 296.11
48.9816 -5.28405 296.345
49.0694 -5.30096 296.835
49.0784 -5.29617 296.647
49.0371 -5.28707 296.072
49.1576 -5.29294 296.449
49.0897 -5.27555 295.674
49.1801 -5.28809 296.135
49.2322 -5.28593 296.081
49.2461 -5.28103 295.648
49.3483 -5.29175 296.068
49.4402 -5.29453 296.399
49.3992 -5.28922 296.042
49.3742 -5.28512 295.752
49.3923 -5.28531 295.841
49.4045 -5.2873 295.882
49.3997 -5.28705 295.835
49.3742 -5.28283 295.688
49.3936 -5.28575 295.809
49.4026 -5.29475 295.876
49.4099 -5.29462 295.941
49.3858 -5.2925 295.775
49.3868 -5.28804 295.746
49.4188 -5.28833 295.96
49.4442 -5.28976 296.109
49.454 -5.29084 296.162
49.4246 -5.28653 295.941
49.4255 -5.28724 295.904
49.4161 -5.28322 295.878
49.4308 -5.28672 295.975
49.4011 -5.28368 295.77
49.4109 -5.28509 295.833
49.4303 -5.28271 295.969
49.4155 -5.27776 295.851
49.4175 -5.27858 295.851
49.4133 -5.27599 295.84
49.4247 -5.28209 295.901
49.4594 -5.29032 296.131
49.4309 -5.28466 295.932
49.456 -5.29003 296.108
49.4551 -5.29338 296.084
49.4489 -5.29119 296.021
49.4187 -5.28526 295.825
49.4302 -5.28333 295.894
49.4553 -5.28399 296.089
49.4364 -5.28542 295.957
49.4392 -5.28484 295.965
49.4308 -5.28823 295.877
49.4245 -5.28518 295.869
49.4186 -5.2882 295.844
49.4048 -5.28736 295.739
49.4377 -5.29104 295.974
49.4092 -5.28174 295.794
49.3827 -5.28031 295.6
49.4064 -5.28263 295.764
49.4286 -5.27884 295.904
49.4377 -5.28534 295.946
49.4425 -5.29102 295.948
49.4103 -5.28077 295.73
49.412 -5.28525 295.748
49.4116 -5.2844 295.736
49.4266 -5.29104 295.82
49.4537 -5.28662 296.005
49.4673 -5.29117 296.106
49.4768 -5.29844 296.128
49.4781 -5.29474 296.173
49.4615 -5.29023 296.078
49.4726 -5.28761 296.151
49.4951 -5.28939 296.262
49.4897 -5.28628 296.252
49.4486 -5.28845 295.935
49.4511 -5.29166 295.985
49.4826 -5.28958 296.182
49.46 -5.28853 296.017
49.4323 -5.28686 295.838
49.4301 -5.28677 295.802
49.4229 -5.28114 295.75
49.4229 -5.29047 295.789
49.4294 -5.28776 295.837
49.4574 -5.28718 296.051
49.4259 -5.28186 295.806
49.4415 -5.27868 295.927
49.4539 -5.28568 296.008
49.4465 -5.29168 295.956
49.4275 -5.28489 295.824
49.4377 -5.28818 295.889
49.4627 -5.29318 296.054
49.4732 -5.28674 296.125
49.4752 -5.29153 296.144
49.467 -5.28768 296.07
49.4542 -5.28316 295.961
49.4602 -5.2852 296.016
49.4622 -5.28893 296.046
49.4511 -5.28977 295.966
49.4476 -5.28245 295.938
49.4298 -5.28317 295.824
49.421 -5.27858 295.757
49.4416 -5.28768 295.889
49.4681 -5.29111 296.087
49.4232 -5.27995 295.803
49.4468 -5.28168 295.923
49.4612 -5.28787 296.038
49.4257 -5.28611 295.835
49.4408 -5.27994 295.896
49.4497 -5.2825 295.984
49.4875 -5.28936 296.228
49.5126 -5.29125 296.386
49.5023 -5.29117 296.321
49.4541 -5.28471 296.023
49.4443 -5.28596 295.952
49.4412 -5.28507 295.951
49.4527 -5.28284 296.006
49.4737 -5.29006 296.135
49.4636 -5.29163 296.107
49.4546 -5.28675 296.026
49.4562 -5.28619 296.04
49.4587 -5.28456 296.058
49.4475 -5.28657 295.986
49.4652 -5.28613 296.097
49.4547 -5.28265 296.026
49.4551 -5.28135 296.045
49.4576 -5.28453 296.069
49.4733 -5.28919 296.148
49.4662 -5.28861 296.086
49.4591 -5.29144 296.063
49.497 -5.29385 296.322
49.4747 -5.28858 296.161
49.4847 -5.28975 296.224
49.4634 -5.28415 296.07
49.4451 -5.27914 295.99
49.4508 -5.28182 296.014
49.424 -5.28125 295.871
49.4354 -5.28188 295.943
49.4729 -5.28609 296.218
49.4208 -5.27877 295.888
49.4251 -5.28335 295.924
49.4091 -5.27979 295.852
49.4014 -5.27995 295.815
49.4184 -5.28248 295.953
49.4229 -5.28013 296.011
49.393 -5.2766 295.797
49.3714 -5.27476 295.669
49.4044 -5.28257 295.929
49.4191 -5.28063 296.026
49.3845 -5.28093 295.786
49.3733 -5.27497 295.714
49.4144 -5.27673 296.023
49.3873 -5.27743 295.868
49.4215 -5.28217 296.103
49.4055 -5.2823 295.969
49.3635 -5.27561 295.667
49.3723 -5.27631 295.766
49.3579 -5.27661 295.654
49.3898 -5.27711 295.846
49.3855 -5.27769 295.825
49.3855 -5.26933 295.774
49.3937 -5.27606 295.828
49.3689 -5.27469 295.64
49.368 -5.27331 295.623
49.4101 -5.27983 295.884
49.4092 -5.28087 295.847
49.4473 -5.28595 296.108
49.4064 -5.27917 295.84
49.4373 -5.2815 296.034
49.4391 -5.28274 296.023
49.4456 -5.28308 296.054
49.4672 -5.28791 296.166
49.4755 -5.28942 296.217
49.4664 -5.28172 296.131
49.4448 -5.27657 295.994
49.4506 -5.28209 296.034
49.4636 -5.28406 296.121
49.4548 -5.28462 296.053
49.4769 -5.28865 296.197
49.4648 -5.28706 296.126
49.4678 -5.29225 296.108
49.4593 -5.28728 296.069
49.4512 -5.28621 296.003
49.472 -5.28913 296.139
49.441 -5.28308 295.931
49.447 -5.28475 295.988
49.4648 -5.28537 296.094
49.482 -5.28999 296.189
49.5035 -5.29514 296.314
49.4971 -5.28859 296.273
49.4758 -5.28563 296.137
49.4789 -5.29081 296.137
49.4421 -5.28554 295.894
49.4757 -5.28887 296.126
49.4718 -5.28547 296.111
49.4777 -5.2921 296.163
49.4683 -5.28898 296.093
49.4403 -5.28605 295.93
49.4685 -5.28892 296.078
49.4715 -5.28444 296.099
49.4883 -5.29307 296.2
49.4811 -5.29555 296.178
49.5098 -5.29544 296.337
49.467 -5.28841 296.056
49.489 -5.29091 296.224
49.4708 -5.28748 296.081
49.4339 -5.28334 295.88
49.4629 -5.28804 296.055
49.4372 -5.28497 295.894
49.4368 -5.27887 295.861
49.4767 -5.28784 296.131
49.4841 -5.29177 296.18
49.4877 -5.29721 296.199
49.4753 -5.29232 296.114
49.4809 -5.28926 296.143
49.4781 -5.2903 296.145
49.4605 -5.28786 295.982
49.4821 -5.28905 296.133
49.4711 -5.28598 296.104
49.4841 -5.29014 296.192
49.4792 -5.2923 296.146
49.4868 -5.29049 296.209
49.5031 -5.29217 296.313
49.4887 -5.28497 296.228
49.4493 -5.28279 295.969
49.4402 -5.28534 295.911
49.4438 -5.28735 295.923
49.4524 -5.2924 296.018
49.4578 -5.28628 296.071
49.4558 -5.28315 296.038
49.4922 -5.28869 296.278
49.4871 -5.29028 296.249
49.455 -5.28393 296.024
49.4558 -5.28483 296.045
49.4845 -5.28493 296.274
49.4506 -5.28327 296.021
49.425 -5.28139 295.838
49.4793 -5.2918 296.221
49.4658 -5.29226 296.13
49.4702 -5.29074 296.166
49.4702 -5.28868 296.157
49.4702 -5.28661 296.18
49.4702 -5.28592 296.171
49.4854 -5.28316 296.249
49.4656 -5.28365 296.134
49.4803 -5.28959 296.232
49.4927 -5.28528 296.315
49.4785 -5.28667 296.241
49.4621 -5.28525 296.111
49.456 -5.28688 296.029
49.4045 -5.28106 295.676
49.4464 -5.28515 295.961
49.4737 -5.29063 296.173
49.4588 -5.28187 296.051
49.436 -5.27597 295.916
49.441 -5.28238 295.925
49.4482 -5.28349 295.981
49.4646 -5.28448 296.073
49.4439 -5.28441 295.935
49.4733 -5.28605 296.114
49.4943 -5.28901 296.29
49.4829 -5.28556 296.19
49.4542 -5.28627 296.017
49.4701 -5.28962 296.098
49.4742 -5.28115 296.136
49.4552 -5.28286 295.968
49.4219 -5.27719 295.731
49.4602 -5.2759 296.004
49.5022 -5.28258 296.29
49.4712 -5.28582 296.055
49.4569 -5.28918 295.968
49.4997 -5.29093 296.268
49.5206 -5.2915 296.399
49.4951 -5.28649 296.227
49.4933 -5.28807 296.207
49.4776 -5.28398 296.086
49.5101 -5.28375 296.293
49.4732 -5.28158 296.064
49.4508 -5.28077 295.942
49.4887 -5.28637 296.182
49.4638 -5.28768 296.003
49.4889 -5.2873 296.17
49.4965 -5.28658 296.214
49.501 -5.2861 296.232
49.4853 -5.28731 296.127
49.4908 -5.28804 296.167
49.4914 -5.28391 296.179
49.5032 -5.28566 296.272
49.5167 -5.29041 296.353
49.4888 -5.28281 296.157
49.4702 -5.27814 296.032
49.5202 -5.28549 296.357
49.5085 -5.28516 296.29
49.5098 -5.28508 296.299
49.4917 -5.29002 296.213
49.5091 -5.28976 296.31
49.5088 -5.28829 296.3
49.4942 -5.28616 296.22
49.4736 -5.28528 296.078
49.4669 -5.28431 296.018
49.4482 -5.28168 295.895
49.4592 -5.28367 295.959
49.4816 -5.28754 296.098
49.4719 -5.28448 296.05
49.4833 -5.28904 296.154
49.4976 -5.28871 296.221
49.4732 -5.28336 296.097
49.4942 -5.28785 296.21
49.4654 -5.28422 296.005
49.5161 -5.28752 296.334
49.5464 -5.2945 296.54
49.5422 -5.29415 296.534
49.486 -5.28345 296.138
49.4962 -5.28768 296.211
49.4755 -5.2836 296.088
49.4669 -5.28495 296.013
49.4894 -5.28565 296.151
49.4783 -5.28658 296.101
49.4816 -5.28518 296.134
49.5364 -5.29257 296.461
49.502 -5.29087 296.276
49.4756 -5.28149 296.071
49.48 -5.27764 296.092
49.474 -5.28412 296.056
49.4651 -5.28167 296.014
49.5027 -5.28857 296.278
49.48 -5.286 296.138
49.4712 -5.28338 296.053
49.4922 -5.27905 296.199
49.4887 -5.28346 296.16
49.4949 -5.28661 296.206
49.5005 -5.28381 296.239
49.5017 -5.28178 296.292
49.4911 -5.28032 296.206
49.4828 -5.28234 296.137
49.4865 -5.28536 296.153
49.4652 -5.27948 296.022
49.467 -5.27877 296.035
49.4944 -5.28821 296.214
49.471 -5.28236 296.06
49.4794 -5.28218 296.15
49.4872 -5.28568 296.182
49.4761 -5.28624 296.082
49.4775 -5.28259 296.093
49.498 -5.28562 296.217
49.5021 -5.28743 296.253
49.4897 -5.28765 296.176
49.511 -5.29296 296.311
49.5057 -5.28482 296.281
49.4697 -5.28922 296.035
49.4757 -5.28807 296.064
49.4958 -5.28899 296.207
49.5028 -5.28616 296.251
49.5235 -5.29088 296.393
49.5137 -5.29209 296.336
49.4648 -5.27913 295.993
