-9.85177 -9.12103 248.846
-9.84184 -9.11795 248.601
-9.84517 -9.11532 248.653
-9.83985 -9.10906 248.603
-9.85423 -9.11826 248.829
-9.84961 -9.1199 248.742
-9.86493 -9.12797 249.01
-9.86896 -9.12957 249.098
-9.86012 -9.12577 248.92
-9.84619 -9.11679 248.66
-9.85036 -9.11684 248.743
-9.85122 -9.116 248.828
-9.86924 -9.12049 248.992
-9.8561 -9.12012 248.869
-9.87098 -9.12458 249.069
-9.86646 -9.12249 249.026
-9.84414 -9.11047 248.686
-9.84694 -9.11883 248.741
-9.84492 -9.11472 248.705
-9.83935 -9.11406 248.629
-9.83724 -9.10946 248.555
-9.84232 -9.11358 248.621
-9.84964 -9.11986 248.732
-9.86159 -9.12576 248.93
-9.84884 -9.12046 248.783
-9.84455 -9.11897 248.697
-9.84056 -9.11304 248.683
-9.83825 -9.11246 248.633
-9.83959 -9.10867 248.601
-9.8493 -9.11306 248.699
-9.84149 -9.11146 248.621
-9.84869 -9.11764 248.754
-9.85122 -9.11652 248.765
-9.85229 -9.11554 248.791
-9.84954 -9.11722 248.772
-9.84845 -9.11464 248.77
-9.84057 -9.11302 248.638
-9.8383 -9.11386 248.555
-9.84726 -9.11344 248.75
-9.85001 -9.11519 248.728
-9.84292 -9.11608 248.659
-9.83527 -9.11059 248.538
-9.84972 -9.11667 248.712
-9.8532 -9.12114 248.765
-9.85055 -9.12188 248.8
-9.8483 -9.11687 248.729
-9.84234 -9.11498 248.652
-9.84841 -9.12227 248.712
-9.84522 -9.1214 248.737
-9.84931 -9.12541 248.754
-9.85028 -9.12248 248.797
-9.85713 -9.11874 248.814
-9.8544 -9.11606 248.761
-9.85812 -9.11891 248.787
-9.86241 -9.12352 248.937
-9.85561 -9.12294 248.865
-9.8478 -9.11966 248.71
-9.86581 -9.12197 249.017
-9.8641 -9.12119 249.023
-9.85445 -9.11418 248.796
-9.85367 -9.12164 248.81
-9.85064 -9.12232 248.796
-9.84927 -9.11421 248.749
-9.85608 -9.11542 248.762
-9.86287 -9.1249 249.034
-9.85698 -9.12213 248.907
-9.85146 -9.11379 248.783
-9.85668 -9.11739 248.802
-9.84813 -9.11679 248.738
-9.85332 -9.12173 248.884
-9.85569 -9.11985 248.841
-9.85995 -9.12533 248.838
-9.84205 -9.11059 248.631
-9.83665 -9.10983 248.588
-9.84561 -9.11653 248.704
-9.85474 -9.11859 248.84
-9.84508 -9.1132 248.701
-9.85353 -9.121 248.825
-9.84208 -9.11497 248.684
-9.85575 -9.12514 248.837
-9.83896 -9.11219 248.554
-9.84468 -9.11749 248.73
-9.8506 -9.11506 248.743
-9.85987 -9.12409 248.85
-9.85906 -9.12959 248.935
-9.84922 -9.12707 248.798
-9.85888 -9.12711 248.844
-9.85272 -9.12555 248.772
-9.85557 -9.12961 248.862
-9.85212 -9.12307 248.786
-9.84529 -9.11632 248.68
-9.83982 -9.1153 248.591
-9.84031 -9.11521 248.616
-9.85458 -9.12623 248.842
-9.85748 -9.12719 248.919
-9.85893 -9.13079 248.961
-9.86 -9.12704 248.858
-9.85438 -9.11669 248.727
-9.86816 -9.13047 249.019
-9.86226 -9.13437 248.994
-9.85924 -9.12363 248.894
-9.85905 -9.12694 248.947
-9.84918 -9.12043 248.752
-9.84865 -9.12164 248.808
-9.86302 -9.12593 249.025
-9.85373 -9.12482 248.806
-9.84617 -9.12222 248.808
-9.84583 -9.12272 248.732
-9.85578 -9.12265 248.865
-9.86191 -9.1241 248.995
-9.85455 -9.12469 248.855
-9.85151 -9.12406 248.835
-9.85666 -9.12045 248.821
-9.85894 -9.12284 248.858
-9.84378 -9.11826 248.648
-9.84989 -9.12476 248.694
-9.85489 -9.12145 248.801
-9.86145 -9.12017 248.946
-9.86934 -9.12506 248.994
-9.86374 -9.12879 248.957
-9.86409 -9.12085 248.996
-9.8636 -9.12779 248.98
-9.86244 -9.12543 248.91
-9.86259 -9.1241 248.885
-9.86999 -9.12706 249.003
-9.84846 -9.12173 248.751
-9.86229 -9.1324 248.983
-9.87088 -9.12687 249.027
-9.86218 -9.11821 248.864
-9.86163 -9.11617 248.818
-9.85572 -9.11439 248.686
-9.85635 -9.1148 248.692
-9.86033 -9.1211 248.792
-9.86812 -9.12902 248.893
-9.87216 -9.13262 249.029
-9.87213 -9.12276 248.868
-9.87167 -9.12769 248.877
-9.86702 -9.13352 248.859
-9.86072 -9.12277 248.65
-9.85491 -9.12046 248.572
-9.86334 -9.11358 248.728
-9.86284 -9.11239 248.738
-9.87204 -9.12188 248.886
-9.87393 -9.12601 248.851
-9.87452 -9.12318 248.859
-9.86208 -9.11894 248.645
-9.87128 -9.12976 248.798
-9.86492 -9.12116 248.695
-9.86266 -9.1137 248.62
-9.87835 -9.12529 248.851
-9.87681 -9.11896 248.733
-9.88942 -9.12506 248.927
-9.88665 -9.12073 248.848
-9.89935 -9.12795 249.004
-9.90507 -9.13136 249.02
-9.91211 -9.13122 249.014
-9.91259 -9.13217 249.016
-9.91641 -9.13218 248.966
-9.93672 -9.14212 249.216
-9.93528 -9.13466 249.151
-9.94314 -9.13603 249.197
-9.94607 -9.13356 249.177
-9.94937 -9.13575 249.179
-9.94608 -9.13599 249.096
-9.96407 -9.14045 249.247
-9.96219 -9.13701 249.059
-9.97521 -9.14694 249.289
-9.98879 -9.14617 249.457
-9.98863 -9.14166 249.405
-9.98051 -9.13765 249.227
-9.99709 -9.13958 249.437
-10.012 -9.15615 249.896
-10.0042 -9.15515 249.648
-10.0016 -9.15468 249.527
-10.0113 -9.14918 249.669
-10.0239 -9.15483 249.759
-10.0219 -9.15459 249.72
-10.0165 -9.15834 249.651
-10.0207 -9.1575 249.742
-10.0311 -9.16034 249.842
-10.0287 -9.15921 249.824
-10.0383 -9.15893 249.906
-10.0353 -9.15273 249.874
-10.038 -9.1581 249.882
-10.0401 -9.15798 249.851
-10.0376 -9.15529 249.809
-10.0558 -9.16835 250.124
-10.0462 -9.15858 249.914
-10.0524 -9.16294 250.054
-10.0457 -9.16019 249.898
-10.0526 -9.16377 249.99
-10.0378 -9.1571 249.81
-10.0471 -9.15784 249.805
-10.0745 -9.16407 250.01
-10.0904 -9.17438 250.215
-10.0762 -9.16776 249.993
-10.0795 -9.16734 249.998
-10.0774 -9.16775 249.848
-10.1089 -9.17291 250.322
-10.1375 -9.18305 250.666
-10.144 -9.18454 250.662
-10.14 -9.1842 250.584
-10.1397 -9.18263 250.585
-10.1675 -9.19336 250.797
-10.1579 -9.18952 250.697
-10.1606 -9.19161 250.716
-10.1541 -9.18348 250.62
-10.159 -9.18702 250.736
-10.1609 -9.18812 250.676
-10.1496 -9.18096 250.53
-10.1455 -9.17768 250.459
-10.1466 -9.17764 250.464
-10.1466 -9.17301 250.455
-10.1616 -9.1824 250.707
-10.1533 -9.17974 250.541
-10.1549 -9.18944 250.632
-10.1485 -9.18699 250.591
-10.1429 -9.18585 250.515
-10.143 -9.18699 250.637
-10.1294 -9.17936 250.463
-10.1258 -9.19038 250.388
-10.1176 -9.1827 250.31
-10.1125 -9.17777 250.259
-10.1303 -9.19136 250.577
-10.123 -9.18553 250.565
-10.1107 -9.17823 250.461
-10.0969 -9.17526 250.311
-10.0884 -9.17225 250.166
-10.0731 -9.16325 250.013
-10.0707 -9.16298 250.007
-10.0529 -9.15367 249.822
-10.0367 -9.14167 249.674
-10.0399 -9.15711 249.781
-10.055 -9.16848 249.959
-10.0429 -9.16358 249.883
-10.0334 -9.15759 249.918
-10.0386 -9.15857 249.977
-10.0247 -9.15637 249.792
-10.0153 -9.1539 249.633
-10.0231 -9.15238 249.766
-10.0073 -9.13927 249.564
-10.0208 -9.15016 249.748
-10.007 -9.14933 249.595
-10.0082 -9.1559 249.623
-10.0032 -9.15265 249.577
-10.0113 -9.15784 249.746
-10.0114 -9.15351 249.795
-10.0095 -9.15601 249.741
-10.0035 -9.14826 249.669
-9.98765 -9.15737 249.542
-9.98086 -9.14827 249.428
-9.99079 -9.14539 249.586
-9.99114 -9.15097 249.612
-9.98975 -9.1477 249.586
-9.99421 -9.1571 249.66
-9.99028 -9.14328 249.613
-10.0087 -9.16 249.844
-9.98601 -9.15137 249.64
-9.98153 -9.15018 249.572
-9.97421 -9.14564 249.425
-9.97722 -9.14581 249.534
-9.98953 -9.14868 249.708
-9.97899 -9.14882 249.599
-9.98125 -9.14779 249.621
-9.97076 -9.14099 249.443
-9.97475 -9.14939 249.552
-9.96761 -9.14273 249.428
-9.97109 -9.14345 249.506
-9.97572 -9.14768 249.593
-9.97938 -9.15712 249.748
-9.96529 -9.14797 249.54
-9.94984 -9.14752 249.316
-9.94877 -9.14505 249.287
-9.95737 -9.1408 249.359
-9.95009 -9.1405 249.313
-9.95121 -9.13541 249.335
-9.95164 -9.13808 249.365
-9.95147 -9.14231 249.385
-9.95192 -9.14791 249.392
-9.93706 -9.14574 249.227
-9.94376 -9.1442 249.291
-9.94201 -9.14241 249.296
-9.94337 -9.13478 249.313
-9.9317 -9.13087 249.191
-9.94067 -9.14136 249.356
-9.9581 -9.1476 249.591
-9.95585 -9.15724 249.619
-9.95075 -9.15 249.502
-9.94291 -9.14615 249.425
-9.93455 -9.141 249.317
-9.93868 -9.14174 249.378
-9.93421 -9.13655 249.375
-9.92446 -9.13889 249.257
-9.93097 -9.14784 249.379
-9.92682 -9.14189 249.345
-9.93031 -9.14882 249.29
-9.92347 -9.15285 249.175
-9.92034 -9.14668 249.195
-9.91519 -9.13706 249.099
-9.92217 -9.13688 249.157
-9.93641 -9.14399 249.37
-9.9126 -9.12667 249.031
-9.91114 -9.13028 249.061
-9.91722 -9.12854 249.162
-9.90931 -9.12711 249.049
-9.91601 -9.1378 249.093
-9.91677 -9.13271 249.189
-9.92225 -9.14222 249.241
-9.93225 -9.14712 249.407
-9.92357 -9.13854 249.299
-9.9277 -9.14131 249.377
-9.92836 -9.14551 249.372
-9.92355 -9.14229 249.312
-9.92567 -9.13887 249.344
-9.91123 -9.13681 249.104
-9.9193 -9.14338 249.135
-9.91612 -9.13862 249.134
-9.91778 -9.13228 249.211
-9.9264 -9.13966 249.259
-9.92708 -9.1359 249.25
-9.92381 -9.14006 249.299
-9.91621 -9.13301 249.208
-9.90893 -9.13441 249.121
-9.91058 -9.1337 249.109
-9.91148 -9.13377 249.135
-9.91025 -9.13069 249.143
-9.91422 -9.13459 249.179
-9.92794 -9.13961 249.386
-9.92289 -9.13758 249.306
-9.93499 -9.14505 249.433
-9.91361 -9.13169 249.089
-9.91449 -9.13924 249.276
-9.91685 -9.13848 249.224
-9.9227 -9.13895 249.26
-9.92435 -9.14402 249.321
-9.91604 -9.13747 249.19
-9.91768 -9.13709 249.234
-9.91877 -9.13508 249.29
-9.92411 -9.13943 249.266
-9.92283 -9.14025 249.237
-9.91415 -9.13609 249.126
-9.91727 -9.13445 249.154
-9.92829 -9.14136 249.329
-9.92239 -9.14676 249.275
-9.92101 -9.14487 249.184
-9.91618 -9.14108 249.095
-9.92419 -9.14009 249.297
-9.9172 -9.13116 249.176
-9.91847 -9.13589 249.191
-9.90403 -9.13018 249.023
-9.91806 -9.13314 249.206
-9.93052 -9.13861 249.368
-9.92968 -9.13872 249.37
-9.93342 -9.14504 249.401
-9.92312 -9.14218 249.271
-9.92299 -9.14427 249.247
-9.91464 -9.13347 249.126
-9.93196 -9.14236 249.38
-9.9152 -9.1329 249.162
-9.91949 -9.13837 249.216
-9.91942 -9.13515 249.13
-9.92113 -9.1399 249.288
-9.92957 -9.14985 249.415
-9.93628 -9.14206 249.448
-9.93635 -9.14319 249.483
-9.9249 -9.1354 249.291
-9.92726 -9.14397 249.409
-9.91831 -9.13641 249.218
-9.91507 -9.13451 249.142
-9.91857 -9.136 249.163
-9.92934 -9.14288 249.327
-9.9309 -9.14655 249.412
-9.91842 -9.13604 249.181
-9.90725 -9.13021 249.036
-9.92863 -9.14322 249.307
-9.91454 -9.13843 249.202
-9.92014 -9.13955 249.215
-9.92096 -9.14247 249.259
-9.92277 -9.1349 249.238
-9.93478 -9.14178 249.449
-9.93117 -9.14764 249.403
-9.94861 -9.15511 249.636
-9.91915 -9.14494 249.304
-9.90089 -9.18462 250.565
-9.68528 -9.15772 249.873
-9.66319 -9.17408 250.254
-9.52105 -9.16171 250.042
-9.40333 -9.16981 249.967
-9.34354 -9.16153 250.025
-9.23938 -9.14648 249.69
-9.17864 -9.14224 249.545
-9.15315 -9.14392 249.608
-9.06188 -9.13358 248.964
-9.0369 -9.14858 249.652
-8.98831 -9.13581 249.385
-8.95462 -9.13112 249.281
-8.93469 -9.12929 249.286
-8.92144 -9.13248 249.438
-8.88144 -9.13848 249.313
-8.85213 -9.13917 249.363
-8.78884 -9.12313 248.962
-8.74423 -9.12285 248.793
-8.76764 -9.1859 250.499
-8.69385 -9.18027 250.441
-8.5097 -9.16012 250.135
-8.33991 -9.15516 250.108
-8.20336 -9.17677 250.383
-8.02126 -9.11847 248.836
-8.01754 -9.15636 250.332
-7.89365 -9.15754 249.916
-7.73811 -9.09194 248.514
-7.73738 -9.15117 250.038
-7.65136 -9.12453 249.37
-7.5852 -9.11383 248.969
-7.58455 -9.11529 249.024
-7.58665 -9.11747 249.056
-7.57571 -9.11934 249.039
-7.57756 -9.13482 249.43
-7.55864 -9.13286 249.621
-7.55491 -9.16938 250.663
-7.45125 -9.14749 249.827
-7.3816 -9.14165 249.789
-7.3465 -9.14463 249.869
-7.22969 -9.16579 250.402
-7.15326 -9.15129 250.471
-6.96194 -9.17143 250.655
-6.72454 -9.09851 248.66
-6.68192 -9.10553 248.853
-6.67859 -9.14676 250.157
-6.59034 -9.11803 249.269
-6.54214 -9.11319 249.159
-6.4847 -9.10336 248.898
-6.49551 -9.15109 250.539
-6.29904 -9.09766 248.833
-6.26084 -9.14351 250.09
-6.13842 -9.12629 249.883
-6.10126 -9.13289 250.064
-6.00045 -9.1316 249.822
-5.88913 -9.12713 249.894
-5.76727 -9.09367 248.881
-5.73759 -9.13533 250.194
-5.61537 -9.14425 250.36
-5.44516 -9.0736 248.44
-5.3925 -9.1216 249.704
-5.36646 -9.11989 249.918
-5.30691 -9.12414 249.833
-5.21048 -9.12055 249.666
-5.13894 -9.12677 250.023
-5.03181 -9.1469 250.265
-4.96428 -9.13863 250.233
-4.89508 -9.12005 249.914
-4.80458 -9.12685 250.03
-4.74631 -9.12371 250.013
-4.63043 -9.07462 248.805
-4.59688 -9.13951 250.05
-4.47345 -9.1226 249.832
-4.43611 -9.13624 250.084
-4.30383 -9.11656 249.795
-4.21207 -9.13227 250.028
-4.14809 -9.11817 249.925
-4.1152 -9.11026 249.789
-4.06855 -9.10017 249.391
-4.04861 -9.10595 249.45
-4.02727 -9.10844 249.507
-3.98396 -9.13295 250.031
-3.93625 -9.11964 249.892
-3.90786 -9.11164 249.834
-3.85256 -9.10612 249.671
-3.78479 -9.13024 250.221
-3.60829 -9.12173 250.017
-3.47139 -9.1029 249.9
-3.3688 -9.11002 249.917
-3.27042 -9.06575 248.952
-3.21921 -9.11419 249.971
-3.09101 -9.12442 249.898
-2.97084 -9.09534 249.231
-2.95767 -9.09643 249.434
-2.93848 -9.09882 249.557
-2.9081 -9.10344 249.751
-2.85883 -9.09685 249.382
-2.83872 -9.10164 249.56
-2.81947 -9.11614 249.805
-2.78584 -9.11576 249.798
-2.7349 -9.09514 249.398
-2.70923 -9.09306 249.55
-2.66758 -9.09544 249.589
-2.64861 -9.09441 249.459
-2.63225 -9.09653 249.425
-2.62238 -9.08372 249.188
-2.61552 -9.08716 249.109
-2.61652 -9.08911 249.196
-2.60429 -9.0899 249.084
-2.60202 -9.09391 249.244
-2.59862 -9.08659 249.185
-2.59006 -9.07732 249.104
-2.58465 -9.08208 249.165
-2.57464 -9.09526 249.648
-2.5534 -9.10204 249.532
-2.5372 -9.09195 249.34
-2.51885 -9.09436 249.44
-2.49915 -9.10491 249.7
-2.44876 -9.11549 249.957
-2.40827 -9.08241 249.405
-2.39423 -9.09599 249.335
-2.37604 -9.08544 249.224
-2.35179 -9.08359 249.18
-2.33957 -9.09106 249.242
-2.32667 -9.09938 249.357
-2.3203 -9.08908 249.235
-2.32128 -9.08758 249.275
-2.31038 -9.09005 249.275
-2.29666 -9.09311 249.399
-2.25747 -9.09223 249.374
-2.22568 -9.09317 249.397
-2.16459 -9.09517 249.464
-2.09668 -9.07818 248.961
-2.0477 -9.09303 249.841
-1.873 -9.13381 250.571
-1.70552 -9.10882 250.168
-1.63026 -9.06107 248.763
-1.60914 -9.07744 249.222
-1.57531 -9.08517 249.439
-1.54598 -9.08171 249.191
-1.53315 -9.08848 249.278
-1.53058 -9.08381 249.255
-1.52122 -9.07516 249.051
-1.5272 -9.07843 249.115
-1.52667 -9.08234 249.151
-1.52269 -9.07729 249.123
-1.52733 -9.08157 249.184
-1.53024 -9.08569 249.34
-1.51862 -9.085 249.278
-1.50791 -9.08659 249.32
-1.48007 -9.08962 249.219
-1.46194 -9.08588 249.359
-1.43646 -9.08603 249.49
-1.36589 -9.07495 248.879
-1.26744 -9.05759 248.673
-1.21901 -9.08993 249.221
-1.16545 -9.08209 249.308
-1.13403 -9.09974 249.776
-1.07759 -9.09807 249.7
-1.04628 -9.08727 249.261
-1.03637 -9.08402 249.346
-1.01943 -9.07312 249.152
-1.01353 -9.07431 249.269
-0.996132 -9.08914 249.454
-0.967791 -9.08771 249.383
-0.936235 -9.08426 249.214
-0.915722 -9.07163 248.949
-0.907839 -9.07698 249.177
-0.88748 -9.08705 249.484
-0.862118 -9.09329 249.747
-0.790941 -9.0704 248.869
-0.770844 -9.07809 249.018
-0.762596 -9.08806 249.302
-0.745523 -9.07707 249.145
-0.734215 -9.07121 249.159
-0.717911 -9.06797 248.973
-0.70562 -9.06404 248.787
-0.712463 -9.07801 249.196
-0.699171 -9.06584 248.939
-0.700027 -9.07095 249.02
-0.692015 -9.0731 248.898
-0.678665 -9.06646 248.89
-0.675508 -9.08119 249.335
-0.665224 -9.08047 249.352
-0.651157 -9.07447 249.156
-0.656361 -9.08064 249.214
-0.652834 -9.07921 249.109
-0.644464 -9.07422 248.927
-0.646624 -9.07323 248.976
-0.644188 -9.07448 248.971
-0.641911 -9.06632 248.917
-0.643204 -9.07502 249.007
-0.645668 -9.07389 249.076
-0.645014 -9.06784 249.095
-0.651274 -9.07761 249.22
-0.646254 -9.06909 249.047
-0.643574 -9.06958 248.982
-0.641182 -9.06451 248.925
-0.641155 -9.06491 248.924
-0.64426 -9.07586 249.105
-0.640503 -9.0776 249.085
-0.643856 -9.07697 249.084
-0.652065 -9.0843 249.259
-0.645205 -9.08311 249.173
-0.642977 -9.081 249.14
-0.642141 -9.073 249.033
-0.645388 -9.07256 249.071
-0.645792 -9.08148 249.223
-0.644073 -9.08186 249.127
-0.650223 -9.07693 249.205
-0.641623 -9.07377 249.021
-0.646532 -9.08037 249.149
-0.647028 -9.07584 249.044
-0.649616 -9.0707 249.053
-0.64798 -9.06871 249.045
-0.649611 -9.06973 249.028
-0.658747 -9.07906 249.248
-0.650257 -9.06853 249.066
-0.648176 -9.07602 249.158
-0.645533 -9.0768 249.063
-0.648853 -9.08335 249.059
-0.64621 -9.06286 248.846
-0.643967 -9.0731 248.887
-0.644587 -9.07116 248.861
-0.64566 -9.07568 248.983
-0.646273 -9.06635 248.865
-0.65024 -9.06833 248.926
-0.643543 -9.07211 248.909
-0.648621 -9.07845 249.075
-0.650475 -9.08131 249.133
-0.651051 -9.0809 249.063
-0.650198 -9.07456 249.05
-0.648367 -9.07708 248.972
-0.648878 -9.0754 249.037
-0.65663 -9.08534 249.214
-0.660107 -9.08313 249.13
-0.657085 -9.07137 249.039
-0.662924 -9.08289 249.212
-0.664114 -9.08271 249.185
-0.669922 -9.08392 249.261
-0.664536 -9.08611 249.149
-0.666559 -9.08891 249.24
-0.671148 -9.08004 249.201
-0.663042 -9.06914 248.984
-0.664742 -9.0737 248.975
-0.669838 -9.08677 249.034
-0.671354 -9.08359 249.091
-0.6717 -9.07675 248.922
-0.678898 -9.08652 249.09
-0.694231 -9.09621 249.303
-0.686541 -9.08577 249.185
-0.693031 -9.08283 249.165
-0.699745 -9.08755 249.383
-0.713039 -9.0949 249.485
-0.718531 -9.09612 249.465
-0.721289 -9.09961 249.525
-0.730995 -9.10065 249.626
-0.745049 -9.1086 249.819
-0.738665 -9.09763 249.492
-0.739241 -9.10464 249.598
-0.743807 -9.10014 249.691
-0.748617 -9.10369 249.848
-0.74692 -9.10355 249.711
-0.74312 -9.1045 249.717
-0.7439 -9.10745 249.791
-0.730791 -9.10763 249.648
-0.725695 -9.09902 249.491
-0.720177 -9.09363 249.534
-0.716473 -9.09617 249.652
-0.699606 -9.09052 249.312
-0.690147 -9.0863 249.221
-0.693636 -9.08986 249.351
-0.69981 -9.09459 249.561
-0.692219 -9.09172 249.448
-0.691622 -9.0882 249.468
-0.685772 -9.0955 249.275
-0.678909 -9.08633 249.221
-0.674622 -9.08964 249.177
-0.672384 -9.08418 249.17
-0.679087 -9.07976 249.299
-0.669273 -9.07915 249.209
-0.671661 -9.08722 249.243
-0.664738 -9.08285 249.117
-0.670744 -9.0865 249.324
-0.654802 -9.07915 249.058
-0.651253 -9.06593 248.847
-0.653229 -9.08015 248.951
-0.64784 -9.07909 248.921
-0.652895 -9.07112 249.031
-0.653482 -9.0842 249.154
-0.656511 -9.08724 249.155
-0.64459 -9.07145 248.842
-0.645235 -9.07256 248.857
-0.648335 -9.08632 249.229
-0.643639 -9.07354 248.947
-0.646095 -9.0791 249.001
-0.641199 -9.08146 248.922
-0.641924 -9.0711 248.981
-0.650255 -9.08558 249.264
-0.645258 -9.07489 249.151
-0.641117 -9.07766 249.172
-0.640011 -9.06873 248.951
-0.639334 -9.07247 249.011
-0.640085 -9.07764 249.053
-0.641262 -9.0856 249.087
-0.634293 -9.07696 248.89
-0.630663 -9.07616 248.825
-0.634705 -9.07613 248.909
-0.635363 -9.07436 248.88
-0.635935 -9.07728 248.936
-0.648275 -9.08686 249.251
-0.640923 -9.0851 249.137
-0.647396 -9.09039 249.254
-0.647947 -9.0766 249.115
-0.652975 -9.08228 249.167
-0.647596 -9.0822 249.194
-0.645241 -9.08504 249.116
-0.646704 -9.08031 249.12
-0.642572 -9.06952 248.876
-0.645531 -9.07369 248.909
-0.659542 -9.08326 249.196
-0.654215 -9.07783 249.093
-0.655014 -9.07833 249.084
-0.663692 -9.08362 249.253
-0.657248 -9.07947 249.068
-0.660301 -9.07512 249.045
-0.665497 -9.08197 249.214
-0.666052 -9.08074 249.195
-0.675854 -9.0838 249.191
-0.68059 -9.08087 249.236
-0.678751 -9.07232 249.068
-0.686783 -9.09556 249.408
-0.695494 -9.09935 249.416
-0.693323 -9.09605 249.355
-0.698509 -9.09363 249.421
-0.705492 -9.0846 249.498
-0.711887 -9.08608 249.587
-0.72016 -9.08542 249.492
-0.729532 -9.09764 249.701
-0.734516 -9.10819 249.814
-0.734779 -9.11568 249.717
-0.744625 -9.10501 249.802
-0.75243 -9.11916 250.006
-0.757349 -9.11282 250.085
-0.757782 -9.11006 250.057
-0.754774 -9.11415 249.918
-0.753071 -9.10727 249.739
-0.755848 -9.11425 249.909
-0.762392 -9.11837 250.029
-0.758274 -9.11125 250.003
-0.745348 -9.10275 249.796
-0.749327 -9.10691 249.931
-0.75351 -9.10545 250.067
-0.74877 -9.11557 250.096
-0.742201 -9.11183 250.041
-0.733633 -9.10305 249.793
-0.733047 -9.1032 249.767
-0.73447 -9.1031 249.785
-0.727365 -9.10328 249.842
-0.710512 -9.09715 249.377
-0.703392 -9.10306 249.342
-0.705139 -9.10002 249.483
-0.704021 -9.09799 249.491
-0.69713 -9.09499 249.446
-0.691769 -9.09594 249.442
-0.682871 -9.08693 249.338
-0.680056 -9.09176 249.415
-0.67256 -9.09611 249.316
-0.667934 -9.08738 249.189
-0.668726 -9.08901 249.295
-0.6656 -9.07955 249.286
-0.658632 -9.08302 249.202
-0.653069 -9.0858 249.115
-0.658489 -9.08752 249.271
-0.642334 -9.07697 248.972
-0.648363 -9.08619 249.137
-0.651722 -9.0908 249.205
-0.638008 -9.07971 248.95
-0.633574 -9.07885 248.906
-0.63699 -9.07738 249.114
-0.639622 -9.07505 249.186
-0.635284 -9.07868 249.053
-0.621729 -9.07056 248.816
-0.620323 -9.07327 248.828
-0.621258 -9.07191 248.819
-0.621473 -9.07459 248.863
-0.621502 -9.08071 248.914
-0.616987 -9.06672 248.836
-0.620602 -9.07559 249.048
-0.619823 -9.07456 248.879
-0.616375 -9.07649 248.849
-0.619135 -9.07328 248.917
-0.619871 -9.07617 249.002
-0.616968 -9.07474 248.866
-0.613264 -9.0743 248.839
-0.617538 -9.07355 248.936
-0.620195 -9.07167 248.971
-0.616592 -9.07262 248.894
-0.615999 -9.07119 248.88
-0.618593 -9.06761 248.816
-0.61953 -9.07423 248.867
-0.613865 -9.06941 248.848
-0.620739 -9.07298 248.903
-0.617645 -9.07016 248.781
-0.615059 -9.07317 248.844
-0.611746 -9.06842 248.826
-0.612375 -9.05821 248.729
-0.614811 -9.06493 248.856
-0.616947 -9.07254 248.936
-0.623198 -9.07899 249.074
-0.62466 -9.08343 249.069
-0.615082 -9.07317 248.955
-0.614544 -9.06586 248.84
-0.615887 -9.06576 248.934
-0.615135 -9.06683 248.862
-0.63765 -9.08746 249.282
-0.649076 -9.09573 249.515
-0.664368 -9.11373 249.828
-0.667871 -9.12027 249.92
-0.674938 -9.12265 250.101
-0.684118 -9.12236 250.252
-0.679178 -9.1252 250.224
-0.681938 -9.12543 250.315
-0.684397 -9.12695 250.376
-0.678789 -9.12234 250.182
-0.690407 -9.13264 250.628
-0.684683 -9.12297 250.232
-0.68821 -9.12894 250.367
-0.678282 -9.11876 250.203
-0.690458 -9.12821 250.444
-0.681831 -9.12644 250.211
-0.682274 -9.11814 250.182
-0.683424 -9.1235 250.193
-0.686132 -9.12952 250.36
-0.683599 -9.12393 250.27
-0.682045 -9.12242 250.202
-0.680269 -9.12391 250.171
-0.681807 -9.12872 250.254
-0.68339 -9.13367 250.369
-0.68922 -9.13278 250.441
-0.687574 -9.13048 250.464
-0.693016 -9.13406 250.448
-0.695274 -9.1338 250.485
-0.695349 -9.13786 250.628
-0.687817 -9.11984 250.343
-0.687853 -9.12391 250.351
-0.682083 -9.12762 250.28
-0.684048 -9.12599 250.368
-0.688318 -9.13015 250.446
-0.686913 -9.12946 250.351
-0.688601 -9.12923 250.325
-0.693636 -9.13514 250.46
-0.690935 -9.13724 250.437
-0.688477 -9.12871 250.406
-0.6875 -9.12411 250.403
-0.688475 -9.14269 250.475
-0.686707 -9.12998 250.223
-0.689415 -9.13008 250.335
-0.694355 -9.1326 250.591
-0.690981 -9.13424 250.537
-0.688826 -9.12961 250.392
-0.693613 -9.13342 250.488
-0.695951 -9.12991 250.501
-0.690676 -9.12234 250.403
-0.690092 -9.12453 250.375
-0.687674 -9.12477 250.3
-0.686335 -9.1258 250.339
-0.687321 -9.12347 250.288
-0.69031 -9.13019 250.342
-0.689684 -9.13263 250.479
-0.688877 -9.12408 250.343
-0.68927 -9.11646 250.303
-0.691589 -9.12366 250.402
-0.688311 -9.12224 250.311
-0.688135 -9.12575 250.316
-0.684174 -9.12595 250.257
-0.687004 -9.13061 250.351
-0.685757 -9.12913 250.341
-0.688997 -9.11838 250.42
-0.687988 -9.12695 250.433
-0.686621 -9.12549 250.364
-0.692495 -9.15801 250.945
-0.615072 -9.15158 251.062
-0.578009 -9.15405 251.19
-0.527704 -9.14061 251.131
-0.488588 -9.18153 252.156
-0.381102 -9.1642 251.399
-0.244179 -9.11976 250.424
-0.144915 -9.12803 250.505
-0.0889053 -9.17868 251.545
0.0421486 -9.11239 249.906
0.0784512 -9.13824 251.022
0.138668 -9.12614 250.616
0.168118 -9.1448 251.105
0.238461 -9.15108 251.141
0.316998 -9.11978 250.289
0.382517 -9.12393 250.393
0.415865 -9.14312 250.673
0.45689 -9.14745 251.027
0.489632 -9.13514 250.646
0.506828 -9.11973 250.47
0.533339 -9.10821 250.06
0.566601 -9.16314 251.461
0.734364 -9.16858 251.639
0.81216 -9.18004 251.906
1.01362 -9.17332 251.866
1.17803 -9.10744 249.954
1.25735 -9.09917 249.754
1.3898 -9.15848 251.546
1.48837 -9.12544 250.764
1.54992 -9.10827 249.989
1.57641 -9.09714 249.734
1.59552 -9.09623 249.827
1.62551 -9.10209 249.888
1.65228 -9.0844 249.541
1.66837 -9.08617 249.503
1.67705 -9.09208 249.6
1.70311 -9.09148 249.755
1.72808 -9.09029 249.876
1.80125 -9.10447 250.045
1.86328 -9.06911 249.228
1.89793 -9.09211 249.859
1.95427 -9.0816 249.59
1.97829 -9.09588 249.662
2.03981 -9.06269 248.983
2.09881 -9.09967 249.825
2.16691 -9.05703 249.021
2.22009 -9.08048 249.817
2.31189 -9.09392 249.94
2.36178 -9.10242 249.977
2.44718 -9.09533 249.977
2.47962 -9.1101 250.085
2.56886 -9.08185 249.695
2.61503 -9.08842 249.863
2.65336 -9.09351 249.922
2.66885 -9.08178 249.556
2.67461 -9.08376 249.555
2.71177 -9.09169 249.874
2.7991 -9.10171 250.051
2.86836 -9.05166 248.837
2.97476 -9.10147 250.26
3.14683 -9.12613 250.971
3.24559 -9.09996 250.379
3.3106 -9.10853 250.261
3.47443 -9.11025 250.527
3.63389 -9.07424 249.439
3.69793 -9.07078 249.547
3.71772 -9.06914 249.174
3.72357 -9.07306 249.202
3.7497 -9.07176 249.297
3.7821 -9.081 249.564
3.83557 -9.09028 249.626
3.90263 -9.08379 249.725
3.94432 -9.07957 249.543
4.00461 -9.08321 249.634
4.04698 -9.07763 249.659
4.12724 -9.05134 249.135
4.2065 -9.07929 249.709
4.28923 -9.07767 249.518
4.33386 -9.09162 250.166
4.3931 -9.11543 250.619
4.47318 -9.06342 249.595
4.60417 -9.08355 249.985
4.70689 -9.06333 249.742
4.81104 -9.09076 250.119
4.92085 -9.08231 250.084
5.01506 -9.03874 248.933
5.08459 -9.04023 248.479
5.19297 -9.07681 249.932
5.3297 -9.09593 250.34
5.48028 -9.0974 250.501
5.53715 -9.08458 250.208
5.63537 -9.07065 249.905
5.68488 -9.06219 249.666
5.75731 -9.07927 250.027
5.80479 -9.06686 249.732
5.82429 -9.0579 249.444
5.84833 -9.07798 249.595
5.91168 -9.03596 248.842
5.96752 -9.05417 249.553
6.06319 -9.05462 249.79
6.10699 -9.04262 249.071
6.14859 -9.04862 249.198
6.18456 -9.05747 249.462
6.24096 -9.06742 249.723
6.27529 -9.04855 249.466
6.30911 -9.04123 248.996
6.34838 -9.0409 249.107
6.38498 -9.03749 249.123
6.41304 -9.0594 249.621
6.43192 -9.05927 249.376
6.45846 -9.05854 249.405
6.48843 -9.05286 249.359
6.50665 -9.06473 249.662
6.52824 -9.04539 249.48
6.56753 -9.05502 249.617
6.60713 -9.06802 249.617
6.66702 -9.03239 249.015
6.74132 -9.06559 250.022
6.83445 -9.05392 249.576
6.89265 -9.04403 249.246
6.92141 -9.04721 249.331
6.93772 -9.0393 249.173
6.95003 -9.0344 249.233
6.96768 -9.03633 249.061
6.99556 -9.07824 249.71
7.08318 -9.06101 249.763
7.10726 -9.06348 249.38
7.13694 -9.04564 249.203
7.14768 -9.03985 249.023
7.15644 -9.04231 249.217
7.16921 -9.04483 249.182
7.18465 -9.05874 249.544
7.19909 -9.05562 249.547
7.2202 -9.05713 249.393
7.24552 -9.05796 249.578
7.28016 -9.0385 249.368
7.31198 -9.03754 249.294
7.32613 -9.04114 249.211
7.33595 -9.04605 249.262
7.34594 -9.04683 249.192
7.35629 -9.03145 248.998
7.35996 -9.03099 249.01
7.36497 -9.03743 249.239
7.38309 -9.0485 249.497
7.39652 -9.04152 249.322
7.41096 -9.04897 249.403
7.42636 -9.04059 249.337
7.45511 -9.0591 249.551
7.48585 -9.04894 249.394
7.5228 -9.05161 249.484
7.53186 -9.04264 249.337
7.53808 -9.04323 249.165
7.54126 -9.03989 249.193
7.54048 -9.04124 249.339
7.5423 -9.0439 249.263
7.54205 -9.03952 249.257
7.54386 -9.03729 249.292
7.54968 -9.03858 249.175
7.59425 -9.05654 249.69
7.63354 -9.0381 249.207
7.65814 -9.04337 249.428
7.69524 -9.05175 249.721
7.73898 -9.0221 248.809
7.75546 -9.03508 249.213
7.76838 -9.03295 249.135
7.7886 -9.02665 248.965
7.81238 -9.0224 248.999
7.84203 -9.02549 249.024
7.86015 -9.03634 249.293
7.89004 -9.04243 249.529
8.0149 -9.05295 249.777
8.05755 -9.01275 248.7
8.08303 -9.0101 248.745
8.10903 -9.03227 249.198
8.12614 -9.03895 249.404
8.12772 -9.03102 249.134
8.13291 -9.03468 249.316
8.13375 -9.04445 249.504
8.12795 -9.04187 249.549
8.12615 -9.03325 249.467
8.12987 -9.03598 249.345
8.1272 -9.02575 249.238
8.12513 -9.03076 249.283
8.12675 -9.03576 249.504
8.12615 -9.0292 249.141
8.12539 -9.03651 249.312
8.12667 -9.03397 249.341
8.1265 -9.03814 249.453
8.12467 -9.03444 249.346
8.12663 -9.03619 249.389
8.12886 -9.03279 249.315
8.12633 -9.0385 249.276
8.12476 -9.03698 249.254
8.12564 -9.03335 249.312
8.12719 -9.03865 249.475
8.12747 -9.03802 249.242
8.12826 -9.03728 249.187
8.12812 -9.034 249.243
8.13056 -9.03861 249.415
8.12893 -9.0365 249.303
8.12788 -9.03332 249.244
8.12875 -9.03059 249.271
8.13042 -9.03325 249.356
8.12984 -9.03702 249.403
8.13318 -9.02437 249.143
8.13057 -9.03767 249.258
8.12506 -9.03197 249.454
8.12789 -9.03064 249.235
8.12885 -9.03835 249.415
8.13157 -9.03823 249.352
8.12861 -9.03391 249.327
8.12578 -9.03245 249.334
8.13309 -9.03195 249.247
8.12946 -9.03585 249.155
8.12639 -9.02902 249.205
8.12941 -9.03033 249.283
8.12881 -9.03273 249.228
8.12815 -9.03661 249.249
8.12932 -9.04049 249.335
8.12593 -9.03649 249.195
8.12485 -9.0342 249.306
8.12887 -9.04442 249.446
8.12161 -9.04006 249.294
8.1255 -9.04317 249.397
8.12778 -9.04375 249.367
8.12771 -9.03328 249.203
8.12643 -9.03253 249.265
8.12961 -9.04262 249.344
8.12815 -9.03642 249.194
8.13265 -9.03487 249.264
8.13263 -9.03807 249.407
8.13166 -9.03844 249.264
8.13147 -9.03626 249.277
8.12539 -9.03213 249.19
8.12389 -9.03292 249.166
8.12481 -9.03763 249.243
8.1242 -9.03736 249.238
8.12529 -9.03607 249.296
8.12447 -9.04671 249.524
8.1257 -9.05359 249.545
8.12856 -9.04889 249.479
8.13077 -9.03966 249.295
8.12858 -9.0469 249.439
8.12346 -9.03897 249.334
8.12434 -9.04079 249.407
8.12249 -9.03998 249.43
8.12544 -9.04455 249.34
8.12369 -9.04728 249.332
8.12812 -9.04647 249.452
8.12858 -9.04063 249.427
8.1259 -9.03973 249.379
8.12589 -9.04413 249.532
8.12299 -9.03323 249.255
8.12213 -9.03225 249.25
8.12647 -9.03519 249.212
8.12956 -9.04523 249.365
8.12688 -9.04836 249.56
8.1268 -9.04851 249.482
8.12373 -9.04795 249.465
8.1192 -9.03366 249.302
8.12669 -9.03578 249.318
8.12835 -9.03421 249.282
8.12981 -9.0401 249.357
8.12962 -9.04491 249.377
8.12718 -9.04089 249.187
8.12561 -9.0445 249.299
8.12472 -9.03878 249.28
8.128 -9.03308 249.353
8.12825 -9.03879 249.414
8.12607 -9.04156 249.46
8.12484 -9.05106 249.551
8.12677 -9.04305 249.377
8.12822 -9.03839 249.448
8.13202 -9.03738 249.371
8.1249 -9.03743 249.416
8.12143 -9.03919 249.286
8.12448 -9.03977 249.299
8.12518 -9.04344 249.374
8.12567 -9.04351 249.297
8.12067 -9.04966 249.411
8.12619 -9.04362 249.328
8.12575 -9.0405 249.25
8.12646 -9.03219 249.219
8.12677 -9.03793 249.419
8.12743 -9.04107 249.397
8.12769 -9.04787 249.43
8.12896 -9.0489 249.502
8.13059 -9.05362 249.547
8.12601 -9.04957 249.531
8.12751 -9.05037 249.461
8.1282 -9.04901 249.437
8.12623 -9.04578 249.435
8.12753 -9.04663 249.419
8.12677 -9.04593 249.441
8.12525 -9.04095 249.353
8.12597 -9.04431 249.448
8.1285 -9.04806 249.527
8.12551 -9.04361 249.428
8.12501 -9.05005 249.578
8.12342 -9.04999 249.552
8.12055 -9.04475 249.465
8.12223 -9.0404 249.308
8.12751 -9.04256 249.389
8.12461 -9.03763 249.3
8.12721 -9.04197 249.367
8.12733 -9.04196 249.49
8.12582 -9.04292 249.497
8.11996 -9.04157 249.354
8.11942 -9.04107 249.398
8.1163 -9.03495 249.327
8.11969 -9.04285 249.434
8.12016 -9.03886 249.381
8.11937 -9.03429 249.362
8.12187 -9.03972 249.369
8.12376 -9.03761 249.296
8.12427 -9.04782 249.35
8.12496 -9.05087 249.446
8.12544 -9.04554 249.532
8.12294 -9.05778 249.678
8.11759 -9.04738 249.549
8.11803 -9.04401 249.512
8.11994 -9.04495 249.406
8.1237 -9.04641 249.544
8.12214 -9.04345 249.47
8.11966 -9.04532 249.348
8.12164 -9.05567 249.528
8.12187 -9.04909 249.415
8.12218 -9.04544 249.371
8.12227 -9.04633 249.344
8.12137 -9.04985 249.393
8.12023 -9.04275 249.383
8.12132 -9.03753 249.292
8.12175 -9.04081 249.407
8.1185 -9.04386 249.589
8.11919 -9.04049 249.56
8.11821 -9.03913 249.4
8.12179 -9.04076 249.301
8.1223 -9.04143 249.264
8.12099 -9.04322 249.348
8.12047 -9.03461 249.278
8.1234 -9.04303 249.497
8.12277 -9.03921 249.482
8.12165 -9.03702 249.497
8.12613 -9.03661 249.483
8.12396 -9.04293 249.444
8.12424 -9.05775 249.763
8.12308 -9.05164 249.652
8.12037 -9.04359 249.439
8.12318 -9.04808 249.48
8.12204 -9.04596 249.46
8.11948 -9.04134 249.414
8.12038 -9.04171 249.259
8.11901 -9.03464 249.097
8.12032 -9.03633 249.231
8.11836 -9.0366 249.241
8.11873 -9.04018 249.326
8.12265 -9.04 249.309
8.12577 -9.04309 249.186
8.1226 -9.05436 249.518
8.12213 -9.03843 249.181
8.1289 -9.04066 249.351
8.12699 -9.04774 249.512
8.12388 -9.04615 249.453
8.1225 -9.04455 249.447
8.12235 -9.04042 249.392
8.12736 -9.03875 249.483
8.12732 -9.04019 249.316
8.124 -9.02829 248.981
8.12081 -9.03866 249.352
8.11696 -9.0308 249.216
8.12132 -9.02978 249.223
8.12565 -9.03485 249.437
8.12303 -9.03436 249.386
8.122 -9.03799 249.372
8.12338 -9.0432 249.431
8.12041 -9.05287 249.592
8.12076 -9.05038 249.577
8.11773 -9.04596 249.437
8.12058 -9.05121 249.549
8.12042 -9.05251 249.646
8.12289 -9.04124 249.498
8.12054 -9.03728 249.366
8.12336 -9.04035 249.408
8.12402 -9.04409 249.447
8.12503 -9.05075 249.438
8.12687 -9.04872 249.453
8.12465 -9.05464 249.573
8.12168 -9.04105 249.408
8.12737 -9.04495 249.601
8.12489 -9.0526 249.746
8.12114 -9.04437 249.51
8.1198 -9.04141 249.319
8.12267 -9.04814 249.473
8.12653 -9.04956 249.441
8.12299 -9.05383 249.527
8.11938 -9.06107 249.667
8.11766 -9.04862 249.602
8.12723 -9.04403 249.536
8.1264 -9.05295 249.497
8.12179 -9.0399 249.433
8.12159 -9.03307 249.363
8.11716 -9.0325 249.411
8.12086 -9.04303 249.574
8.11971 -9.05265 249.601
8.1163 -9.03571 249.232
8.12071 -9.04432 249.351
8.11992 -9.0431 249.366
8.12166 -9.03987 249.314
8.1231 -9.05208 249.544
8.12201 -9.04216 249.481
8.11948 -9.03804 249.491
8.12043 -9.0439 249.464
8.12022 -9.04621 249.384
8.11964 -9.05027 249.375
8.1196 -9.05254 249.519
8.12149 -9.03647 249.394
8.12344 -9.0415 249.296
8.12255 -9.04775 249.57
8.123 -9.04162 249.523
8.11885 -9.0382 249.457
8.12073 -9.03945 249.477
8.12495 -9.04331 249.483
8.12354 -9.04343 249.444
8.11983 -9.04393 249.357
8.11985 -9.0498 249.511
8.12142 -9.0465 249.426
8.11798 -9.04561 249.48
8.11823 -9.04511 249.485
8.12197 -9.04848 249.535
8.12273 -9.04161 249.536
8.12211 -9.04413 249.477
8.11621 -9.0476 249.622
8.12054 -9.04935 249.629
8.12035 -9.04387 249.672
8.11998 -9.04971 249.624
8.1229 -9.05896 249.716
8.13577 -9.05215 249.686
8.15059 -9.04669 249.713
8.1914 -9.04915 249.598
8.23516 -9.05049 249.347
8.24464 -9.03869 249.315
8.25513 -9.03669 249.342
8.27184 -9.03665 249.277
8.29078 -9.03688 249.229
8.31473 -9.05438 249.556
8.3357 -9.07017 249.753
8.37479 -9.07146 250.051
8.42671 -9.0558 249.834
8.44828 -9.05448 249.826
8.47189 -9.05613 249.765
8.48782 -9.04112 249.49
8.5034 -9.04034 249.531
8.51364 -9.04491 249.48
8.53658 -9.05517 249.457
8.57965 -9.03638 249.171
8.64157 -9.05963 249.872
8.66187 -9.05262 249.517
8.68774 -9.04146 249.206
8.71605 -9.06691 249.682
8.74245 -9.0272 249.058
8.76579 -9.03329 249.17
8.78815 -9.04981 249.459
8.79777 -9.05037 249.402
8.81568 -9.04706 249.609
8.85065 -9.04913 249.534
8.89383 -9.04425 249.265
8.93498 -9.04467 249.448
8.94887 -9.02825 249.127
8.96624 -9.03416 249.244
8.98936 -9.03801 249.102
9.03955 -9.04426 249.494
9.08485 -9.02713 248.946
9.11643 -9.04741 249.388
9.14824 -9.05465 249.696
9.21906 -9.06594 250.006
9.28948 -9.0599 250.117
9.34531 -9.0623 250.453
9.43521 -9.06443 249.801
9.50349 -9.04566 249.551
9.53258 -9.04292 249.551
9.5568 -9.0548 249.786
9.57879 -9.04002 249.44
9.61442 -9.03761 249.241
9.67671 -9.05947 249.888
9.75575 -9.04804 249.539
9.7982 -9.05626 249.714
9.83006 -9.05787 249.644
9.945 -9.06621 250.074
9.98312 -9.04755 249.864
10.0752 -9.05688 249.815
10.0985 -9.04604 249.527
10.1323 -9.04842 249.422
10.1554 -9.03884 249.248
10.1742 -9.03741 249.258
10.1907 -9.05523 249.71
10.2139 -9.01946 249.144
10.2838 -9.04141 249.675
10.3517 -9.04164 249.797
10.4082 -9.04424 249.72
10.4445 -9.04542 249.727
10.489 -9.03416 249.327
10.5706 -9.04432 249.621
10.6018 -9.04355 249.633
10.6455 -9.01682 248.985
10.7258 -9.05027 249.846
10.7947 -9.04701 249.584
10.8443 -9.04547 249.694
10.9055 -9.04505 249.768
10.9539 -9.02824 249.383
10.9927 -9.04089 249.611
11.0485 -9.03319 249.888
11.1087 -9.0628 250.354
11.1655 -9.04919 250.001
11.2708 -9.06291 250.066
11.3085 -8.99202 248.594
11.3474 -9.0182 249.133
11.3503 -9.01172 248.86
11.3582 -9.00694 248.826
11.3745 -9.02406 249.335
11.4083 -9.03478 249.531
11.4946 -9.0403 250.083
11.5266 -9.03284 249.76
11.5515 -9.00195 248.819
11.5988 -9.00306 248.861
11.7073 -9.01446 249.066
11.8164 -8.99652 248.892
11.9649 -9.04221 250.168
12.0166 -9.00214 248.701
12.198 -9.08911 250.884
12.265 -9.00692 248.804
12.428 -9.06754 250.125
12.4674 -8.99801 249.049
12.5142 -9.01479 249.441
12.5347 -9.00065 248.83
12.5823 -9.02575 249.456
12.6469 -9.00835 249.056
12.7286 -9.03353 249.704
12.753 -9.00884 249.1
12.785 -9.01585 249.219
12.8218 -9.02745 249.436
12.8697 -9.02987 249.453
12.9584 -9.02279 249.502
12.9844 -9.02617 249.304
13.0148 -9.00787 248.845
13.0701 -9.01853 249.311
13.0974 -9.01098 249.368
13.133 -9.01205 249.355
13.1936 -9.03345 249.659
13.2699 -9.04971 250.063
13.3057 -9.02217 249.38
13.3065 -9.01371 249.113
13.3105 -9.01854 249.084
13.3291 -9.0207 249.363
13.3634 -9.02469 249.588
13.4041 -9.01943 249.417
13.4559 -9.02128 249.643
13.4778 -9.01425 249.579
13.4998 -8.99371 248.738
13.624 -9.04321 250.451
13.7011 -9.02543 249.823
13.7909 -9.03757 250.193
13.8141 -9.02843 249.593
13.8649 -9.00779 249.317
13.9517 -9.01708 249.53
14.0509 -9.02109 249.788
14.1035 -9.02609 249.655
14.1122 -9.00398 249.304
14.126 -8.9971 248.979
14.1539 -8.9991 249.095
14.1779 -9.00484 249.121
14.2119 -9.01021 249.392
14.2236 -9.00528 249.343
14.2512 -9.00356 249.239
14.2915 -9.01048 249.413
14.3214 -8.9888 248.804
14.3581 -9.00804 249.203
14.3687 -9.01039 249.242
14.3857 -9.01515 249.463
14.428 -9.01699 249.76
14.5094 -9.02956 249.949
14.5365 -9.01248 249.324
14.5516 -9.00543 249.273
14.5516 -9.00658 249.219
14.5591 -9.01443 249.354
14.5847 -9.01244 249.464
14.5943 -9.00442 249.209
14.6218 -9.0006 249.188
14.6497 -8.99902 249.173
14.6542 -8.99836 249.165
14.6542 -8.99283 248.884
14.6648 -8.99859 248.964
14.6765 -9.00531 249.095
14.6988 -9.00717 249.226
14.7177 -9.01135 249.175
14.7391 -9.0151 249.521
14.8124 -9.02531 249.872
14.8636 -9.00707 249.348
14.8822 -8.99111 248.759
14.9394 -9.01071 249.239
14.9816 -9.01793 249.401
14.9809 -9.00725 249.397
14.9765 -8.99946 249.116
14.9874 -9.00846 249.381
14.9913 -9.00318 249.257
15.0188 -9.0141 249.44
15.0417 -9.00847 249.354
15.0618 -9.00847 249.362
15.0998 -9.00892 249.536
15.1206 -9.00437 249.453
15.1354 -8.99874 249.26
15.1665 -9.00705 249.475
15.1999 -8.99984 249.278
15.212 -8.99423 249.007
15.2241 -8.99693 248.995
15.2317 -8.99943 249.053
15.2396 -9.00215 249.212
15.2537 -9.00234 249.355
15.2535 -8.99309 249.167
15.2509 -9.00317 249.138
15.247 -9.00912 249.218
15.2542 -9.01206 249.361
15.2488 -9.00798 249.1
15.2484 -9.0012 249.191
15.2528 -8.99757 249.33
15.2523 -9.00403 249.335
15.2537 -9.01629 249.355
15.2553 -9.01559 249.375
15.2562 -9.00982 249.349
15.2566 -9.00836 249.338
15.2538 -9.00089 249.183
15.269 -9.00918 249.295
15.3035 -8.98718 249.014
15.3457 -9.00171 249.191
15.391 -9.00566 249.3
15.3904 -8.99259 249.037
15.4183 -9.00153 249.196
15.4408 -8.99869 249.211
15.4644 -9.00884 249.531
15.4766 -9.00409 249.543
15.4855 -9.00483 249.542
15.4888 -8.99676 249.271
15.4965 -8.99746 249.14
15.5105 -8.99921 249.263
15.5195 -8.99956 249.293
15.5134 -9.00481 249.185
15.5162 -8.99564 249.227
15.5186 -8.99474 249.269
15.5132 -8.99364 249.207
15.5214 -9.00601 249.444
15.5201 -8.99646 249.427
15.5156 -8.99665 249.355
15.5149 -9.00273 249.393
15.5096 -9.00179 249.273
15.5113 -8.99771 249.107
15.5174 -8.99928 249.232
15.5147 -9.00505 249.234
15.5234 -9.00601 249.42
15.5609 -9.00962 249.542
15.5759 -9.00344 249.375
15.6066 -9.00383 249.412
15.6315 -9.01772 249.562
15.6421 -9.0123 249.237
15.6823 -9.01925 249.401
15.6906 -9.01244 249.203
15.6972 -9.02352 249.124
15.7072 -9.03342 249.128
15.7102 -9.03186 249.183
15.7201 -9.03533 249.427
15.7414 -9.04281 249.499
15.7598 -9.04764 249.413
15.7594 -9.0356 249.112
15.756 -9.0276 248.887
15.7705 -9.03301 249.244
15.7805 -9.03422 249.433
15.789 -9.02121 249.047
15.8271 -9.02538 249.149
15.8628 -9.02852 249.357
15.8952 -9.02508 249.414
15.9124 -8.9983 248.956
15.945 -8.99656 248.983
15.9647 -9.00685 249.289
15.968 -9.00464 249.33
15.9746 -9.01085 249.338
15.9771 -8.99825 248.907
16.0117 -8.99268 249.132
16.0802 -9.01058 249.445
16.086 -8.99398 249.253
16.092 -8.99076 249.154
16.1156 -8.99684 249.257
16.1437 -8.9994 249.203
16.1486 -8.99376 249.104
16.1679 -9.00709 249.334
16.1752 -9.00715 249.415
16.1758 -8.99767 249.229
16.1875 -8.99889 249.136
16.2164 -9.0168 249.648
16.2137 -9.01325 249.498
16.2054 -9.0035 249.281
16.2094 -9.01049 249.299
16.2154 -9.01493 249.405
16.2511 -9.01411 249.583
16.2606 -9.00392 249.395
16.2762 -9.00892 249.527
16.2989 -9.00051 249.261
16.3387 -9.00144 249.468
16.369 -8.99777 249.34
16.3798 -9.00171 249.31
16.3916 -9.00004 249.196
16.4403 -9.01187 249.492
16.4658 -9.01128 249.454
16.4858 -9.01174 249.492
16.5065 -9.00385 249.396
16.5037 -8.99882 249.162
16.4976 -8.98878 248.857
16.5025 -8.9911 248.895
16.5101 -8.98658 248.996
16.5588 -9.00055 249.412
16.5558 -8.99743 249.076
16.5638 -9.0056 249.165
16.5811 -9.00554 249.507
16.5825 -9.00245 249.347
16.5834 -9.01106 249.252
16.5846 -9.01142 249.304
16.58 -9.00811 249.246
16.5898 -9.00649 249.331
16.5855 -8.99327 249.215
16.5834 -8.98688 249.15
16.5913 -8.99717 249.298
16.5993 -8.99077 249.089
16.6138 -8.9917 249.211
16.616 -8.99319 249.149
16.628 -9.00072 249.368
16.6584 -9.01089 249.624
16.678 -9.01113 249.656
16.6942 -8.99313 249.162
16.7552 -8.99441 249.197
16.7801 -8.99397 249.062
16.8318 -9.00941 249.417
16.8538 -9.00629 249.51
16.8763 -9.01064 249.535
16.9308 -9.01047 249.665
16.9752 -8.99831 249.432
17.0071 -9.00031 249.521
17.0529 -9.00479 249.567
17.0772 -9.00241 249.456
17.1082 -8.98785 249.198
17.1092 -8.98876 249.091
17.1084 -8.98806 248.846
17.114 -8.99641 248.943
17.1202 -8.99809 249.076
17.1128 -8.99591 249.031
17.1056 -8.985 248.825
17.1171 -8.98845 248.985
17.1171 -8.99338 248.92
17.1228 -8.99569 249.119
17.1171 -8.98744 248.99
17.1219 -8.99373 249.103
17.125 -9.00169 249.128
17.1224 -8.99301 249.029
17.1176 -8.99403 248.997
17.12 -8.99448 249.052
17.1134 -8.99334 248.948
17.1153 -8.99463 248.942
17.1152 -8.99999 248.911
17.1251 -9.00285 249.056
17.1145 -8.99775 248.916
17.1144 -9.00117 248.971
17.1128 -9.00751 248.986
17.1109 -8.99646 248.865
17.1089 -8.99243 248.864
17.1186 -8.99601 249.048
17.1192 -8.99696 249.041
17.1192 -8.99495 249.015
17.1187 -8.99146 249.012
17.1187 -8.98926 248.971
17.1166 -8.99437 249.047
17.1175 -8.99646 249.011
17.1147 -9.00116 248.932
17.1117 -8.99115 248.949
17.1124 -8.99293 248.995
17.1071 -8.98698 248.977
17.111 -8.9874 249.072
17.1104 -8.99436 249.002
17.1057 -8.99263 248.839
17.1072 -8.99256 248.951
17.1103 -8.99506 248.958
17.1084 -8.99533 248.883
17.1196 -8.99764 249.042
17.1125 -8.99271 249.006
17.1081 -8.98949 249.01
17.1084 -8.98539 248.94
17.1184 -8.99014 249.091
17.1137 -8.99633 249.049
17.099 -8.98352 248.807
17.1185 -9.00462 249.258
17.1241 -9.00799 249.316
17.1231 -9.00742 249.377
17.1152 -8.99741 249.241
17.1169 -9.00045 249.298
17.1162 -8.99217 249.174
17.116 -8.99615 249.246
17.1109 -8.99743 249.24
17.1183 -9.0042 249.358
17.1188 -9.00517 249.365
17.1118 -9.0018 249.305
17.112 -9.00414 249.249
17.1199 -9.00723 249.495
17.1203 -9.0085 249.592
17.1136 -9.01092 249.503
17.1028 -9.01039 249.426
17.1042 -9.00993 249.49
17.0958 -8.99698 249.34
17.1039 -9.00701 249.543
17.0974 -9.01832 249.56
17.0932 -9.01343 249.529
17.095 -9.01218 249.657
17.085 -9.00535 249.496
17.0773 -9.00645 249.43
17.076 -9.01032 249.575
17.0737 -9.022 249.759
17.0715 -9.0319 250.002
17.0669 -9.02886 249.961
17.0191 -8.96353 247.822
17.0085 -8.9571 247.545
17.0011 -8.94021 247.328
16.9956 -8.93345 247.21
17.1055 -8.97964 248.652
17.1212 -8.99531 248.928
17.1279 -8.99395 248.907
17.1328 -9.00017 248.893
17.1376 -8.99474 248.855
17.1458 -8.99718 248.942
17.1461 -8.98962 248.719
17.1414 -8.9904 248.628
17.1428 -8.98893 248.662
17.1488 -8.99766 248.782
17.1479 -8.98364 248.636
17.1469 -8.97594 248.51
17.1507 -8.98806 248.63
17.1498 -8.98966 248.571
17.1555 -8.98319 248.57
17.1559 -8.97536 248.524
17.1602 -8.97784 248.611
17.1636 -8.98511 248.718
17.1476 -8.97508 248.449
17.1513 -8.99065 248.549
17.1561 -8.9816 248.585
17.1517 -8.98597 248.651
17.1543 -8.98265 248.588
17.1516 -8.97954 248.525
17.1554 -8.97765 248.617
17.1486 -8.97113 248.603
17.1529 -8.97445 248.622
17.1509 -8.97322 248.568
17.1537 -8.97889 248.596
17.1515 -8.97616 248.532
17.1493 -8.97625 248.523
17.1518 -8.98355 248.531
17.1491 -8.98234 248.544
17.1539 -8.99222 248.719
17.1572 -8.98923 248.613
17.1581 -8.98257 248.595
17.1644 -8.99166 248.734
17.1583 -8.98916 248.604
17.1589 -8.97986 248.591
17.1577 -8.98642 248.657
17.1535 -8.98355 248.52
17.153 -8.97856 248.513
17.1533 -8.98109 248.504
17.1405 -8.97297 248.298
17.1451 -8.97057 248.37
17.1474 -8.98006 248.368
17.147 -8.97554 248.419
17.1461 -8.97692 248.451
17.1486 -8.97476 248.4
17.1473 -8.96926 248.371
17.1472 -8.96237 248.309
17.1454 -8.97046 248.344
17.152 -8.97932 248.482
17.1601 -8.98445 248.619
17.1595 -8.98248 248.517
17.1593 -8.97951 248.623
17.1603 -8.97695 248.527
17.1644 -8.98151 248.689
17.1583 -8.98071 248.654
17.1583 -8.97597 248.419
17.1527 -8.9735 248.352
17.1562 -8.97629 248.4
17.1577 -8.97206 248.386
17.1556 -8.9754 248.307
17.1447 -8.97033 248.184
17.1526 -8.9777 248.439
17.1524 -8.97436 248.367
17.15 -8.96746 248.291
17.1558 -8.97438 248.52
17.1523 -8.97076 248.411
17.1528 -8.97539 248.411
17.1556 -8.97775 248.426
17.1635 -8.98005 248.504
17.1603 -8.98557 248.634
17.1611 -8.97471 248.549
17.1666 -8.97978 248.635
17.1601 -8.98259 248.511
17.1639 -8.9809 248.613
17.1652 -8.97873 248.587
17.1545 -8.97717 248.461
17.1531 -8.97587 248.435
17.1579 -8.98342 248.662
17.1615 -8.99128 248.836
17.155 -8.98534 248.766
17.1508 -8.98217 248.682
17.143 -8.98037 248.621
17.1425 -8.98124 248.682
17.1404 -8.99237 248.758
17.1343 -8.98411 248.732
17.1237 -8.98023 248.584
17.1313 -8.98989 248.807
17.1282 -8.99483 248.919
17.1247 -8.99663 248.84
17.1238 -8.9935 248.889
17.1122 -8.98951 248.845
17.1109 -8.99535 249.088
17.106 -8.99381 249.008
17.1176 -9.00854 249.348
17.1097 -9.00955 249.362
17.0989 -9.00736 249.408
17.093 -8.99884 249.169
17.095 -9.00387 249.391
17.084 -9.00642 249.353
17.0961 -9.02388 249.675
17.0849 -9.0177 249.486
17.0752 -9.01199 249.278
17.0737 -9.0105 249.295
17.0763 -9.01895 249.562
17.0871 -9.01924 249.836
17.075 -9.00635 249.512
17.0728 -9.01376 249.467
17.0716 -9.02358 249.497
17.0803 -9.02637 249.731
17.0861 -9.02946 249.853
17.0858 -9.0197 249.686
17.088 -9.02168 249.769
17.0946 -9.02182 249.596
17.0967 -9.01538 249.31
17.0981 -9.00948 249.354
17.0964 -9.00985 249.216
17.1016 -9.0083 249.175
17.1074 -9.01171 249.337
17.1105 -9.00695 249.382
17.1081 -9.00869 249.187
17.1146 -9.00623 249.157
17.1129 -8.99702 249.062
17.1225 -8.99748 249.118
17.1187 -8.99334 248.985
17.1139 -8.99407 248.827
17.1114 -8.99597 248.728
17.1125 -8.98933 248.663
17.1238 -8.99252 248.881
17.1278 -8.99161 248.913
17.1325 -8.9893 248.958
17.1308 -8.99171 248.742
17.1275 -8.98824 248.654
17.1296 -8.99251 248.584
17.1305 -8.98281 248.541
17.1318 -8.98612 248.64
17.1308 -8.9847 248.463
17.1425 -8.98945 248.75
17.145 -8.98288 248.825
17.1514 -8.99344 249.005
17.1344 -8.98642 248.567
17.1394 -8.99051 248.688
17.1351 -8.98426 248.489
17.1376 -8.98468 248.549
17.1274 -8.97703 248.367
17.1427 -8.98925 248.651
17.1469 -8.99157 248.728
17.1454 -8.98487 248.622
17.1393 -8.9829 248.558
17.1449 -8.98861 248.668
17.1378 -8.97948 248.469
17.142 -8.98388 248.453
17.1462 -8.99169 248.544
17.1414 -8.98976 248.528
17.1368 -8.98286 248.47
17.1455 -8.99634 248.639
17.1539 -8.998 248.758
17.1514 -8.98771 248.616
17.1479 -8.97614 248.473
17.1493 -8.97856 248.478
17.1435 -8.97544 248.406
17.1459 -8.97588 248.406
17.1515 -8.99761 248.605
17.1485 -8.98977 248.517
17.1514 -8.99414 248.617
17.1482 -8.98478 248.512
17.1475 -8.97457 248.444
17.1592 -8.98566 248.598
17.1576 -8.98388 248.596
17.1534 -8.98619 248.565
17.15 -8.98102 248.445
17.1476 -8.9747 248.421
17.1504 -8.97124 248.436
17.152 -8.97341 248.529
17.1495 -8.97024 248.465
17.1504 -8.97367 248.509
17.1548 -8.97446 248.564
17.1628 -8.98261 248.659
17.1647 -8.98052 248.623
17.1564 -8.97647 248.459
17.1601 -8.97773 248.524
17.1632 -8.97843 248.658
17.1605 -8.98759 248.58
17.1604 -8.98948 248.53
17.1538 -8.98242 248.447
17.1608 -8.98054 248.564
17.1629 -8.97935 248.562
17.162 -8.98044 248.52
17.1626 -8.98604 248.566
17.1585 -8.98191 248.508
17.1537 -8.97705 248.436
17.1555 -8.97659 248.408
17.1614 -8.98366 248.404
17.1532 -8.97499 248.35
17.1542 -8.98545 248.346
17.1535 -8.98258 248.354
17.1589 -8.98102 248.529
17.1598 -8.98213 248.453
17.1651 -8.98731 248.476
17.1674 -8.9892 248.683
17.1602 -8.98898 248.652
17.1714 -8.99726 248.877
17.1667 -8.99793 248.787
17.1635 -8.99275 248.692
17.1644 -8.98484 248.723
17.1613 -8.9836 248.639
17.1538 -8.97472 248.441
17.1505 -8.97517 248.358
17.1456 -8.96659 248.383
17.1511 -8.97653 248.507
17.1528 -8.98125 248.512
17.1488 -8.9849 248.45
17.1461 -8.98403 248.351
17.1506 -8.99522 248.516
17.1473 -8.98464 248.462
17.1908 -8.9947 248.602
17.221 -8.98108 248.147
17.2373 -8.96702 248.125
17.246 -8.96286 248.235
17.2812 -8.98394 248.695
17.3024 -8.99095 248.771
17.3444 -8.99438 248.785
17.3616 -8.97938 248.149
17.4101 -8.98439 248.58
17.4617 -9.00094 249.175
17.4834 -8.98828 248.815
17.5329 -8.99701 248.635
17.5441 -8.99364 248.535
17.5566 -8.98476 248.443
17.5739 -8.97962 248.484
17.6045 -8.98209 248.655
17.6183 -8.98267 248.6
17.6355 -8.97596 248.407
17.6753 -8.98052 248.459
17.7108 -8.985 248.487
17.7393 -8.97604 248.548
17.7758 -8.98005 248.619
17.7995 -8.97083 248.522
17.8168 -8.97493 248.528
17.8319 -8.97248 248.434
17.899 -8.99136 248.952
17.9266 -8.98665 248.815
18.0068 -8.98703 248.889
18.1274 -9.00947 249.621
18.1337 -8.96745 248.192
18.2491 -8.9658 248.331
18.3957 -9.01236 249.421
18.4776 -9.0203 249.643
18.6133 -9.01802 249.529
18.6166 -8.94002 248.106
18.7456 -8.99521 249.044
18.7883 -8.99535 249.144
18.8807 -8.98812 248.996
18.9488 -8.99661 248.958
19.0181 -8.98393 248.794
19.1079 -8.98658 248.87
19.1299 -8.97994 248.685
19.1553 -8.9677 248.211
19.2338 -8.98759 248.817
19.2701 -8.984 248.917
19.2778 -8.95957 248.106
19.3623 -8.97766 248.789
19.3981 -8.9741 248.674
19.4155 -8.96477 248.303
19.441 -8.96759 248.43
19.4803 -8.96706 248.37
19.5221 -8.96978 248.515
19.5297 -8.96622 248.442
19.5331 -8.96588 248.382
19.5415 -8.96959 248.44
19.5275 -8.96186 248.144
19.5381 -8.96581 248.282
19.5376 -8.9635 248.361
19.5484 -8.96358 248.458
19.543 -8.96499 248.431
19.5376 -8.96127 248.289
19.5229 -8.95713 248.051
19.5284 -8.96008 248.216
19.5238 -8.95103 248.24
19.5299 -8.96676 248.447
19.5303 -8.96884 248.477
19.5433 -8.9674 248.534
19.5348 -8.96704 248.415
19.5211 -8.96798 248.248
19.5207 -8.97008 248.386
19.5199 -8.98095 248.331
19.5159 -8.97525 248.118
19.5369 -8.97066 248.31
19.5562 -8.96609 248.484
19.5598 -8.9706 248.455
19.57 -8.96452 248.446
19.5885 -8.97582 248.476
19.5838 -8.96974 248.188
19.5914 -8.96999 248.26
19.5991 -8.96511 248.389
19.6037 -8.96635 248.456
19.6024 -8.96869 248.319
19.5975 -8.95611 248.281
19.5836 -8.95287 248.087
19.5895 -8.95712 248.227
19.5984 -8.96488 248.375
19.6169 -8.96763 248.41
19.638 -8.96572 248.441
19.633 -8.96786 247.982
19.7225 -8.95474 248.004
19.8163 -8.98533 248.762
19.8458 -8.95545 248.339
19.8549 -8.94691 248.035
19.8878 -8.95711 248.392
19.901 -8.95304 248.13
19.9489 -8.97311 248.486
19.9972 -8.97347 248.45
20.0297 -8.95967 248.065
20.0768 -8.96319 248.512
20.1095 -8.9649 248.525
20.1687 -8.98005 248.907
20.2063 -8.97479 248.69
20.2672 -8.97414 249.146
20.3081 -8.96865 248.695
20.3402 -8.95365 248.338
20.3574 -8.95712 248.17
20.436 -8.9526 248.825
20.6305 -9.00115 249.764
20.635 -8.9121 247.618
20.8319 -8.93181 247.614
21.0966 -9.02223 249.79
21.1359 -8.98249 249.245
21.2851 -8.99705 249.436
21.3604 -8.98193 249.291
21.4082 -8.96401 248.757
21.4515 -8.96455 248.508
21.5229 -8.97477 248.933
21.5213 -8.93078 247.763
21.6811 -8.98459 249.155
21.7102 -8.96353 248.73
21.7411 -8.95673 248.479
21.8142 -8.96769 248.926
21.9334 -8.98884 249.27
21.9834 -8.95837 248.728
22.0048 -8.95331 248.6
22.0366 -8.95717 248.652
22.0536 -8.95364 248.469
22.125 -8.97416 248.855
22.1453 -8.96511 248.768
22.1631 -8.95479 248.668
22.1916 -8.95025 248.566
22.2218 -8.94438 248.594
22.2555 -8.9495 248.52
22.298 -8.95939 248.797
22.3495 -8.97067 249.009
22.3857 -8.96673 248.866
22.4051 -8.96444 248.851
22.395 -8.93993 248.226
22.4607 -8.95457 248.602
22.528 -8.96925 248.924
22.5434 -8.96185 248.544
22.5889 -8.95432 248.483
22.6013 -8.95354 248.51
22.6139 -8.95419 248.54
22.6635 -8.96511 248.923
22.7198 -8.94985 248.766
22.7864 -8.97666 249.248
22.8446 -8.96368 248.951
22.8861 -8.95801 248.964
22.9238 -8.94793 248.742
22.9722 -8.96696 248.825
22.9838 -8.94319 248.235
23.0191 -8.9404 248.305
23.0427 -8.94395 248.493
23.0634 -8.94393 248.636
23.079 -8.9538 248.586
23.0965 -8.95409 248.73
23.0888 -8.95416 248.511
23.0822 -8.94711 248.401
23.0783 -8.94915 248.39
23.11 -8.95348 248.669
23.1317 -8.96133 248.761
23.1503 -8.95363 248.65
23.1895 -8.96458 248.919
23.2432 -8.97545 248.949
23.2604 -8.94889 248.674
23.3013 -8.95106 248.719
23.3499 -8.96281 248.981
23.3638 -8.95514 248.79
23.4091 -8.96313 248.929
23.4421 -8.96289 249.01
23.4237 -8.93315 247.996
23.5355 -8.95953 248.702
23.5785 -8.95498 248.76
23.597 -8.93514 248.393
23.6398 -8.94429 248.356
23.7047 -8.95023 248.681
23.7432 -8.95432 248.573
23.7672 -8.95608 248.569
23.7789 -8.94837 248.415
23.786 -8.94136 248.382
23.8208 -8.93992 248.593
23.8614 -8.95218 248.799
23.906 -8.95857 248.827
23.9357 -8.95224 248.923
23.9558 -8.94852 248.826
24.0172 -8.96192 249.13
24.0193 -8.9441 248.383
24.0744 -8.92627 248.076
24.2192 -8.97535 249.399
24.283 -8.9571 249.108
24.3815 -8.96132 249.154
24.4315 -8.96254 249.042
24.4239 -8.93624 248.167
24.5413 -8.96428 249.073
24.5519 -8.94745 248.548
24.5955 -8.94104 248.584
24.6841 -8.96415 249.062
24.7511 -8.95296 248.926
24.7954 -8.94242 248.752
24.8181 -8.94614 248.767
24.8444 -8.94358 248.862
24.8862 -8.95841 248.844
24.9334 -8.94831 248.856
24.9702 -8.9363 248.687
24.9877 -8.92066 248.025
25.0386 -8.92242 248.083
25.1008 -8.93099 248.295
25.1279 -8.93786 248.412
25.1475 -8.94088 248.444
25.1772 -8.93322 248.465
25.2263 -8.932 248.635
25.2384 -8.93409 248.58
25.2513 -8.94329 248.671
25.2323 -8.93123 248.435
25.2563 -8.93649 248.677
25.262 -8.93813 248.617
25.2723 -8.94187 248.59
25.304 -8.93853 248.625
25.3009 -8.92624 248.294
25.3569 -8.93555 248.551
25.39 -8.92042 248.03
25.4936 -8.92168 248.007
25.6441 -8.93708 248.474
25.6915 -8.94612 248.616
25.6927 -8.9352 248.472
25.7063 -8.93701 248.612
25.7133 -8.93624 248.693
25.7403 -8.94473 248.893
25.7564 -8.94817 248.911
25.7637 -8.93435 248.829
25.7484 -8.93243 248.469
25.7548 -8.92554 248.428
25.7753 -8.92721 248.597
25.7735 -8.92534 248.43
25.7897 -8.9299 248.434
25.8275 -8.93779 248.477
25.907 -8.94589 248.929
25.9189 -8.93645 248.579
25.946 -8.93665 248.588
25.984 -8.93678 248.799
26.0054 -8.93204 248.779
26.0119 -8.93023 248.62
26.0261 -8.94163 248.644
26.0261 -8.92876 248.62
26.0284 -8.93303 248.669
26.0184 -8.93196 248.543
25.9854 -8.92543 248.188
26.0016 -8.92192 248.279
25.9991 -8.92612 248.164
26.0457 -8.93744 248.579
26.1037 -8.95666 249.028
26.1043 -8.93748 248.698
26.1248 -8.93463 248.739
26.1275 -8.93363 248.621
26.1207 -8.93082 248.51
26.1324 -8.93373 248.603
26.1287 -8.92581 248.347
26.1549 -8.93105 248.497
26.1658 -8.93493 248.48
26.1437 -8.9234 248.197
26.135 -8.91843 248.118
26.1501 -8.9223 248.342
26.1627 -8.92879 248.473
26.151 -8.92675 248.349
26.154 -8.92979 248.365
26.1463 -8.92097 248.298
26.1701 -8.9253 248.565
26.1774 -8.9349 248.686
26.1782 -8.93077 248.65
26.1914 -8.93689 248.775
26.1897 -8.94021 248.812
26.2147 -8.9415 248.835
26.2086 -8.93067 248.555
26.2105 -8.92897 248.517
26.2111 -8.92207 248.506
26.2047 -8.91019 248.136
26.3441 -8.90416 247.864
26.5444 -8.95517 249.375
26.5081 -8.9383 248.55
26.4978 -8.92558 248.403
26.4967 -8.91951 248.376
26.4932 -8.9192 248.329
26.5073 -8.92666 248.503
26.5163 -8.9362 248.615
26.5047 -8.93154 248.527
26.5015 -8.92811 248.458
26.4947 -8.92287 248.34
26.5059 -8.92837 248.464
26.5196 -8.94233 248.674
26.5092 -8.93429 248.531
26.4959 -8.92511 248.381
26.5159 -8.93435 248.553
26.5227 -8.93828 248.625
26.5075 -8.93303 248.47
26.5038 -8.92964 248.461
26.5126 -8.93507 248.553
26.5165 -8.94055 248.623
26.4906 -8.92618 248.35
26.4924 -8.92633 248.38
26.5031 -8.93267 248.533
26.5091 -8.93493 248.651
26.5061 -8.92849 248.574
26.525 -8.93668 248.827
26.5208 -8.94172 248.759
26.5071 -8.94084 248.634
26.4981 -8.9316 248.545
26.5116 -8.94023 248.78
26.5001 -8.93797 248.692
26.5156 -8.95084 248.9
26.4971 -8.94046 248.68
26.4893 -8.93608 248.594
26.4874 -8.93594 248.594
26.4959 -8.94111 248.696
26.4939 -8.94137 248.749
26.4893 -8.93909 248.678
26.4953 -8.94488 248.865
26.4889 -8.94422 248.81
26.4759 -8.94232 248.725
26.5016 -8.95811 249.053
26.4904 -8.94577 248.966
26.4811 -8.94142 248.873
26.4723 -8.94588 248.886
26.4773 -8.95047 249.07
26.4781 -8.95254 249.091
26.4821 -8.95606 249.129
26.478 -8.95355 249.113
26.4796 -8.95303 249.204
26.4867 -8.95942 249.322
26.4699 -8.96215 249.185
26.4633 -8.9545 249.121
26.4546 -8.94279 249.105
26.4546 -8.94214 249.086
26.4971 -8.96793 249.717
26.4886 -8.96623 249.713
26.4725 -8.96021 249.594
26.486 -8.97341 249.848
26.4945 -8.98244 249.935
26.4907 -8.97516 249.849
26.5044 -8.982 249.988
26.5006 -8.97848 249.799
26.4792 -8.97442 249.49
26.4831 -8.96504 249.375
26.4839 -8.95746 249.245
26.4823 -8.95328 249.158
26.4837 -8.9525 249.094
26.4874 -8.94814 249.113
26.4848 -8.94448 249.051
26.487 -8.94655 248.952
26.4833 -8.94121 248.875
26.5006 -8.94619 248.98
26.5116 -8.94648 248.984
26.4972 -8.939 248.817
26.4818 -8.93905 248.617
26.501 -8.94233 248.825
26.5233 -8.9409 249.02
26.5126 -8.93887 248.859
26.5236 -8.9504 248.919
26.5178 -8.94915 248.889
26.5068 -8.93705 248.755
26.5125 -8.94061 248.832
26.5044 -8.9316 248.777
26.5091 -8.94736 248.813
26.4988 -8.93988 248.644
26.4967 -8.93869 248.644
26.5124 -8.93822 248.823
26.5022 -8.93877 248.697
26.5012 -8.93978 248.703
26.5052 -8.93555 248.729
26.5067 -8.93471 248.76
26.5124 -8.94053 248.825
26.521 -8.93919 248.944
26.5048 -8.93262 248.727
26.4822 -8.92771 248.41
26.499 -8.9319 248.603
26.522 -8.946 248.945
26.5091 -8.94521 248.786
26.5024 -8.93716 248.671
26.497 -8.93287 248.614
26.5005 -8.93553 248.7
26.5056 -8.93496 248.763
26.5114 -8.93621 248.862
26.5101 -8.94427 248.864
26.497 -8.94277 248.701
26.5015 -8.93874 248.747
26.4988 -8.93453 248.735
26.5193 -8.94251 248.944
26.5325 -8.9466 249.102
26.4965 -8.92542 248.634
26.5083 -8.94184 248.84
26.5123 -8.93952 248.872
26.4995 -8.93785 248.731
26.5014 -8.93725 248.759
26.4942 -8.93792 248.663
26.5054 -8.93222 248.757
26.5119 -8.93328 248.783
26.5102 -8.93502 248.77
26.5042 -8.93303 248.721
26.4978 -8.93339 248.66
26.5127 -8.94244 248.839
26.5027 -8.93671 248.688
26.5002 -8.93795 248.686
26.485 -8.93104 248.522
26.4874 -8.93026 248.508
26.4856 -8.92844 248.476
26.4947 -8.93229 248.525
26.4995 -8.93534 248.649
26.4869 -8.93585 248.524
26.4931 -8.93534 248.589
26.4993 -8.93456 248.639
26.4985 -8.936 248.658
26.4923 -8.93053 248.571
26.4995 -8.93531 248.638
26.51 -8.93606 248.773
26.5142 -8.93586 248.809
26.5233 -8.94408 248.891
26.5036 -8.93584 248.635
26.5022 -8.93509 248.591
26.4999 -8.93139 248.576
26.497 -8.92887 248.562
26.4945 -8.92617 248.535
26.4864 -8.92546 248.447
26.5059 -8.92698 248.584
26.4953 -8.93353 248.543
26.4942 -8.93163 248.555
26.5054 -8.93422 248.731
26.51 -8.93304 248.755
26.4995 -8.92807 248.655
26.4972 -8.93019 248.649
26.4827 -8.92765 248.505
26.4882 -8.92661 248.585
26.4935 -8.92758 248.708
26.49 -8.9341 248.716
26.484 -8.93606 248.689
26.4843 -8.93732 248.733
26.5002 -8.94402 248.979
26.4998 -8.9437 248.99
26.4997 -8.94379 249.029
26.4962 -8.94941 249.021
26.4848 -8.94914 248.929
26.4853 -8.94821 249.012
26.4799 -8.94778 248.999
26.4927 -8.94849 249.149
26.4938 -8.94736 249.232
26.4992 -8.94805 249.417
26.4775 -8.94402 249.155
26.5043 -8.94936 249.489
26.5025 -8.95426 249.52
26.4943 -8.9493 249.362
26.4738 -8.95193 249.112
26.4775 -8.95065 249.188
26.4819 -8.95595 249.217
26.4927 -8.96005 249.32
26.4824 -8.95322 249.218
26.4868 -8.95674 249.304
26.506 -8.97092 249.586
26.4984 -8.96406 249.479
26.4836 -8.95163 249.24
26.4696 -8.9531 249.019
26.4637 -8.95324 248.906
26.4791 -8.95965 249.169
26.4927 -8.95609 249.358
26.4795 -8.95058 249.176
26.4773 -8.95174 249.227
26.4669 -8.95413 249.158
26.4695 -8.96286 249.215
26.478 -8.96075 249.433
26.4775 -8.9657 249.474
26.4838 -8.96461 249.624
26.4795 -8.96096 249.673
26.4773 -8.95872 249.66
26.4661 -8.95194 249.534
26.4651 -8.95901 249.545
26.4689 -8.96413 249.737
26.4707 -8.96864 249.825
26.469 -8.97206 249.874
26.4833 -8.97329 250.057
26.5193 -8.98374 250.431
26.511 -8.97799 250.386
26.5168 -8.98611 250.523
26.5163 -8.9946 250.527
26.5044 -8.99769 250.423
26.5093 -8.98459 250.393
26.5078 -8.9782 250.362
26.4897 -8.97213 250.069
26.4792 -8.95866 249.813
26.4921 -8.97208 249.945
26.5018 -8.98384 250.087
26.4763 -8.96562 249.734
26.4824 -8.9638 249.774
26.4706 -8.95524 249.58
26.4714 -8.95579 249.553
26.504 -8.97378 249.87
26.5077 -8.97649 249.917
26.5027 -8.96409 249.784
26.5095 -8.95678 249.794
26.504 -8.96439 249.68
26.4976 -8.96525 249.499
26.4876 -8.95604 249.277
26.4973 -8.95551 249.295
26.5107 -8.9581 249.38
26.5131 -8.95209 249.385
26.4948 -8.93955 249.039
26.4747 -8.92478 248.708
26.5015 -8.93459 248.913
26.5023 -8.93861 248.889
26.4963 -8.9364 248.758
26.4967 -8.93827 248.765
26.4976 -8.93757 248.741
26.502 -8.93413 248.719
26.4956 -8.92882 248.629
26.4972 -8.93703 248.614
26.4971 -8.92986 248.54
26.5136 -8.93879 248.709
26.5148 -8.9386 248.68
26.5254 -8.94312 248.796
26.5254 -8.93797 248.726
26.5073 -8.92754 248.443
26.5135 -8.93053 248.547
26.5205 -8.94059 248.648
26.5105 -8.93552 248.565
26.5064 -8.93014 248.523
26.5245 -8.93469 248.751
26.5285 -8.94197 248.854
26.5188 -8.93334 248.687
26.5192 -8.93116 248.66
26.5156 -8.93687 248.645
26.5286 -8.93348 248.769
26.527 -8.93515 248.767
26.5175 -8.93487 248.759
26.5236 -8.93025 248.771
26.5062 -8.92829 248.479
26.5051 -8.92392 248.442
26.5063 -8.92284 248.48
26.5195 -8.9328 248.622
26.5336 -8.9425 248.801
26.5346 -8.94638 248.823
26.5159 -8.929 248.537
26.5175 -8.92872 248.589
26.5211 -8.93286 248.682
26.5194 -8.92541 248.609
26.531 -8.93413 248.752
26.5143 -8.93105 248.585
26.5325 -8.93933 248.788
26.5174 -8.93491 248.703
26.4982 -8.9257 248.441
26.4955 -8.92309 248.413
26.5011 -8.92104 248.408
26.5076 -8.93184 248.529
26.5164 -8.93206 248.595
26.5262 -8.92911 248.714
26.532 -8.9342 248.767
26.5117 -8.92862 248.532
26.5033 -8.92996 248.466
26.5223 -8.93773 248.669
26.5318 -8.93518 248.796
26.5204 -8.93254 248.682
26.5069 -8.9245 248.504
26.5038 -8.92458 248.421
26.4944 -8.92028 248.306
26.4883 -8.91947 248.215
26.4947 -8.92042 248.286
26.4987 -8.92009 248.358
26.4998 -8.91825 248.351
26.5087 -8.92682 248.477
26.5143 -8.93301 248.568
26.5128 -8.9234 248.556
26.524 -8.92887 248.703
26.5099 -8.92909 248.546
26.4961 -8.92247 248.4
26.4932 -8.92446 248.359
26.4965 -8.92369 248.34
26.5111 -8.92826 248.489
26.5135 -8.93347 248.533
26.5553 -8.93978 248.783
26.5924 -8.93307 248.915
26.5964 -8.92866 248.721
26.6225 -8.93982 248.923
26.6873 -8.95483 249.009
26.85 -8.9488 249.428
26.8091 -8.88599 247.532
27.0742 -8.95422 249.336
27.1065 -8.9512 249.005
27.1873 -8.94387 248.962
27.2556 -8.94544 249.091
27.274 -8.92975 248.714
27.3171 -8.93134 248.909
27.3221 -8.9262 248.52
27.3669 -8.93139 248.746
27.392 -8.92459 248.665
27.425 -8.92739 248.741
27.4284 -8.91869 248.488
27.4621 -8.93204 248.621
27.4953 -8.93565 248.675
27.4981 -8.93234 248.521
27.5054 -8.92241 248.429
27.5331 -8.92411 248.539
27.5935 -8.93784 248.771
27.5942 -8.92484 248.272
27.674 -8.93813 248.807
27.6758 -8.92032 248.532
27.708 -8.92262 248.624
27.712 -8.91587 248.432
27.7639 -8.93257 248.771
27.7944 -8.93141 248.627
27.8524 -8.94087 248.895
27.8467 -8.93117 248.751
27.8582 -8.93073 248.807
27.8705 -8.92988 248.787
27.867 -8.92814 248.576
27.9457 -8.94709 249.086
27.9845 -8.9414 249.008
27.9782 -8.93139 248.552
28.0268 -8.93062 248.704
28.0607 -8.93412 248.747
28.1122 -8.93458 248.894
28.1352 -8.93155 248.767
28.2052 -8.93966 249.107
28.2918 -8.96301 249.655
28.2829 -8.93568 248.955
28.2989 -8.92372 248.642
28.3382 -8.91943 248.702
28.4042 -8.92889 248.945
28.4239 -8.9281 248.903
28.423 -8.92775 248.713
28.493 -8.94324 249.077
28.5278 -8.94081 249.15
28.5088 -8.91401 248.547
28.592 -8.93822 249.065
28.6727 -8.95161 249.388
28.7796 -8.95953 249.599
28.732 -8.9055 248.316
28.8077 -8.91407 248.677
28.825 -8.92418 248.436
28.8897 -8.92711 248.859
28.9311 -8.93046 249.029
28.9912 -8.95036 249.382
29.0162 -8.93804 249.176
29.0842 -8.94852 249.41
29.1365 -8.94201 249.343
29.1488 -8.94296 249.068
29.1925 -8.92976 248.961
29.2816 -8.94456 249.336
29.2659 -8.9157 248.693
29.3259 -8.92552 249.049
29.365 -8.92823 248.963
29.3763 -8.92143 248.481
29.4347 -8.93143 248.827
29.4401 -8.90793 248.717
29.4512 -8.92024 248.746
29.4781 -8.92392 248.811
29.516 -8.92986 248.973
29.4515 -8.87003 247.596
29.7269 -8.94483 249.432
29.7451 -8.91898 248.758
29.8039 -8.93173 249.031
29.9147 -8.94036 249.35
30.0347 -8.93336 249.407
30.0901 -8.94965 249.391
30.2059 -8.94184 249.234
30.3266 -8.94403 249.462
30.4807 -8.95039 249.699
30.558 -8.96651 249.841
30.6565 -8.94803 249.357
30.6258 -8.91337 248.621
30.6813 -8.92674 249.031
30.6791 -8.92193 248.936
30.6845 -8.92704 248.879
30.7198 -8.92366 248.974
30.7429 -8.9267 249.017
30.7637 -8.9233 249.023
30.786 -8.92541 249.069
30.7861 -8.92032 248.879
30.8971 -8.93985 249.51
30.978 -8.9298 249.42
31.0231 -8.9279 249.191
31.0222 -8.90923 248.548
31.1728 -8.94482 249.497
31.3721 -8.94708 250.055
31.4433 -8.95941 250.048
31.5358 -8.93443 249.626
31.6389 -8.93926 249.572
31.701 -8.94021 249.716
31.8356 -8.95668 249.84
31.958 -8.97216 250.342
31.9312 -8.94466 249.489
31.9287 -8.89902 248.867
32.0004 -8.92476 249.033
32.0541 -8.9287 249.184
32.0602 -8.91401 248.869
32.0745 -8.91444 248.865
32.0855 -8.91327 248.808
32.1856 -8.9352 249.52
32.2179 -8.92387 249.377
32.244 -8.93776 249.241
32.3228 -8.93463 249.352
32.446 -8.9326 249.539
32.6873 -8.96402 250.156
32.6201 -8.9024 248.063
32.8566 -8.89357 248.441
33.1307 -8.93739 249.792
33.3465 -8.96092 250.048
33.2806 -8.88788 248.2
33.4657 -8.88655 248.097
33.6684 -8.91044 249.264
33.6527 -8.90397 248.839
33.6617 -8.91347 248.901
33.6497 -8.9079 248.741
33.6412 -8.89606 248.666
33.6591 -8.89781 248.804
33.62 -8.89848 248.485
33.6223 -8.90567 248.486
33.622 -8.90621 248.467
33.638 -8.90853 248.596
33.7439 -8.9214 249.239
33.7705 -8.9073 249.06
33.7809 -8.91319 249.022
33.782 -8.90588 248.906
33.794 -8.91015 248.92
33.8129 -8.90771 248.996
33.8258 -8.90879 248.92
33.8986 -8.92357 249.266
34.0142 -8.9318 249.645
34.0053 -8.9125 249.128
34.0347 -8.91149 249.054
34.0567 -8.90399 248.943
34.0906 -8.90984 249.006
34.1476 -8.91969 249.19
34.2682 -8.94439 249.701
34.2466 -8.91288 249.065
34.2397 -8.90266 248.853
34.2478 -8.901 248.877
34.2463 -8.90568 248.84
34.2421 -8.8978 248.771
34.2624 -8.90457 248.936
34.2591 -8.90512 248.894
34.268 -8.90921 248.975
34.2995 -8.91226 249.218
34.2849 -8.91183 249.081
34.2752 -8.91331 248.959
34.2693 -8.91185 248.903
34.2438 -8.90472 248.711
34.2388 -8.90554 248.666
34.2513 -8.90268 248.801
34.2598 -8.91088 248.899
34.2843 -8.92326 249.019
34.2699 -8.91311 248.833
34.2505 -8.89854 248.607
34.268 -8.90226 248.736
34.2687 -8.89917 248.757
34.257 -8.89932 248.64
34.2786 -8.90959 248.824
34.2926 -8.90858 248.85
34.3017 -8.91215 248.823
34.3056 -8.91046 248.87
34.3147 -8.90876 248.988
34.3209 -8.91221 248.982
34.3429 -8.91909 249.109
34.3492 -8.91154 249.002
34.3561 -8.91371 248.949
34.3486 -8.90571 248.781
34.374 -8.91059 248.968
34.4016 -8.91194 249.08
34.4155 -8.91315 249.099
34.4065 -8.91064 248.934
34.4091 -8.91545 248.955
34.3809 -8.89916 248.647
34.3759 -8.8975 248.618
34.4095 -8.90939 248.846
34.4443 -8.92034 249.091
34.4437 -8.91208 249.048
34.4259 -8.91087 248.907
34.4187 -8.90976 248.827
34.4281 -8.90901 248.92
34.4093 -8.9029 248.729
34.3986 -8.89716 248.644
34.4053 -8.89358 248.702
34.4003 -8.88846 248.641
34.4206 -8.90261 248.851
34.4314 -8.9116 248.975
34.4253 -8.91652 248.91
34.4531 -8.91739 249.055
34.5014 -8.90849 249.148
34.508 -8.89977 248.867
34.5477 -8.90753 249.07
34.597 -8.91698 249.386
34.6694 -8.92594 249.638
34.6822 -8.9191 249.441
34.703 -8.92405 249.431
34.6752 -8.90596 249.01
34.6648 -8.90411 248.887
34.6711 -8.90205 248.866
34.7303 -8.90627 249.137
34.7325 -8.90032 248.989
34.7411 -8.898 248.986
34.7235 -8.89445 248.74
34.7279 -8.89135 248.727
34.7195 -8.88642 248.519
34.7672 -8.8992 248.796
34.778 -8.89855 248.833
34.7991 -8.90129 249.02
34.8159 -8.90983 249.16
34.8612 -8.91718 249.235
34.8449 -8.91143 248.779
34.8717 -8.89599 248.717
34.8989 -8.89178 248.672
34.9221 -8.89354 248.73
34.9562 -8.89835 248.894
35.0204 -8.90577 249.197
35.079 -8.91605 249.449
35.1855 -8.9354 249.825
35.0988 -8.8944 248.695
35.1091 -8.89809 248.649
35.1234 -8.8989 248.7
35.161 -8.9017 248.886
35.1971 -8.90155 249.096
35.1849 -8.89471 248.87
35.1987 -8.89814 248.839
35.2099 -8.90182 248.907
35.2169 -8.89842 248.93
35.2148 -8.89471 248.883
35.1997 -8.89673 248.698
35.2335 -8.89821 248.867
35.248 -8.89867 248.902
35.2749 -8.90313 248.928
35.3005 -8.90536 248.978
35.3326 -8.90755 249.053
35.4065 -8.91214 249.32
35.4694 -8.9159 249.626
35.4281 -8.89727 248.846
35.4415 -8.90018 248.832
35.449 -8.89611 248.757
35.4539 -8.89487 248.818
35.4879 -8.90106 249.014
35.4886 -8.8978 248.998
35.5042 -8.90111 249.118
35.5116 -8.90179 249.022
35.5214 -8.89736 248.94
35.5155 -8.8933 248.789
35.5623 -8.9 249.014
35.582 -8.90516 248.999
35.6167 -8.90828 249.074
35.6779 -8.91564 249.347
35.6937 -8.9061 249.1
35.6833 -8.90456 248.702
35.693 -8.8904 248.577
35.7514 -8.90024 248.865
35.7796 -8.89857 248.969
35.7871 -8.90215 249
35.8024 -8.91062 249.08
35.7614 -8.89444 248.711
35.7486 -8.89355 248.605
35.766 -8.89977 248.82
35.7944 -8.92033 249.049
35.7871 -8.93026 249.036
35.7785 -8.9386 249.019
35.766 -8.93513 248.819
35.7646 -8.93438 248.776
35.7678 -8.93084 248.761
35.778 -8.93102 248.823
35.7777 -8.93633 248.856
35.8014 -8.94456 248.999
35.8107 -8.94153 249.005
35.8254 -8.94056 249.015
35.8258 -8.92763 248.948
35.8439 -8.93336 248.961
35.8054 -8.91882 248.535
35.8578 -8.92581 248.812
35.9283 -8.93774 249.174
35.9274 -8.91908 249.041
35.8937 -8.89602 248.622
35.8916 -8.89572 248.555
35.9059 -8.89369 248.676
35.9142 -8.8886 248.755
35.9409 -8.89084 248.909
35.922 -8.88485 248.56
35.9877 -8.91187 249.044
36.004 -8.906 249.05
36.0018 -8.90377 249.008
35.9602 -8.89088 248.673
35.9603 -8.89257 248.659
35.966 -8.8877 248.665
36.1225 -8.91483 249.51
36.3208 -8.92801 249.91
36.2896 -8.91249 249.355
36.2408 -8.88879 248.686
36.248 -8.88713 248.709
36.2432 -8.89115 248.574
36.2876 -8.89557 248.771
36.3093 -8.89475 248.815
36.3396 -8.89905 248.997
36.3206 -8.89477 248.755
36.297 -8.89347 248.514
36.2941 -8.89555 248.521
36.3096 -8.89765 248.655
36.3483 -8.90525 248.986
36.3124 -8.89328 248.689
36.3048 -8.89705 248.613
36.3293 -8.89632 248.815
36.3389 -8.89517 248.932
36.3455 -8.90507 249.013
36.3575 -8.89437 249.096
36.3409 -8.89212 248.96
36.3366 -8.89725 248.935
36.3443 -8.89943 248.992
36.3494 -8.90301 249.003
36.3453 -8.89802 248.985
36.3501 -8.90669 249.047
36.3468 -8.90791 249.004
36.326 -8.90262 248.792
36.3232 -8.89152 248.723
36.3442 -8.90271 248.926
36.3409 -8.90609 248.947
36.3266 -8.9033 248.858
36.3288 -8.89824 248.845
36.3339 -8.9002 248.893
36.327 -8.8946 248.809
36.328 -8.89433 248.83
36.3173 -8.89836 248.761
36.3353 -8.9039 248.893
36.3399 -8.90316 248.916
36.3371 -8.89973 248.878
36.3255 -8.89881 248.836
36.3366 -8.89799 248.92
36.331 -8.8959 248.86
36.3397 -8.90895 248.932
36.3313 -8.90354 248.851
36.3079 -8.89782 248.663
36.3321 -8.90526 248.836
36.3372 -8.91064 248.913
36.3361 -8.89611 248.925
36.3365 -8.90202 248.961
36.337 -8.89707 248.937
36.3351 -8.88911 248.887
36.3239 -8.89573 248.791
36.3057 -8.89738 248.627
36.3131 -8.89458 248.686
36.3185 -8.89699 248.748
36.3334 -8.89643 248.877
36.3276 -8.89467 248.861
36.3308 -8.90173 248.929
36.3165 -8.90254 248.798
36.3195 -8.89482 248.796
36.319 -8.88955 248.775
36.3199 -8.89431 248.763
36.3317 -8.90403 248.851
36.3334 -8.90388 248.909
36.3498 -8.91163 249.068
36.3413 -8.90239 249
36.3351 -8.89216 248.929
36.3374 -8.89533 248.965
36.3339 -8.90023 248.97
36.3317 -8.90006 248.928
36.3331 -8.90159 248.924
36.3519 -8.89784 249.068
36.3576 -8.90767 249.12
36.3467 -8.90213 249.018
36.3317 -8.89611 248.923
36.3382 -8.89453 248.969
36.3262 -8.89684 248.898
36.339 -8.89911 248.982
36.3223 -8.88829 248.852
36.3372 -8.90249 248.993
36.3135 -8.8961 248.767
36.3123 -8.89497 248.732
36.3078 -8.89546 248.71
36.3056 -8.89406 248.706
36.3175 -8.90211 248.897
36.3247 -8.89988 248.957
36.3226 -8.89348 249.016
36.3382 -8.89406 249.131
36.3322 -8.90279 249.12
36.3338 -8.90467 249.174
36.3361 -8.90657 249.258
36.3408 -8.91464 249.423
36.367 -8.9176 249.714
36.3716 -8.91701 249.801
36.3634 -8.92271 249.821
36.3616 -8.92415 249.909
36.3798 -8.93092 250.198
36.3912 -8.93484 250.304
36.3641 -8.93436 250.114
36.3253 -8.92724 249.812
36.3161 -8.93393 249.83
36.3593 -8.94284 250.184
36.3865 -8.94447 250.414
36.376 -8.93798 250.323
36.3552 -8.9326 250.093
36.3702 -8.93151 250.141
36.3518 -8.92629 249.949
36.3727 -8.93088 250.067
36.4123 -8.94615 250.353
36.3878 -8.93118 250.07
36.3738 -8.92436 249.9
36.3565 -8.91958 249.668
36.3407 -8.91275 249.513
36.3337 -8.90829 249.363
36.3229 -8.90719 249.191
36.334 -8.91028 249.218
36.3382 -8.91199 249.21
36.379 -8.92615 249.505
36.3485 -8.91076 249.238
36.3321 -8.90435 249.075
36.316 -8.89897 248.873
36.3322 -8.90158 249.016
36.3414 -8.89902 249.099
36.3405 -8.90605 249.047
36.3476 -8.91099 249.075
36.321 -8.89781 248.852
36.319 -8.9002 248.875
36.3197 -8.89651 248.869
36.3275 -8.89428 248.931
36.3184 -8.89469 248.898
36.3269 -8.89715 248.986
36.349 -8.90936 249.137
36.3522 -8.91006 249.14
36.3385 -8.90181 249.05
36.3449 -8.90191 249.107
36.3501 -8.90755 249.102
36.3458 -8.90196 249.051
36.339 -8.90232 248.997
36.3434 -8.90167 249.012
36.3407 -8.90162 248.987
36.3156 -8.89848 248.798
36.3239 -8.89911 248.841
36.3281 -8.89554 248.875
36.3146 -8.89597 248.73
36.3158 -8.89525 248.756
36.3319 -8.88952 248.914
36.3362 -8.89278 248.941
36.34 -8.89726 248.944
36.3581 -8.8938 249.072
36.356 -8.89709 249.007
36.3411 -8.89399 248.899
36.349 -8.89658 248.958
36.3423 -8.89187 248.948
36.3517 -8.89737 248.991
36.3463 -8.90121 248.92
36.3278 -8.89704 248.796
36.317 -8.88367 248.717
36.3183 -8.88805 248.68
36.3292 -8.89523 248.738
36.3441 -8.89754 248.89
36.349 -8.89511 248.927
36.3474 -8.88991 248.89
36.3498 -8.89755 248.937
36.3421 -8.89265 248.847
36.311 -8.88868 248.582
36.3088 -8.88681 248.573
36.3115 -8.88619 248.62
36.3312 -8.89484 248.756
36.332 -8.89758 248.767
36.3314 -8.89415 248.769
36.3156 -8.89001 248.611
36.3421 -8.89807 248.824
36.3332 -8.90066 248.799
36.3135 -8.88973 248.592
36.2987 -8.88478 248.467
36.3057 -8.87814 248.513
36.3026 -8.88503 248.441
36.3166 -8.88863 248.56
36.3302 -8.88812 248.698
36.3455 -8.89475 248.799
36.3347 -8.8924 248.735
36.3289 -8.88835 248.691
36.3167 -8.88301 248.595
36.3208 -8.88616 248.61
36.3109 -8.88985 248.538
36.3333 -8.88465 248.701
36.3679 -8.89687 248.967
36.3633 -8.89962 248.957
36.3219 -8.88451 248.571
36.3315 -8.89487 248.679
36.332 -8.8948 248.649
36.3443 -8.89009 248.753
36.3316 -8.88648 248.653
36.3343 -8.89488 248.685
36.3338 -8.89617 248.672
36.3296 -8.89515 248.631
36.3249 -8.89878 248.575
36.3372 -8.89654 248.691
36.3463 -8.89899 248.737
36.3409 -8.90097 248.687
36.3381 -8.89275 248.677
36.3464 -8.89633 248.736
36.3416 -8.89687 248.738
36.341 -8.89016 248.725
36.3211 -8.88153 248.586
36.3188 -8.8835 248.526
36.344 -8.8991 248.763
36.3195 -8.88366 248.491
36.2996 -8.88416 248.335
36.3106 -8.88479 248.425
36.3279 -8.88947 248.572
36.3347 -8.8924 248.647
36.346 -8.9044 248.755
36.3722 -8.90167 248.94
36.361 -8.89272 248.91
36.3362 -8.8917 248.637
36.3087 -8.88032 248.387
36.3263 -8.8865 248.555
36.3292 -8.87979 248.599
36.3333 -8.88694 248.605
36.3139 -8.8854 248.502
36.3288 -8.89065 248.616
36.3346 -8.88977 248.648
36.3585 -8.89604 248.823
36.3639 -8.89272 248.862
36.3528 -8.89459 248.789
36.3504 -8.89356 248.748
36.3374 -8.88435 248.639
36.3308 -8.87964 248.614
36.3495 -8.88564 248.786
36.345 -8.89149 248.689
36.3228 -8.88008 248.498
36.3344 -8.88814 248.589
36.3257 -8.88985 248.525
36.3479 -8.89928 248.682
36.3272 -8.88773 248.534
36.303 -8.87467 248.358
36.3154 -8.8836 248.462
36.3304 -8.88957 248.623
36.3314 -8.88466 248.602
36.3395 -8.88736 248.66
36.3498 -8.88983 248.782
36.3422 -8.89215 248.685
36.3135 -8.88331 248.444
36.3012 -8.87843 248.377
36.3101 -8.88885 248.441
36.3296 -8.8932 248.572
36.3234 -8.88793 248.522
36.3182 -8.88928 248.496
36.3299 -8.89117 248.59
36.314 -8.89086 248.459
36.3169 -8.88808 248.451
36.3259 -8.88811 248.506
36.3231 -8.88474 248.481
36.3158 -8.88341 248.445
36.3336 -8.89207 248.598
