35.227 -16.3778 251.239
35.2394 -16.3726 251.341
35.2366 -16.3777 251.311
35.2444 -16.3851 251.344
35.2535 -16.3936 251.425
35.2673 -16.4072 251.636
35.2631 -16.402 251.54
35.2596 -16.3845 251.476
35.2572 -16.3951 251.467
35.2577 -16.3912 251.46
35.2497 -16.3904 251.403
35.2453 -16.3864 251.336
35.2663 -16.4017 251.608
35.2761 -16.4075 251.719
35.2536 -16.396 251.462
35.2123 -16.3716 251.091
35.2285 -16.3689 251.207
35.2252 -16.376 251.187
35.2168 -16.374 251.13
35.2381 -16.3884 251.298
35.2411 -16.3867 251.323
35.2181 -16.3753 251.117
35.2393 -16.3855 251.272
35.2328 -16.3803 251.25
35.241 -16.3851 251.31
35.2465 -16.3915 251.391
35.2467 -16.3793 251.335
35.2529 -16.3845 251.41
35.257 -16.3888 251.426
35.2251 -16.3696 251.148
35.2462 -16.3828 251.361
35.2704 -16.4014 251.594
35.2682 -16.3987 251.595
35.2469 -16.3881 251.39
35.265 -16.3983 251.551
35.2588 -16.3957 251.463
35.2608 -16.395 251.468
35.2563 -16.3981 251.444
35.2829 -16.4112 251.705
35.2548 -16.3917 251.42
35.2552 -16.3912 251.424
35.2559 -16.3976 251.478
35.235 -16.3796 251.268
35.2039 -16.362 250.969
35.251 -16.3927 251.392
35.2661 -16.4008 251.519
35.2657 -16.4026 251.506
35.2566 -16.3859 251.416
35.2528 -16.3871 251.378
35.2327 -16.3807 251.208
35.2702 -16.4013 251.536
35.2714 -16.4017 251.648
35.2707 -16.4001 251.544
35.2615 -16.3979 251.485
35.2718 -16.4056 251.583
35.2575 -16.3995 251.411
35.2539 -16.3976 251.395
35.2474 -16.394 251.376
35.2565 -16.3948 251.447
35.273 -16.3973 251.569
35.2739 -16.4004 251.553
35.2689 -16.4055 251.533
35.2698 -16.406 251.51
35.2617 -16.4039 251.447
35.2514 -16.3906 251.327
35.262 -16.3981 251.482
35.2544 -16.3978 251.466
35.2758 -16.412 251.686
35.2695 -16.4003 251.583
35.253 -16.3896 251.412
35.2229 -16.3789 251.124
35.224 -16.3768 251.183
35.2447 -16.3886 251.334
35.258 -16.3981 251.481
35.2782 -16.402 251.621
35.288 -16.4017 251.692
35.2546 -16.3918 251.431
35.249 -16.3891 251.401
35.2509 -16.3866 251.409
35.2603 -16.3907 251.482
35.2634 -16.3979 251.549
35.2606 -16.4049 251.515
35.2678 -16.4094 251.586
35.2506 -16.391 251.378
35.2815 -16.4103 251.71
35.289 -16.4163 251.788
35.2745 -16.4036 251.636
35.2628 -16.3953 251.509
35.2499 -16.3866 251.436
35.2255 -16.3785 251.294
35.2382 -16.3891 251.372
35.2516 -16.3969 251.489
35.2713 -16.4064 251.652
35.248 -16.3957 251.503
35.2576 -16.3953 251.577
35.2808 -16.4111 251.799
35.2645 -16.4041 251.641
35.2636 -16.4024 251.632
35.2543 -16.399 251.542
35.2796 -16.4207 251.822
35.2538 -16.4029 251.557
35.2576 -16.4021 251.566
35.2481 -16.4044 251.541
35.2837 -16.4195 251.89
35.2751 -16.4134 251.773
35.2786 -16.4148 251.805
35.2548 -16.3999 251.62
35.2533 -16.4019 251.648
35.2523 -16.4021 251.618
35.2481 -16.3959 251.602
35.2351 -16.3866 251.536
35.2413 -16.3962 251.604
35.2652 -16.4147 251.791
35.2837 -16.4258 251.958
35.2607 -16.4092 251.775
35.2538 -16.4016 251.734
35.2731 -16.4203 251.962
35.289 -16.4362 252.151
35.2736 -16.4274 252.026
35.2684 -16.4178 252.035
35.2682 -16.4183 251.969
35.2774 -16.4207 252.058
35.2703 -16.4218 251.975
35.2658 -16.4247 251.978
35.2661 -16.4249 251.944
35.293 -16.4381 252.236
35.2732 -16.4292 252.046
35.2719 -16.4326 252.037
35.2997 -16.4404 252.251
35.2921 -16.4436 252.236
35.282 -16.4344 252.077
35.2828 -16.4316 252.073
35.2638 -16.4225 251.944
35.2915 -16.4379 252.229
35.2738 -16.4172 251.981
35.2567 -16.3966 251.779
35.251 -16.4015 251.739
35.2787 -16.4225 251.991
35.2848 -16.4278 252.031
35.2602 -16.4085 251.795
35.2623 -16.4048 251.755
35.2678 -16.4062 251.767
35.3148 -16.4302 252.126
35.2499 -16.3977 251.618
35.2521 -16.3986 251.627
35.2649 -16.4056 251.73
35.2823 -16.414 251.798
35.2934 -16.4244 251.897
35.2987 -16.4213 251.953
35.2505 -16.3931 251.538
35.2381 -16.3937 251.374
35.2529 -16.4036 251.498
35.2736 -16.403 251.682
35.2782 -16.416 251.755
35.2612 -16.4046 251.571
35.2335 -16.3854 251.293
35.2532 -16.3982 251.484
35.2476 -16.3986 251.463
35.2395 -16.3891 251.359
35.2464 -16.4011 251.439
35.2517 -16.4049 251.432
35.2449 -16.4068 251.387
35.2426 -16.3894 251.303
35.242 -16.3819 251.31
35.272 -16.4028 251.598
35.2696 -16.4035 251.591
35.2247 -16.3763 251.223
35.2613 -16.4024 251.45
35.2405 -16.3961 251.317
35.2487 -16.4036 251.413
35.237 -16.3923 251.276
35.2434 -16.3962 251.34
35.2356 -16.3871 251.258
35.2411 -16.3857 251.327
35.2116 -16.3688 251.029
35.2584 -16.3962 251.502
35.2333 -16.3813 251.277
35.2287 -16.3816 251.209
35.2363 -16.3852 251.268
35.2457 -16.3867 251.33
35.223 -16.385 251.25
35.2241 -16.3869 251.267
35.2644 -16.4073 251.594
35.2779 -16.4101 251.584
35.2571 -16.3934 251.408
35.2729 -16.3983 251.61
35.2613 -16.3918 251.503
35.281 -16.3999 251.645
35.2565 -16.3892 251.408
35.2573 -16.3904 251.435
35.2707 -16.4077 251.555
35.266 -16.3925 251.452
35.2644 -16.3928 251.449
35.2671 -16.3963 251.507
35.2639 -16.3946 251.523
35.2576 -16.399 251.513
35.278 -16.4065 251.642
35.2643 -16.3908 251.457
35.2481 -16.3827 251.429
35.2655 -16.3989 251.622
35.2599 -16.3926 251.52
35.2708 -16.3986 251.578
35.257 -16.3953 251.447
35.2486 -16.39 251.46
35.2619 -16.3975 251.577
35.2478 -16.3812 251.386
35.2744 -16.4011 251.607
35.2636 -16.3969 251.501
35.2798 -16.4043 251.72
35.2863 -16.4023 251.784
35.2873 -16.4047 251.74
35.2623 -16.3956 251.506
35.2578 -16.3919 251.485
35.238 -16.3778 251.301
35.2569 -16.3898 251.477
35.2719 -16.4047 251.618
35.2639 -16.3997 251.53
35.2456 -16.3895 251.389
35.2452 -16.3909 251.384
35.2654 -16.3973 251.584
35.2668 -16.3947 251.566
35.2806 -16.4059 251.699
35.2757 -16.4065 251.665
35.2528 -16.3916 251.501
35.2589 -16.3995 251.544
35.2514 -16.39 251.409
35.2546 -16.3986 251.475
35.2535 -16.3902 251.427
35.2753 -16.4079 251.676
35.2765 -16.4062 251.651
35.2876 -16.4094 251.773
35.2758 -16.4116 251.671
35.2674 -16.4068 251.537
35.2838 -16.4115 251.656
35.2596 -16.3944 251.464
35.235 -16.3807 251.263
35.2493 -16.3894 251.399
35.273 -16.4031 251.616
35.2559 -16.397 251.429
35.2418 -16.3758 251.292
35.2552 -16.3836 251.408
35.292 -16.4076 251.788
35.2644 -16.398 251.547
35.253 -16.3873 251.443
35.2624 -16.3986 251.534
35.2761 -16.4015 251.723
35.259 -16.3956 251.555
35.2572 -16.398 251.521
35.2711 -16.3983 251.63
35.2962 -16.4117 251.866
35.2751 -16.3908 251.626
35.2767 -16.3955 251.649
35.2899 -16.4094 251.797
35.2805 -16.4133 251.75
35.2755 -16.4064 251.66
35.2486 -16.3754 251.39
35.2669 -16.3895 251.546
35.2722 -16.4049 251.63
35.2626 -16.3958 251.516
35.2645 -16.3953 251.544
35.2615 -16.3877 251.534
35.2516 -16.3866 251.455
35.265 -16.3911 251.576
35.3115 -16.4173 252.014
35.2805 -16.4001 251.673
35.2703 -16.3951 251.586
35.2746 -16.4001 251.661
35.2933 -16.4133 251.821
35.2929 -16.4077 251.802
35.3109 -16.4195 251.961
35.2862 -16.4077 251.751
35.2492 -16.389 251.447
35.2715 -16.405 251.641
35.2712 -16.3965 251.602
35.2492 -16.3822 251.392
35.2676 -16.3919 251.547
35.2694 -16.3918 251.542
35.2846 -16.4011 251.691
35.2768 -16.3992 251.666
35.2445 -16.3831 251.339
35.2673 -16.3918 251.518
35.2556 -16.3871 251.442
35.2624 -16.3981 251.507
35.2852 -16.4023 251.706
35.2776 -16.3985 251.623
35.2757 -16.4029 251.641
35.2636 -16.3894 251.555
35.2533 -16.3901 251.484
35.2599 -16.3902 251.497
35.2553 -16.3869 251.465
35.2649 -16.3974 251.562
35.2663 -16.4018 251.577
35.2544 -16.3903 251.446
35.2278 -16.374 251.216
35.2667 -16.3889 251.563
35.2614 -16.3924 251.537
35.2502 -16.3875 251.4
35.2608 -16.3962 251.498
35.2631 -16.4002 251.509
35.2671 -16.4004 251.549
35.2681 -16.3931 251.548
35.2952 -16.406 251.825
35.2684 -16.3927 251.6
35.251 -16.3876 251.484
35.2655 -16.3921 251.598
35.2568 -16.3901 251.467
35.2647 -16.3948 251.529
35.2672 -16.4073 251.579
35.2691 -16.4012 251.583
35.2746 -16.4014 251.606
35.2668 -16.4021 251.57
35.2633 -16.3938 251.543
35.2541 -16.3929 251.433
35.2366 -16.3893 251.29
35.2406 -16.3876 251.309
35.2578 -16.3942 251.481
35.2597 -16.3916 251.466
35.254 -16.393 251.456
35.2523 -16.3868 251.403
35.2476 -16.3079 251.344
35.2343 -16.1993 251.3
35.2432 -16.0424 251.319
35.2641 -15.994 251.463
35.2582 -15.9372 251.414
35.2824 -15.9043 251.657
35.2438 -15.7105 251.341
35.2975 -15.6669 251.836
35.2947 -15.5669 251.735
35.2908 -15.539 251.72
35.2667 -15.5226 251.507
35.2718 -15.5063 251.561
35.2755 -15.4885 251.631
35.2778 -15.4696 251.619
35.2676 -15.4474 251.522
35.2801 -15.4201 251.665
35.31 -15.3933 251.969
35.252 -15.3225 251.469
35.2797 -15.2239 251.654
35.2899 -15.1815 251.751
35.3008 -15.1376 251.848
35.2857 -15.0628 251.636
35.2683 -15.0301 251.507
35.2766 -14.9951 251.647
35.2621 -14.9578 251.527
35.2808 -14.9597 251.709
35.284 -14.9507 251.706
35.2955 -14.9224 251.783
35.3075 -14.8107 251.859
35.2924 -14.6274 251.784
35.2747 -14.5482 251.572
35.2521 -14.4623 251.388
35.2268 -14.3042 251.089
35.2701 -14.2329 251.484
35.2838 -14.0768 251.612
35.3059 -14.0195 251.803
35.2861 -13.8251 251.644
35.2943 -13.7759 251.745
35.2583 -13.7152 251.387
35.2914 -13.6403 251.677
35.2844 -13.5445 251.66
35.2787 -13.4722 251.588
35.2663 -13.3361 251.494
35.3036 -13.3052 251.775
35.2941 -13.2695 251.692
35.2953 -13.2302 251.721
35.2815 -13.1376 251.571
35.2869 -13.0576 251.623
35.2852 -12.9827 251.657
35.2939 -12.844 251.655
35.3086 -12.8047 251.824
35.3024 -12.7556 251.783
35.2904 -12.6502 251.7
35.3193 -12.4829 251.941
35.3152 -12.2471 251.894
35.2932 -12.1026 251.727
35.2965 -11.9138 251.721
35.2435 -11.818 251.172
35.2984 -11.78 251.71
35.3258 -11.6826 252.034
35.3043 -11.5422 251.745
35.2819 -11.438 251.578
35.2869 -11.1414 251.656
35.255 -10.9768 251.34
35.3186 -10.7529 251.866
35.3141 -10.5454 251.839
35.2906 -10.3954 251.598
35.3124 -10.255 251.831
35.3077 -9.88232 251.782
35.3215 -9.48693 251.874
35.3154 -9.32267 251.796
35.2852 -9.17904 251.509
35.3103 -9.10432 251.794
35.3126 -9.0812 251.764
35.3147 -9.07441 251.764
35.3172 -9.08067 251.834
35.3074 -9.07981 251.763
35.3057 -9.07858 251.762
35.3207 -9.08089 251.885
35.3242 -9.0876 251.899
35.332 -9.09505 251.914
35.3189 -9.08624 251.8
35.3257 -9.08809 251.884
35.3194 -9.08846 251.818
35.3224 -9.08908 251.85
35.328 -9.07331 251.896
35.3101 -9.04764 251.729
35.3107 -9.02243 251.739
35.3181 -9.01219 251.804
35.3003 -8.99385 251.634
35.2974 -8.96736 251.596
35.3155 -8.92481 251.75
35.321 -8.87159 251.802
35.3025 -8.78808 251.688
35.3123 -8.73053 251.775
35.3151 -8.69323 251.769
35.3204 -8.66593 251.829
35.3097 -8.64355 251.691
35.3077 -8.62524 251.668
35.3124 -8.61955 251.726
35.3136 -8.61238 251.751
35.3127 -8.61308 251.722
35.3205 -8.61314 251.834
35.2926 -8.61354 251.516
35.3152 -8.61379 251.726
35.32 -8.61001 251.799
35.3335 -8.61082 251.976
35.2686 -8.56869 251.421
35.3108 -8.47839 251.753
35.3019 -8.44161 251.643
35.304 -8.38995 251.658
35.3159 -8.36694 251.767
35.3244 -8.34865 251.861
35.3159 -8.30501 251.791
35.2878 -8.23695 251.555
35.3054 -8.15525 251.715
35.3225 -8.13457 251.898
35.3107 -8.12933 251.772
35.284 -8.11783 251.508
35.3043 -8.12723 251.691
35.3184 -8.12947 251.885
35.3255 -8.11118 251.935
35.3214 -8.09278 251.879
35.3286 -8.08228 251.925
35.3217 -8.06823 251.897
35.302 -8.05984 251.694
35.3171 -8.05042 251.852
35.3205 -8.04736 251.877
35.3148 -8.04741 251.828
35.305 -8.04406 251.733
35.3098 -8.04987 251.82
35.3143 -8.04671 251.816
35.3275 -8.04309 251.943
35.3188 -8.04367 251.853
35.3094 -8.03204 251.763
35.3334 -8.04199 251.975
35.3574 -8.05505 252.232
35.3226 -7.98431 251.932
35.3332 -7.95856 252.004
35.3235 -7.95436 251.861
35.315 -7.95496 251.847
35.3088 -7.94255 251.815
35.3063 -7.92496 251.759
35.3203 -7.93092 251.892
35.3507 -7.93883 252.156
35.3395 -7.93031 252.006
35.3464 -7.93272 252.083
35.325 -7.92218 251.886
35.3127 -7.91709 251.783
35.2982 -7.91423 251.672
35.3187 -7.89571 251.788
35.323 -7.8465 251.851
35.3186 -7.82868 251.846
35.3346 -7.83713 252.018
35.2872 -7.81966 251.596
35.3168 -7.74674 251.78
35.2911 -7.71023 251.601
35.2857 -7.69456 251.543
35.2981 -7.69172 251.666
35.3061 -7.69221 251.716
35.3189 -7.69703 251.87
35.325 -7.69507 251.885
35.3254 -7.69702 251.905
35.3154 -7.69375 251.842
35.301 -7.68832 251.765
35.3148 -7.69204 251.854
35.294 -7.69102 251.652
35.2977 -7.68449 251.684
35.3032 -7.68796 251.735
35.3063 -7.6882 251.736
35.3116 -7.68808 251.783
35.3189 -7.69232 251.867
35.3094 -7.69114 251.743
35.3149 -7.68529 251.732
35.314 -7.68471 251.752
35.3231 -7.69153 251.835
35.3156 -7.68864 251.765
35.3208 -7.69118 251.812
35.3107 -7.69437 251.751
35.306 -7.68909 251.758
35.3177 -7.68736 251.881
35.3244 -7.69574 251.911
35.3136 -7.69304 251.791
35.3014 -7.68947 251.693
35.3143 -7.69235 251.804
35.3167 -7.69341 251.856
35.3201 -7.68872 251.844
35.3173 -7.68744 251.875
35.3176 -7.6909 251.832
35.3248 -7.69661 251.896
35.3152 -7.68892 251.805
35.3149 -7.68431 251.819
35.3144 -7.69291 251.794
35.3021 -7.69413 251.678
35.2968 -7.69037 251.625
35.3155 -7.696 251.813
35.3364 -7.70008 252.004
35.3392 -7.69896 252.019
35.3387 -7.69693 251.997
35.334 -7.69885 251.993
35.3245 -7.69429 251.874
35.304 -7.69228 251.688
35.3071 -7.69795 251.766
35.3269 -7.70053 251.894
35.3114 -7.69267 251.75
35.318 -7.69159 251.812
35.3223 -7.69792 251.802
35.3151 -7.69738 251.751
35.2889 -7.68353 251.555
35.2959 -7.68444 251.611
35.2939 -7.68426 251.593
35.3165 -7.69116 251.756
35.3323 -7.6945 251.92
35.3465 -7.70625 252.098
35.3535 -7.69922 252.182
35.2926 -7.68158 251.59
35.3054 -7.68412 251.67
35.3154 -7.69364 251.778
35.3075 -7.69543 251.695
35.3093 -7.69382 251.737
35.3244 -7.69522 251.851
35.3114 -7.69169 251.713
35.2923 -7.68866 251.559
35.3023 -7.68676 251.651
35.3221 -7.69221 251.842
35.3075 -7.68589 251.731
35.3078 -7.69134 251.738
35.3106 -7.69538 251.725
35.3106 -7.69533 251.726
35.3319 -7.69661 251.906
35.3445 -7.70152 252.022
35.3277 -7.69992 251.89
35.3262 -7.69104 251.847
35.3152 -7.69328 251.778
35.3109 -7.69559 251.728
35.34 -7.70354 251.981
35.3169 -7.695 251.777
35.3143 -7.69421 251.755
35.3225 -7.69145 251.844
35.299 -7.69009 251.64
35.3139 -7.68995 251.776
35.2961 -7.68447 251.587
35.2909 -7.68194 251.57
35.3008 -7.68285 251.641
35.3183 -7.68917 251.806
35.3158 -7.69609 251.758
35.312 -7.70295 251.743
35.315 -7.6907 251.775
35.3174 -7.68913 251.832
35.2959 -7.68656 251.612
35.2828 -7.68465 251.476
35.3094 -7.69485 251.767
35.3228 -7.70521 251.864
35.2876 -7.69135 251.543
35.2933 -7.68945 251.595
35.2994 -7.69286 251.65
35.2921 -7.69036 251.581
35.3012 -7.68913 251.705
35.296 -7.69118 251.643
35.316 -7.69449 251.822
35.312 -7.69291 251.78
35.2971 -7.68733 251.642
35.3158 -7.69419 251.796
35.3101 -7.69423 251.761
35.2953 -7.68722 251.644
35.3015 -7.69172 251.682
35.2971 -7.68649 251.63
35.2961 -7.68885 251.65
35.3037 -7.69149 251.728
35.338 -7.69486 251.975
35.3004 -7.68483 251.667
35.315 -7.69106 251.818
35.3444 -7.70225 252.031
35.3216 -7.69558 251.833
35.2823 -7.68377 251.454
35.2878 -7.686 251.526
35.2967 -7.6876 251.639
35.3128 -7.69293 251.753
35.3244 -7.69776 251.87
35.3099 -7.69498 251.788
35.3254 -7.69414 251.914
35.2996 -7.68498 251.658
35.3098 -7.68894 251.688
35.2895 -7.68262 251.537
35.3088 -7.69066 251.786
35.3127 -7.69206 251.747
35.3042 -7.68997 251.657
35.3001 -7.6848 251.598
35.289 -7.6814 251.529
35.2884 -7.68509 251.522
35.3094 -7.69315 251.695
35.3146 -7.69225 251.802
35.3382 -7.69699 252.015
35.3118 -7.69973 251.77
35.3103 -7.69026 251.714
35.2843 -7.68888 251.487
35.2982 -7.6876 251.641
35.3022 -7.69452 251.645
35.3116 -7.70006 251.741
35.3115 -7.69833 251.706
35.3111 -7.69215 251.736
35.3288 -7.70187 251.874
35.3247 -7.69736 251.792
35.3264 -7.69303 251.844
35.3188 -7.70292 251.756
35.3319 -7.70105 251.88
35.3177 -7.68807 251.726
35.3091 -7.69125 251.726
35.3043 -7.69304 251.655
35.3134 -7.69509 251.722
35.3204 -7.68875 251.809
35.329 -7.69635 251.848
35.3459 -7.70363 252.021
35.2841 -7.68907 251.48
35.3237 -7.69959 251.842
35.3118 -7.69081 251.723
35.3075 -7.68815 251.664
35.3231 -7.69521 251.849
35.3056 -7.69259 251.691
35.3327 -7.69846 251.929
35.323 -7.69269 251.836
35.2913 -7.68727 251.574
35.3057 -7.68576 251.659
35.3136 -7.68869 251.711
35.3192 -7.69456 251.774
35.332 -7.69585 251.872
35.3154 -7.69289 251.773
35.2856 -7.68706 251.469
35.2941 -7.69141 251.56
35.3026 -7.68847 251.619
35.3016 -7.6832 251.619
35.3127 -7.69066 251.705
35.3134 -7.68717 251.727
35.3103 -7.68991 251.703
35.3131 -7.69078 251.727
35.3208 -7.69401 251.823
35.3281 -7.69784 251.888
35.3335 -7.69681 251.894
35.3403 -7.69487 251.982
35.3417 -7.69662 251.98
35.3385 -7.70118 251.933
35.3183 -7.6875 251.775
35.2952 -7.68393 251.595
35.3211 -7.68806 251.802
35.3119 -7.68982 251.672
35.3344 -7.6975 251.9
35.3087 -7.68716 251.679
35.303 -7.69434 251.647
35.3082 -7.6891 251.702
35.3229 -7.6955 251.829
35.3442 -7.70207 252.027
35.3086 -7.69019 251.701
35.3137 -7.68848 251.755
35.3142 -7.69165 251.761
35.3229 -7.69101 251.839
35.3244 -7.68921 251.82
35.313 -7.68383 251.7
35.3202 -7.69173 251.766
35.3352 -7.69926 251.888
35.303 -7.69258 251.666
35.3179 -7.69498 251.79
35.3107 -7.69012 251.718
35.2788 -7.67752 251.458
35.3183 -7.69293 251.785
35.3149 -7.69833 251.812
35.3136 -7.69153 251.725
35.3013 -7.68722 251.598
35.317 -7.69621 251.795
35.2945 -7.68696 251.571
35.3373 -7.69956 251.93
35.2907 -7.68996 251.57
35.3119 -7.69406 251.729
35.3074 -7.69414 251.716
35.2974 -7.68857 251.63
35.304 -7.68732 251.668
35.3395 -7.69624 251.969
35.326 -7.69457 251.816
35.3152 -7.68787 251.73
35.3019 -7.68224 251.641
35.3037 -7.68971 251.674
35.2993 -7.68777 251.622
35.3019 -7.69194 251.635
35.3121 -7.6893 251.734
35.3013 -7.69163 251.62
35.3059 -7.69326 251.665
35.2903 -7.68867 251.568
35.2921 -7.68601 251.568
35.3333 -7.69783 251.925
35.3336 -7.6974 251.914
35.3088 -7.68125 251.714
35.2923 -7.68479 251.622
35.3188 -7.69069 251.801
35.3123 -7.68566 251.751
35.3213 -7.69102 251.838
35.3391 -7.69766 251.991
35.308 -7.68696 251.713
35.3127 -7.68669 251.763
35.3272 -7.69324 251.885
35.3337 -7.69466 251.939
35.3274 -7.69322 251.871
35.3201 -7.69204 251.841
35.2994 -7.69284 251.629
35.3143 -7.69588 251.719
35.3226 -7.6927 251.831
35.3215 -7.69458 251.845
35.3127 -7.69304 251.769
35.3353 -7.70048 251.977
35.3263 -7.69791 251.893
35.3447 -7.70205 252.067
35.3194 -7.66348 251.786
35.321 -7.60732 251.807
35.3153 -7.47001 251.783
35.3241 -7.43225 251.854
35.3411 -7.3869 251.924
35.3019 -7.34364 251.639
35.3168 -7.23105 251.751
35.348 -7.12095 252.031
35.3456 -7.04087 252.016
35.3301 -6.93416 251.878
35.3309 -6.85835 251.876
35.3263 -6.84316 251.823
35.3474 -6.82455 252.026
35.3293 -6.77691 251.852
35.33 -6.75541 251.864
35.3425 -6.73043 251.981
35.3392 -6.69037 251.935
35.3252 -6.66526 251.817
35.3334 -6.54763 251.849
35.3369 -6.49464 251.907
35.3394 -6.34247 251.96
35.3126 -6.17037 251.657
35.3167 -6.06703 251.744
35.3423 -6.02159 251.961
35.3363 -5.92819 251.922
35.3489 -5.87206 251.989
35.3253 -5.84494 251.801
35.3356 -5.82028 251.931
35.3149 -5.81227 251.693
35.3054 -5.81833 251.625
35.3307 -5.79193 251.835
35.3545 -5.69007 252.073
35.3221 -5.63056 251.776
35.3051 -5.55187 251.637
35.3295 -5.50208 251.789
35.3173 -5.43008 251.636
35.3355 -5.40175 251.84
35.3414 -5.26721 251.95
35.365 -5.19642 252.189
35.3694 -4.99631 252.204
35.3633 -4.83908 252.115
35.3377 -4.80257 251.827
35.3347 -4.76013 251.855
35.3312 -4.65288 251.848
35.3446 -4.59541 251.972
35.3408 -4.53779 251.926
35.3077 -4.41682 251.586
35.346 -4.30866 251.931
35.3408 -4.24727 251.899
35.3483 -4.14009 252.031
35.3529 -4.09291 252.04
35.3737 -4.03984 252.212
35.3361 -4.00506 251.839
35.3554 -3.83312 252.062
35.3523 -3.72898 251.979
35.3701 -3.49968 252.163
35.3562 -3.39402 252.007
35.3597 -3.11033 252.023
35.3579 -2.93362 251.979
35.3557 -2.5309 252.006
35.3657 -2.10584 252.107
35.3518 -1.84906 251.897
35.3882 -1.78806 252.244
35.397 -1.67216 252.371
35.386 -1.6593 252.252
35.3657 -1.64699 252.019
35.353 -1.64311 251.919
35.3604 -1.6433 251.975
35.3677 -1.6448 252.027
35.3805 -1.64516 252.143
35.3818 -1.64188 252.173
35.3855 -1.64257 252.216
35.372 -1.59791 252.086
35.347 -1.56201 251.888
35.3631 -1.53091 252.042
35.3802 -1.47662 252.231
35.3764 -1.44504 252.16
35.3624 -1.41432 251.995
35.4018 -1.34422 252.414
35.3759 -1.19851 252.154
35.4089 -1.13473 252.493
35.3542 -1.04403 251.963
35.368 -0.962515 252.05
35.3946 -0.928246 252.335
35.4026 -0.837116 252.336
35.3804 -0.777149 252.095
35.3614 -0.676582 251.947
35.374 -0.623362 252.087
35.3722 -0.527739 252.129
35.378 -0.485525 252.14
35.3427 -0.36644 251.723
35.3656 -0.306192 252.013
35.361 -0.261251 251.954
35.3534 -0.21909 251.919
35.3674 -0.18498 252.087
35.3637 -0.0643139 252.001
35.4033 0.0265484 252.28
35.3791 0.0753727 252.102
35.3852 0.116976 252.129
35.3758 0.179321 252.08
35.3759 0.276369 252.082
35.3709 0.325405 252.045
35.3484 0.360348 251.798
35.3544 0.438864 251.822
35.3749 0.536486 252.04
35.3773 0.587336 252.081
35.3825 0.63166 252.142
35.3903 0.745403 252.157
35.4216 0.860771 252.456
35.3575 0.93227 251.865
35.3659 0.963184 251.956
35.3997 0.988953 252.28
35.4108 1.06008 252.401
35.3739 1.12114 252.025
35.3746 1.14537 252.016
35.3761 1.16584 252.002
35.3772 1.17758 252.033
35.3805 1.19555 252.098
35.3819 1.21632 252.066
35.408 1.22832 252.294
35.388 1.2982 252.119
35.3914 1.32349 252.24
35.3986 1.35026 252.269
35.3964 1.35737 252.188
35.3558 1.40721 251.793
35.3822 1.44449 252.044
35.4024 1.52994 252.252
35.3897 1.57361 252.137
35.3988 1.57685 252.201
35.4087 1.57304 252.289
35.4058 1.58695 252.284
35.4005 1.59122 252.284
35.3955 1.59209 252.192
35.3896 1.58839 252.079
35.4174 1.58858 252.41
35.3983 1.57674 252.225
35.3833 1.57469 252.036
35.3811 1.57044 252.066
35.3878 1.58164 252.084
35.373 1.62285 251.995
35.3698 1.63104 251.959
35.3997 1.65037 252.19
35.3813 1.68375 252.039
35.3701 1.71579 251.917
35.4024 1.74851 252.199
35.4158 1.74552 252.362
35.3943 1.755 252.172
35.402 1.77685 252.263
35.3893 1.78694 252.157
35.3837 1.79506 252.104
35.398 1.79207 252.202
35.4219 1.79096 252.4
35.3923 1.79355 252.169
35.3961 1.79571 252.238
35.3917 1.78688 252.171
35.4052 1.79253 252.259
35.3955 1.79332 252.151
35.3859 1.79013 252.089
35.4082 1.79828 252.256
35.4152 1.80525 252.372
35.4055 1.80262 252.298
35.397 1.80171 252.183
35.3817 1.80336 252.062
35.3899 1.79954 252.133
35.4018 1.79738 252.239
35.4003 1.79925 252.227
35.4124 1.7999 252.321
35.4055 1.79804 252.249
35.4007 1.79636 252.248
35.4176 1.7995 252.386
35.3968 1.7945 252.169
35.4018 1.79842 252.23
35.4148 1.80183 252.352
35.4242 1.80324 252.432
35.3932 1.79416 252.127
35.3735 1.78755 251.962
35.3864 1.79531 252.07
35.4017 1.7912 252.207
35.396 1.79983 252.163
35.4124 1.80052 252.351
35.3995 1.79503 252.226
35.3806 1.80016 252.074
35.3982 1.80122 252.237
35.4171 1.78988 252.396
35.3968 1.78966 252.154
35.4183 1.79971 252.384
35.3857 1.79667 252.121
35.3802 1.79431 252.077
35.3862 1.79134 252.142
35.4044 1.79375 252.288
35.4071 1.79941 252.323
35.4021 1.80346 252.295
35.4072 1.80232 252.315
35.4013 1.80014 252.26
35.397 1.80157 252.199
35.395 1.80376 252.189
35.4066 1.8028 252.308
35.391 1.80355 252.196
35.3897 1.80156 252.157
35.394 1.79099 252.249
35.4079 1.80302 252.315
35.4215 1.80051 252.427
35.4213 1.79849 252.479
35.4093 1.79565 252.392
35.4066 1.79716 252.355
35.4096 1.79832 252.37
35.4103 1.79525 252.359
35.4173 1.79581 252.42
35.4031 1.79221 252.308
35.3941 1.79119 252.243
35.3858 1.79715 252.139
35.3888 1.79413 252.124
35.3863 1.79576 252.144
35.3997 1.8039 252.293
35.3916 1.80165 252.153
35.3967 1.79486 252.205
35.3974 1.80173 252.215
35.3755 1.80077 251.988
35.3753 1.79186 251.982
35.3769 1.79477 252.016
35.3886 1.79678 252.103
35.3989 1.80624 252.229
35.409 1.80124 252.3
35.4204 1.79716 252.365
35.3899 1.79712 252.109
35.3832 1.8024 252.051
35.4095 1.80033 252.295
35.4427 1.79669 252.639
35.4137 1.80188 252.356
35.3946 1.79236 252.196
35.4017 1.79459 252.241
35.3998 1.79348 252.219
35.3897 1.79836 252.1
35.3913 1.80191 252.109
35.3804 1.80265 252.029
35.3845 1.79875 252.067
35.406 1.79523 252.253
35.3899 1.79981 252.164
35.3825 1.8013 252.065
35.38 1.80023 252.057
35.3908 1.79951 252.152
35.3856 1.80054 252.137
35.385 1.80273 252.12
35.4009 1.80826 252.236
35.4142 1.79989 252.336
35.4064 1.79708 252.324
35.4018 1.79827 252.265
35.412 1.80241 252.366
35.4251 1.80019 252.447
35.4294 1.80015 252.513
35.4215 1.80245 252.431
35.4101 1.80351 252.328
35.411 1.79992 252.322
35.3954 1.80044 252.178
35.42 1.80576 252.414
35.4069 1.80579 252.264
35.4073 1.80912 252.281
35.3976 1.80509 252.211
35.4091 1.81617 252.276
35.3887 1.79948 252.097
35.4082 1.80283 252.289
35.4039 1.80026 252.251
35.3999 1.80354 252.207
35.4087 1.80223 252.285
35.4033 1.79677 252.249
35.4028 1.79521 252.215
35.4154 1.79565 252.366
35.4154 1.79122 252.364
35.4045 1.80047 252.28
35.403 1.80848 252.284
35.3976 1.80146 252.229
35.4114 1.79711 252.335
35.3948 1.79955 252.202
35.3917 1.79923 252.222
35.4036 1.80044 252.305
35.4165 1.80572 252.405
35.3969 1.80031 252.14
35.3994 1.81074 252.212
35.394 1.80354 252.2
35.3973 1.80012 252.249
35.4012 1.79935 252.243
35.3875 1.79893 252.091
35.391 1.80234 252.165
35.3944 1.81105 252.206
35.3979 1.80648 252.221
35.3899 1.8045 252.144
35.4303 1.80365 252.434
35.3992 1.79965 252.201
35.4177 1.79945 252.343
35.4 1.80532 252.248
35.4155 1.80557 252.369
35.4159 1.80705 252.333
35.4085 1.8013 252.335
35.4239 1.80378 252.426
35.4141 1.805 252.368
35.4056 1.80181 252.314
35.4112 1.80178 252.348
35.4021 1.79661 252.266
35.4232 1.80262 252.473
35.4011 1.80286 252.278
35.4173 1.80347 252.425
35.4146 1.80347 252.409
35.3992 1.80222 252.259
35.4054 1.79939 252.309
35.3891 1.79943 252.157
35.3913 1.80307 252.189
35.3932 1.7994 252.159
35.4038 1.80596 252.301
35.3941 1.79744 252.195
35.3945 1.80008 252.197
35.4185 1.80074 252.409
35.4149 1.79631 252.352
35.4013 1.80286 252.239
35.4025 1.79671 252.253
35.4256 1.80436 252.457
35.4251 1.81261 252.496
35.4236 1.80658 252.431
35.4433 1.8041 252.655
35.4208 1.80255 252.465
35.3972 1.7981 252.315
35.4045 1.80161 252.36
35.4268 1.80495 252.576
35.3974 1.80082 252.254
35.4162 1.80066 252.369
35.4127 1.80185 252.388
35.4112 1.80654 252.43
35.4193 1.80863 252.45
35.4057 1.80545 252.27
35.4159 1.80315 252.402
35.4049 1.80431 252.288
35.4213 1.80286 252.45
35.4467 1.81004 252.702
35.4153 1.80191 252.364
35.4184 1.80197 252.428
35.4031 1.79765 252.281
35.3976 1.79744 252.253
35.4154 1.7993 252.38
35.4045 1.80011 252.278
35.4095 1.79839 252.379
35.4164 1.79742 252.493
35.4117 1.80305 252.41
35.4142 1.80766 252.431
35.4142 1.81308 252.393
35.4221 1.8164 252.455
35.4109 1.80724 252.355
35.4058 1.79684 252.368
35.4058 1.79812 252.331
35.3924 1.79921 252.174
35.3986 1.79979 252.254
35.3964 1.80326 252.281
35.4091 1.80175 252.353
35.4053 1.80613 252.332
35.4142 1.80087 252.395
35.4028 1.79687 252.293
35.4073 1.80084 252.321
35.3872 1.80469 252.138
35.4023 1.80002 252.27
35.4191 1.79666 252.435
35.4182 1.80254 252.387
35.3995 1.80023 252.26
35.4184 1.80243 252.417
35.4402 1.80478 252.623
35.4113 1.80245 252.331
35.3885 1.80311 252.128
35.3884 1.79752 252.122
35.3956 1.80462 252.191
35.4142 1.80235 252.283
35.4077 1.79737 252.306
35.4064 1.80003 252.301
35.4209 1.80239 252.417
35.4094 1.82512 252.33
35.3948 1.98673 252.218
35.4289 2.28531 252.509
35.3917 2.36362 252.153
35.4092 2.33037 252.302
35.4082 2.30977 252.265
35.4272 2.30364 252.417
35.4371 2.29782 252.573
35.4163 2.29453 252.399
35.4164 2.29515 252.337
35.4165 2.29469 252.343
35.4201 2.29597 252.366
35.4202 2.29803 252.361
35.4089 2.2998 252.278
35.4018 2.29795 252.226
35.4125 2.29819 252.307
35.4133 2.29389 252.35
35.4236 2.28855 252.422
35.4419 2.30214 252.569
35.4029 2.29761 252.229
35.4089 2.29426 252.297
35.4047 2.30175 252.272
35.4079 2.29679 252.267
35.3938 2.29602 252.158
35.4173 2.30103 252.334
35.4279 2.30596 252.437
35.4254 2.30478 252.414
35.4029 2.30126 252.237
35.4209 2.33845 252.361
35.4122 2.37412 252.377
35.4244 2.42301 252.443
35.422 2.47107 252.365
35.4198 2.50044 252.349
35.4194 2.54421 252.359
35.3993 2.56657 252.155
35.3744 2.57951 251.96
35.3925 2.60415 252.102
35.4132 2.62572 252.298
35.3851 2.64608 252.093
35.3869 2.65964 252.129
35.4081 2.66651 252.268
35.4267 2.69192 252.411
35.4152 2.72808 252.298
35.4255 2.74967 252.43
35.4324 2.75267 252.487
35.4281 2.75681 252.409
35.4221 2.75694 252.34
35.4121 2.75823 252.309
35.4064 2.83406 252.283
35.4058 2.9543 252.228
35.4276 3.00619 252.397
35.4293 3.03067 252.448
35.4129 3.09514 252.271
35.3885 3.14001 252.038
35.4161 3.1929 252.297
35.4119 3.29745 252.248
35.4064 3.35204 252.193
35.4225 3.38743 252.38
35.434 3.42849 252.465
35.4468 3.47413 252.549
35.4338 3.5336 252.393
35.4191 3.5713 252.278
35.4236 3.63763 252.334
35.4263 3.65881 252.41
35.4477 3.69784 252.586
35.4548 3.80434 252.639
35.4699 3.84549 252.782
35.4467 3.89252 252.543
35.4585 4.0543 252.653
35.4235 4.23846 252.378
35.4607 4.44673 252.665
35.449 4.54475 252.609
35.4733 4.67233 252.76
35.4708 4.77668 252.707
35.4626 4.94409 252.655
35.4618 4.9638 252.634
35.4599 5.02755 252.654
35.4823 5.07614 252.839
35.4722 5.11153 252.762
35.4541 5.12808 252.605
35.464 5.16388 252.659
35.4462 5.19846 252.481
35.4602 5.33861 252.628
35.4364 5.40075 252.477
35.4885 5.54826 252.909
35.4942 5.60263 252.941
35.4455 5.63214 252.529
35.4545 5.78589 252.542
35.4666 5.91781 252.617
35.4516 5.99173 252.533
35.4332 6.05004 252.419
35.4501 6.17238 252.5
35.4377 6.18169 252.371
35.4451 6.20297 252.41
35.4631 6.22369 252.595
35.4511 6.23685 252.523
35.4528 6.29168 252.508
35.4776 6.34276 252.727
35.4562 6.38228 252.549
35.4582 6.50238 252.53
35.4605 6.61648 252.552
35.4702 6.85881 252.675
35.4834 7.06897 252.784
35.4524 7.13225 252.531
35.471 7.20481 252.67
35.4757 7.38302 252.701
35.4721 7.55225 252.682
35.4476 7.70393 252.459
35.4923 7.78892 252.867
35.5014 7.85967 252.893
35.5336 7.89468 253.202
35.5168 7.96945 253.047
35.5154 8.02806 253.056
35.4903 8.12931 252.821
35.4923 8.19772 252.8
35.5015 8.25827 252.915
35.4975 8.29904 252.857
35.4969 8.37164 252.879
35.508 8.535 252.893
35.464 8.5828 252.581
35.4891 8.64575 252.852
35.4731 8.70037 252.658
35.47 8.72993 252.633
35.5031 8.77167 252.942
35.488 8.78596 252.825
35.4905 8.80886 252.839
35.5047 8.84689 252.92
35.5118 8.89642 252.984
35.4978 8.94019 252.86
35.5062 8.96922 252.899
35.5165 9.00738 252.994
35.5187 9.10764 253.1
35.536 9.22546 253.235
35.5083 9.28648 252.909
35.5155 9.39611 252.943
35.5396 9.44232 253.188
35.5266 9.53523 253.006
35.5294 9.59703 253.057
35.5173 9.61981 252.974
35.5327 9.65215 253.15
35.5201 9.65495 253.067
35.509 9.64997 252.953
35.4931 9.64122 252.767
35.5172 9.68079 252.972
35.5236 9.69874 253.013
35.5178 9.70345 252.885
35.5028 9.6992 252.739
35.5165 9.69024 252.947
35.5427 9.7251 253.139
35.5045 9.81143 252.872
35.5064 9.84347 252.84
35.5236 9.90195 252.991
35.5288 9.92315 253.08
35.5215 9.9377 253
35.53 9.96387 253.032
35.5394 9.98827 253.104
35.5027 10.0376 252.858
35.5094 10.0907 252.876
35.499 10.115 252.766
35.5096 10.1389 252.901
35.5251 10.1517 253.01
35.5306 10.1792 253.066
35.5293 10.2033 253.029
35.528 10.3178 253.038
35.554 10.3731 253.21
35.5263 10.3806 252.995
35.5135 10.3778 252.892
35.5301 10.3994 253.037
35.5101 10.4948 252.885
35.5328 10.5284 253.097
35.5399 10.5458 253.148
35.5504 10.5556 253.258
35.5485 10.588 253.229
35.5502 10.6125 253.252
35.5227 10.6348 252.996
35.5341 10.6689 253.086
35.5357 10.6771 253.098
35.5463 10.6894 253.218
35.5305 10.6801 253.067
35.5395 10.6792 253.119
35.5587 10.6902 253.301
35.5624 10.6889 253.353
35.5637 10.6899 253.291
35.5321 10.6759 252.989
35.5408 10.6837 253.15
35.5491 10.6838 253.298
35.5308 10.6738 253.012
35.5279 10.6721 253
35.5275 10.6728 252.987
35.5389 10.687 253.123
35.546 10.6776 253.159
35.5297 10.6813 253.057
35.5335 10.6753 253.059
35.5302 10.6704 253.034
35.5407 10.6838 253.135
35.5356 10.6816 253.115
35.5313 10.6821 253.1
35.5513 10.6882 253.246
35.5189 10.6793 252.957
35.5114 10.6737 252.886
35.5432 10.6946 253.209
35.5245 10.74 252.986
35.5473 10.8119 253.279
35.5525 10.8404 253.323
35.5627 10.8444 253.351
35.5572 10.8407 253.263
35.5336 10.8318 253.086
35.5153 10.8184 252.975
35.5272 10.838 253.077
35.5416 10.8555 253.174
35.5475 10.8572 253.219
35.5268 10.8494 253.053
35.5459 10.8595 253.221
35.5368 10.9154 253.102
35.5446 10.9494 253.177
35.5421 10.9768 253.162
35.537 10.9889 253.121
35.5421 11.0047 253.173
35.5391 11.0429 253.106
35.5493 11.094 253.198
35.5427 11.0938 253.16
35.5503 11.0938 253.238
35.5425 11.0955 253.173
35.5197 11.0889 252.974
35.5336 11.0983 253.075
35.5627 11.1154 253.332
35.5674 11.1374 253.398
35.5807 11.1617 253.518
35.5425 11.1481 253.188
35.5302 11.1428 253.066
35.5219 11.1421 252.977
35.5275 11.1691 253.042
35.5315 11.1902 253.094
35.5316 11.2131 253.073
35.54 11.2168 253.148
35.5259 11.2191 253.03
35.5368 11.2269 253.12
35.5198 11.2561 253
35.524 11.3015 253.022
35.5313 11.3014 253.038
35.5039 11.292 252.825
35.5086 11.2956 252.854
35.522 11.3005 252.947
35.5157 11.2994 252.855
35.5123 11.302 252.879
35.51 11.3031 252.911
35.5134 11.3041 252.882
35.5381 11.3181 253.09
35.5266 11.3178 252.983
35.5684 11.3403 253.336
35.556 11.3285 253.244
35.5305 11.3173 253.034
35.5311 11.3183 253.074
35.5331 11.3163 253.075
35.5399 11.3286 253.162
35.5213 11.3203 253.014
35.5403 11.3278 253.144
35.5531 11.3319 253.247
35.5346 11.3246 253.086
35.5375 11.3242 253.092
35.522 11.321 252.955
35.5093 11.3207 252.837
35.5221 11.3186 252.977
35.5306 11.3267 253.067
35.5264 11.3228 252.99
35.5236 11.3186 252.99
35.5223 11.3156 252.956
35.5498 11.3237 253.179
35.55 11.3253 253.181
35.5419 11.3246 253.117
35.5418 11.3279 253.114
35.5129 11.316 252.865
35.5302 11.32 253.015
35.5227 11.3152 252.987
35.5334 11.3203 253.062
35.51 11.3122 252.855
35.5263 11.3245 253.018
35.5338 11.3195 253.076
35.5485 11.3262 253.206
35.5299 11.3208 253.046
35.5315 11.3205 253.032
35.5405 11.3256 253.142
35.5342 11.3265 253.083
35.5399 11.3317 253.207
35.5558 11.3354 253.293
35.5446 11.3334 253.197
35.5543 11.3348 253.272
35.54 11.3254 253.139
35.5482 11.3267 253.215
35.5425 11.3282 253.162
35.5428 11.3369 253.177
35.5225 11.3268 253
35.529 11.3256 253.039
35.526 11.3301 253.026
35.5355 11.3275 253.089
35.548 11.3265 253.195
35.5226 11.3224 252.986
35.5413 11.3297 253.161
35.5278 11.3235 253.031
35.526 11.3168 252.989
35.5271 11.3219 252.963
35.5314 11.316 252.972
35.5144 11.309 252.893
35.5393 11.3133 253.048
35.5425 11.321 253.1
35.5373 11.3205 253.061
35.5376 11.3179 253.087
35.5523 11.3245 253.238
35.5252 11.3138 252.968
35.5255 11.3214 252.971
35.5376 11.3259 253.11
35.5357 11.3207 253.133
35.5436 11.3245 253.169
35.5522 11.3251 253.273
35.5537 11.3342 253.266
35.5593 11.3394 253.283
35.5476 11.3253 253.164
35.5303 11.3245 253.033
35.5374 11.3275 253.117
35.5536 11.3371 253.25
35.5349 11.3244 253.034
35.5418 11.3267 253.104
35.5387 11.3281 253.095
35.5399 11.3269 253.198
35.5552 11.3285 253.255
35.5462 11.327 253.15
35.5637 11.3326 253.336
35.5403 11.3251 253.075
35.5384 11.3243 253.054
35.5354 11.326 253.052
35.5435 11.3255 253.09
35.5139 11.3152 252.82
35.5255 11.3232 252.976
35.5448 11.3388 253.18
35.5284 11.3227 252.987
35.5499 11.3276 253.211
35.5471 11.3228 253.158
35.54 11.323 253.078
35.5509 11.3247 253.181
35.5564 11.3249 253.264
35.5551 11.3259 253.25
35.561 11.3309 253.319
35.5371 11.3207 253.099
35.5272 11.3273 253.036
35.5389 11.3238 253.142
35.5247 11.3265 252.966
35.5298 11.3225 253.004
35.5238 11.313 252.949
35.5294 11.3105 252.991
35.5314 11.3185 253.028
35.5337 11.3181 253.027
35.5259 11.3207 252.996
35.5532 11.3283 253.288
35.542 11.3265 253.193
35.5432 11.3254 253.178
35.5437 11.3308 253.183
35.5489 11.3309 253.222
35.5457 11.3248 253.198
35.5531 11.3333 253.236
35.5356 11.3302 253.119
35.5353 11.3273 253.093
35.5441 11.3308 253.189
35.5265 11.3253 253.02
35.5474 11.3341 253.213
35.5298 11.3239 253.008
35.5305 11.3249 253.008
35.5215 11.3227 252.949
35.5103 11.3224 252.871
35.5179 11.3222 252.882
35.5426 11.3239 253.106
35.5443 11.3295 253.138
35.5178 11.3262 252.897
35.5296 11.3245 253.022
35.5431 11.3282 253.179
35.5202 11.3146 252.975
35.4875 11.2953 252.702
35.5174 11.3198 252.901
35.533 11.3322 253.038
35.5156 11.3208 252.94
35.5182 11.3207 252.972
35.5538 11.3288 253.234
35.5411 11.3251 253.177
35.5342 11.3237 253.11
35.5442 11.3301 253.199
35.5267 11.3229 253.024
35.5335 11.3298 253.077
35.5295 11.3268 253.07
35.5367 11.3231 253.16
35.5507 11.3313 253.26
35.5561 11.3271 253.293
35.5471 11.3234 253.221
35.5399 11.3239 253.157
35.542 11.3242 253.181
35.5451 11.3267 253.207
35.5351 11.3202 253.077
35.5398 11.3215 253.139
35.5366 11.3291 253.103
35.5257 11.3141 253.006
35.5408 11.3269 253.136
35.5811 11.3495 253.51
35.5543 11.3359 253.293
35.5731 11.3511 253.49
35.566 11.3441 253.406
35.5637 11.3391 253.392
35.5569 11.3323 253.274
35.5513 11.3235 253.224
35.5527 11.3297 253.248
35.5546 11.3309 253.313
35.5553 11.3324 253.304
35.531 11.3215 253.064
35.5361 11.3223 253.103
35.5312 11.322 253.076
35.5243 11.3167 253.011
35.5407 11.3255 253.158
35.5527 11.3355 253.274
35.54 11.333 253.187
35.5233 11.3107 253.022
35.5594 11.3335 253.363
35.5425 11.3275 253.157
35.544 11.3347 253.191
35.5655 11.3403 253.393
35.5392 11.3289 253.124
35.5568 11.341 253.267
35.5416 11.3303 253.182
35.5372 11.3325 253.161
35.5286 11.3243 253.09
35.5524 11.3312 253.283
35.5601 11.3354 253.33
35.5358 11.3228 253.09
35.5377 11.3256 253.109
35.5403 11.3264 253.129
35.5354 11.3278 253.127
35.5346 11.3205 253.128
35.5262 11.3244 253.046
35.5416 11.3347 253.168
35.5396 11.3246 253.149
35.5302 11.3267 253.059
35.5403 11.3298 253.165
35.5476 11.3337 253.206
35.5528 11.3317 253.272
35.5519 11.3276 253.253
35.5188 11.3139 252.947
35.5244 11.3101 252.974
35.5303 11.3151 253.034
35.5295 11.3198 253.058
35.5153 11.3153 252.939
35.527 11.3212 253.028
35.5512 11.3246 253.224
35.5422 11.3262 253.153
35.5343 11.3283 253.107
35.5408 11.3243 253.151
35.5297 11.3191 253.056
35.5504 11.3267 253.22
35.543 11.3229 253.149
35.5418 11.3279 253.141
35.5422 11.327 253.157
35.5373 11.3208 253.109
35.5616 11.3337 253.366
35.5411 11.3175 253.158
35.5443 11.3276 253.151
35.566 11.3326 253.359
35.5454 11.33 253.131
35.5441 11.3275 253.157
35.5362 11.323 253.097
35.5237 11.3137 252.967
35.5356 11.3212 253.088
35.5284 11.3231 253.054
35.5265 11.3231 253.055
35.5412 11.3288 253.174
35.5289 11.3286 253.086
35.5272 11.3177 253.023
35.5457 11.3261 253.192
35.558 11.3305 253.267
35.5387 11.3253 253.115
35.5427 11.3287 253.13
35.5425 11.3229 253.112
35.5397 11.3194 253.16
35.5454 11.3238 253.167
35.5402 11.3268 253.145
35.5285 11.3208 253.036
35.5548 11.3294 253.224
35.5446 11.3296 253.139
35.5574 11.3343 253.248
35.5662 11.3392 253.348
35.5615 11.337 253.295
35.5694 11.3384 253.363
35.5574 11.329 253.272
35.5266 11.317 253.024
35.5297 11.3158 253.027
35.5272 11.3092 253.013
35.5469 11.3251 253.214
35.5372 11.3344 253.105
35.564 11.3384 253.318
35.5478 11.3352 253.195
35.5472 11.3261 253.197
35.5395 11.3158 253.081
35.5458 11.3202 253.129
35.5654 11.3282 253.259
35.5432 11.3218 253.109
35.5444 11.3265 253.137
35.5363 11.3176 253.066
35.5374 11.3214 253.13
35.5431 11.3187 253.146
35.5486 11.3247 253.18
35.5533 11.3232 253.238
35.5521 11.3236 253.249
35.5692 11.3347 253.364
35.5554 11.3356 253.249
35.5678 11.3988 253.324
35.5379 11.4329 253.042
35.5414 11.4999 253.102
35.5389 11.5728 253.13
35.5426 11.6 253.169
35.5777 11.647 253.451
35.5701 11.6749 253.357
35.5328 11.7681 253.038
35.5474 11.8367 253.115
35.547 11.9382 253.144
35.5758 11.9905 253.396
35.5805 12.016 253.454
35.5761 12.0724 253.454
35.579 12.1117 253.509
35.5725 12.135 253.393
35.572 12.1707 253.405
35.5786 12.2271 253.457
35.5632 12.3055 253.254
35.5887 12.3983 253.465
35.5814 12.4407 253.422
35.5568 12.4612 253.2
35.5383 12.4946 253.068
35.5529 12.5462 253.17
35.584 12.6583 253.401
35.5581 12.7079 253.171
35.5558 12.8483 253.215
35.5666 12.9064 253.262
35.5784 12.9629 253.44
35.5606 13.0618 253.208
35.5623 13.1211 253.203
35.5797 13.2714 253.358
35.5715 13.3571 253.302
35.5696 13.3987 253.27
35.5561 13.4271 253.171
35.5818 13.4736 253.411
35.5604 13.5102 253.163
35.5617 13.5539 253.187
35.5471 13.5837 253.137
35.5785 13.6323 253.328
35.5864 13.6795 253.324
35.5905 13.7282 253.37
35.5834 13.7544 253.35
35.5776 13.8275 253.322
35.5989 13.9032 253.502
35.5949 14.0125 253.411
35.5877 14.0844 253.412
35.5733 14.1659 253.318
35.5706 14.3326 253.249
35.6106 14.4265 253.605
35.5867 14.535 253.345
35.5615 14.5848 253.175
35.5595 14.6675 253.159
35.5629 14.7536 253.198
35.5994 14.9578 253.463
35.5666 15.0993 253.163
35.5843 15.2569 253.311
35.5733 15.3518 253.22
35.5875 15.4254 253.326
35.572 15.5828 253.201
35.599 15.6756 253.45
35.5701 15.6913 253.152
35.5772 15.7289 253.226
35.5925 15.7564 253.364
35.6071 15.7828 253.497
35.603 15.7936 253.449
35.5817 15.8091 253.273
35.5918 15.8565 253.31
35.6189 15.9356 253.539
35.5883 15.9485 253.291
35.588 16.0077 253.307
35.625 16.0847 253.621
35.6149 16.1766 253.506
35.6308 16.2442 253.621
35.5966 16.3756 253.428
35.6181 16.4874 253.549
35.6103 16.5624 253.488
35.6065 16.6214 253.387
35.6129 16.7443 253.506
35.5975 16.7829 253.303
35.6044 16.9187 253.374
35.6368 17.0252 253.669
35.6125 17.0915 253.451
35.6145 17.1419 253.529
35.5823 17.2138 253.209
35.6268 17.2775 253.553
35.5793 17.3512 253.131
35.6182 17.4224 253.477
35.623 17.4999 253.531
35.6119 17.5277 253.467
35.6212 17.5817 253.524
35.6257 17.6571 253.553
35.628 17.6939 253.553
35.6383 17.7344 253.649
35.6318 17.7946 253.594
35.6406 17.8752 253.661
35.6316 17.953 253.573
35.6316 18.0162 253.55
35.6116 18.1056 253.394
35.6179 18.1513 253.436
35.6679 18.2638 253.922
35.6477 18.2841 253.698
35.6393 18.33 253.603
35.6349 18.3515 253.579
35.6188 18.3641 253.468
35.6161 18.3662 253.429
35.6058 18.369 253.33
35.6123 18.3918 253.408
35.6252 18.4296 253.56
35.6255 18.4728 253.552
35.6283 18.5005 253.516
35.6463 18.5359 253.727
35.6329 18.5519 253.599
35.6165 18.5651 253.443
35.6136 18.5756 253.402
35.6059 18.5919 253.351
35.5984 18.6003 253.238
35.6007 18.6215 253.214
35.6325 18.6595 253.517
35.6177 18.7065 253.358
35.6127 18.8217 253.382
35.6163 18.8481 253.405
35.6479 18.8966 253.69
35.6281 18.8933 253.493
35.6313 18.9091 253.541
35.6496 18.9249 253.647
35.6697 18.9638 253.838
35.6706 18.9879 253.898
35.6586 18.992 253.782
35.6638 19.0038 253.815
35.6391 19.017 253.642
35.6488 19.0469 253.705
35.6407 19.0859 253.579
35.66 19.1393 253.721
35.6323 19.1451 253.453
35.6673 19.1762 253.853
35.6678 19.1903 253.808
35.669 19.2201 253.858
35.6645 19.2417 253.839
35.6409 19.2421 253.587
35.6333 19.2484 253.513
35.6467 19.2794 253.639
35.6435 19.3088 253.578
35.6445 19.3476 253.597
35.6416 19.3828 253.534
35.6664 19.4192 253.764
35.6929 19.4582 253.998
35.669 19.462 253.801
35.6561 19.4743 253.708
35.6474 19.4911 253.606
35.6355 19.5398 253.499
35.6574 19.6094 253.688
35.6476 19.6275 253.607
35.6299 19.652 253.398
35.6404 19.7404 253.515
35.632 19.7925 253.457
35.6332 19.8245 253.487
35.6436 19.8481 253.559
35.6205 19.848 253.387
35.6265 19.8445 253.421
35.6486 19.8552 253.597
35.6497 19.856 253.579
35.6533 19.8654 253.589
35.6705 19.8818 253.748
35.6683 19.8789 253.755
35.6794 19.8867 253.867
35.6769 19.8903 253.876
35.6711 19.8844 253.797
35.6675 19.8745 253.781
35.6717 19.9061 253.821
35.6517 19.918 253.668
35.6627 19.9431 253.742
35.6511 19.9418 253.652
35.6626 19.9481 253.747
35.6455 19.9392 253.567
35.6487 19.9495 253.564
35.6647 19.9665 253.706
35.6592 19.9711 253.69
35.6551 19.9721 253.683
35.6641 19.9817 253.75
35.6481 19.9701 253.591
35.6496 19.975 253.63
35.6386 19.9661 253.543
35.6508 19.9733 253.627
35.6536 19.9846 253.642
35.6584 19.9887 253.693
35.6458 19.9792 253.605
35.6394 19.9769 253.541
35.6459 19.9837 253.597
35.6511 19.9836 253.623
35.6684 20.0285 253.808
35.6464 20.0293 253.612
35.6329 20.0425 253.5
35.6435 20.0526 253.571
35.6541 20.0563 253.664
35.629 20.0395 253.447
35.644 20.049 253.57
35.6521 20.0562 253.631
35.6461 20.0541 253.585
35.6475 20.0583 253.581
35.643 20.0413 253.533
35.6546 20.0569 253.672
35.6384 20.0503 253.521
35.6237 20.0339 253.374
35.6209 20.0313 253.326
35.6306 20.0389 253.423
35.6193 20.0293 253.331
35.6202 20.0224 253.347
35.6188 20.0203 253.32
35.6288 20.0468 253.423
35.6453 20.0742 253.57
35.6537 20.0963 253.665
35.6684 20.124 253.785
35.6733 20.1552 253.847
35.6614 20.1664 253.744
35.6732 20.1756 253.819
35.688 20.192 253.951
35.6697 20.2024 253.781
35.6704 20.236 253.845
35.6744 20.2522 253.822
35.6614 20.2696 253.714
35.6451 20.2507 253.557
35.6437 20.2476 253.547
35.6488 20.2537 253.599
35.6605 20.2758 253.692
35.6834 20.3494 253.929
35.6783 20.3723 253.873
35.6841 20.3768 253.911
35.6656 20.3739 253.784
35.6555 20.3629 253.661
35.6454 20.3579 253.561
35.6449 20.353 253.534
35.6431 20.3527 253.502
35.6452 20.3565 253.532
35.6596 20.3789 253.701
35.6475 20.3686 253.589
35.6585 20.3771 253.675
35.6713 20.3826 253.818
35.681 20.3838 253.889
35.655 20.3654 253.636
35.6794 20.3795 253.82
35.6776 20.3757 253.798
35.6644 20.3741 253.729
35.6687 20.375 253.785
35.6703 20.3718 253.788
35.6703 20.3691 253.773
35.6677 20.3655 253.72
35.6815 20.3812 253.856
35.6796 20.3801 253.813
35.6758 20.383 253.785
35.6857 20.3938 253.915
35.6618 20.3799 253.7
35.6378 20.3602 253.474
35.676 20.3925 253.808
35.6922 20.4135 253.953
35.7173 20.4399 254.142
35.6928 20.4187 253.953
35.7065 20.4382 254.101
35.6838 20.4211 253.889
35.6672 20.4084 253.737
35.6705 20.4111 253.755
35.6816 20.4239 253.838
35.6805 20.4274 253.836
35.6781 20.4198 253.825
35.6794 20.4196 253.821
35.6778 20.4142 253.765
35.6664 20.4105 253.703
35.6822 20.4215 253.883
35.6668 20.4113 253.747
35.6784 20.421 253.822
35.6782 20.4187 253.831
35.6747 20.4192 253.801
35.6661 20.4103 253.705
35.6757 20.4171 253.811
35.6871 20.4264 253.907
35.6671 20.4146 253.711
35.6776 20.4201 253.827
35.6902 20.43 253.94
35.6876 20.428 253.932
35.6815 20.4213 253.867
35.6716 20.4141 253.752
35.6727 20.4149 253.763
35.6814 20.4164 253.844
35.674 20.4094 253.79
35.6829 20.4191 253.866
35.6793 20.4137 253.82
35.6687 20.4102 253.736
35.6796 20.4197 253.855
35.6811 20.4198 253.864
35.6744 20.413 253.796
35.663 20.3975 253.668
35.6777 20.4196 253.812
35.6679 20.4164 253.736
35.6569 20.4104 253.62
35.659 20.4047 253.623
35.6545 20.4033 253.616
35.6563 20.4083 253.615
35.6662 20.4089 253.71
35.6449 20.3934 253.516
35.6583 20.4017 253.639
35.6521 20.4052 253.585
35.6651 20.4127 253.731
35.674 20.4234 253.818
35.6707 20.4187 253.774
35.6344 20.3971 253.489
35.6589 20.4057 253.679
35.6566 20.4046 253.644
35.6594 20.4054 253.655
35.6586 20.4139 253.666
35.6655 20.4187 253.735
35.6686 20.4244 253.81
35.667 20.4145 253.75
35.6639 20.4184 253.737
35.6766 20.429 253.829
35.6697 20.4203 253.806
35.67 20.4248 253.848
35.6812 20.427 253.89
35.6805 20.4279 253.884
35.6585 20.4068 253.668
35.6577 20.4036 253.664
35.6806 20.427 253.891
35.6679 20.4168 253.823
35.6751 20.4205 253.859
35.6536 20.4076 253.64
35.6748 20.419 253.826
35.672 20.4185 253.824
35.6756 20.4254 253.855
35.6617 20.4189 253.734
35.6577 20.4098 253.73
35.6709 20.4082 253.788
35.6715 20.4094 253.781
35.6724 20.4118 253.754
35.6592 20.4038 253.642
35.6522 20.3982 253.62
35.6725 20.4093 253.755
35.6603 20.4043 253.661
35.6709 20.4138 253.795
35.6876 20.4285 253.948
35.6589 20.4116 253.698
35.6704 20.4171 253.755
35.6624 20.4144 253.745
35.7018 20.4412 254.097
35.6825 20.4219 253.887
35.6491 20.3955 253.549
35.6595 20.4029 253.645
35.6493 20.3941 253.557
35.6565 20.4001 253.639
35.6639 20.4079 253.698
35.6657 20.4076 253.722
35.6701 20.4059 253.77
35.6798 20.4146 253.844
35.6826 20.4215 253.908
35.6902 20.4248 253.971
35.6683 20.4165 253.781
35.6798 20.4254 253.879
35.7007 20.4365 254.088
35.6879 20.4233 253.971
35.6985 20.4345 254.081
35.6839 20.4225 253.925
35.6931 20.4333 254.055
35.6684 20.4151 253.85
35.6687 20.4137 253.819
35.6682 20.4136 253.813
35.6793 20.4126 253.915
35.6976 20.4295 254.091
35.6668 20.4106 253.858
35.6606 20.4096 253.783
35.6496 20.4034 253.629
35.6561 20.4051 253.692
35.6742 20.4132 253.837
35.6961 20.4417 254.06
35.7047 20.4399 254.143
35.6921 20.4342 254.014
35.6816 20.4203 253.909
35.6632 20.4084 253.773
35.6527 20.4051 253.667
35.6823 20.4199 253.92
35.6589 20.3982 253.731
35.6827 20.4164 253.914
35.6831 20.4144 253.917
35.6413 20.3974 253.59
35.643 20.3917 253.565
35.6618 20.4104 253.753
35.6459 20.3989 253.585
35.6498 20.3954 253.608
35.6572 20.3925 253.692
35.6717 20.4184 253.794
35.6796 20.4171 253.876
35.6658 20.4114 253.744
35.6509 20.3923 253.536
35.6773 20.4121 253.784
35.6704 20.417 253.739
35.6652 20.4085 253.707
35.6508 20.3987 253.562
35.6622 20.4033 253.626
35.661 20.3986 253.6
35.6649 20.3987 253.646
35.6805 20.4146 253.827
35.6861 20.4165 253.875
35.6696 20.4045 253.698
35.6795 20.4214 253.78
35.6622 20.403 253.647
35.681 20.4137 253.803
35.6723 20.4061 253.735
35.6919 20.4231 253.924
35.6676 20.4026 253.692
35.6818 20.4156 253.806
35.6778 20.4114 253.774
35.6744 20.4116 253.77
35.6686 20.4082 253.717
35.6745 20.4074 253.736
35.6741 20.4078 253.742
35.6564 20.3966 253.582
35.67 20.4026 253.711
35.6705 20.4076 253.72
35.6627 20.4029 253.648
35.6568 20.402 253.582
35.6529 20.4016 253.558
35.6417 20.3899 253.437
35.6505 20.3965 253.514
35.654 20.4011 253.57
35.6503 20.3985 253.59
35.645 20.3896 253.491
35.625 20.3746 253.271
35.6526 20.3938 253.549
35.6591 20.3873 253.578
35.6563 20.3966 253.591
35.6653 20.401 253.633
35.6608 20.4017 253.595
35.6607 20.3992 253.584
35.6625 20.4042 253.616
35.6417 20.3873 253.464
35.6753 20.4114 253.725
35.6593 20.4018 253.569
35.6568 20.4038 253.554
35.6493 20.4017 253.495
35.6729 20.4135 253.691
35.6753 20.4032 253.73
35.6619 20.3973 253.584
35.6489 20.3937 253.489
35.673 20.4153 253.719
35.6613 20.4013 253.636
35.6648 20.4051 253.651
35.6639 20.3987 253.658
35.6433 20.3875 253.487
35.6514 20.3893 253.525
35.6885 20.4159 253.806
35.6589 20.397 253.605
35.6471 20.3923 253.464
35.666 20.4042 253.615
35.6708 20.4048 253.663
35.6828 20.4108 253.772
35.6724 20.4054 253.709
35.6762 20.4074 253.707
35.6635 20.4011 253.597
35.6499 20.3904 253.472
35.6548 20.3979 253.484
35.6633 20.3995 253.571
35.6586 20.3977 253.575
35.6618 20.3981 253.587
35.6678 20.4074 253.646
35.6644 20.4018 253.638
35.6854 20.4135 253.829
35.6651 20.4016 253.649
35.6795 20.4129 253.753
35.6684 20.4071 253.692
35.6738 20.4089 253.713
35.6559 20.396 253.58
35.676 20.409 253.757
35.6726 20.4034 253.692
35.6778 20.4124 253.75
35.6797 20.4119 253.807
35.6713 20.4115 253.736
35.6773 20.4147 253.823
35.663 20.3991 253.624
35.6814 20.4015 253.782
35.6704 20.397 253.691
35.6586 20.3936 253.591
35.6463 20.3877 253.509
35.6643 20.3987 253.632
35.6657 20.4003 253.657
35.6617 20.3994 253.62
35.6671 20.4069 253.705
35.6573 20.3973 253.63
35.6754 20.4108 253.785
35.6677 20.4058 253.704
35.6877 20.4159 253.858
35.6604 20.4028 253.614
35.6581 20.4017 253.591
35.6551 20.3971 253.589
35.6371 20.3898 253.423
35.6674 20.4023 253.668
35.6466 20.3909 253.504
35.6438 20.3857 253.458
35.6373 20.3837 253.409
35.632 20.3808 253.379
35.6504 20.3949 253.542
35.6576 20.4052 253.592
35.6694 20.4029 253.719
35.6493 20.3931 253.518
35.6386 20.3776 253.442
35.6479 20.3943 253.522
35.6582 20.4041 253.644
35.6439 20.3936 253.537
35.6594 20.395 253.661
35.6638 20.4027 253.682
35.6564 20.3917 253.568
35.6576 20.3906 253.568
35.6562 20.3858 253.564
35.6534 20.3917 253.543
35.6495 20.3818 253.51
