37.7004 -19.6391 302.809
37.7011 -19.6365 302.802
37.6956 -19.6309 302.753
37.6767 -19.6243 302.626
37.6936 -19.6302 302.753
37.6734 -19.6189 302.609
37.6861 -19.6279 302.685
37.6924 -19.6289 302.722
37.6852 -19.6209 302.667
37.6932 -19.6258 302.787
37.695 -19.632 302.799
37.6838 -19.6301 302.693
37.6953 -19.6368 302.783
37.6961 -19.6355 302.777
37.6972 -19.6344 302.776
37.7139 -19.6399 302.914
37.6961 -19.6298 302.765
37.6883 -19.6292 302.72
37.6942 -19.6325 302.764
37.7055 -19.6405 302.862
37.7117 -19.6421 302.918
37.6873 -19.6343 302.709
37.6978 -19.6312 302.814
37.6993 -19.6307 302.836
37.6923 -19.6251 302.76
37.6744 -19.6191 302.599
37.6854 -19.6233 302.69
37.6926 -19.636 302.754
37.6879 -19.6307 302.695
37.6813 -19.6253 302.685
37.6921 -19.6299 302.767
37.709 -19.6429 302.902
37.6821 -19.625 302.65
37.6826 -19.6257 302.654
37.6955 -19.6356 302.8
37.7002 -19.6405 302.846
37.6756 -19.62 302.583
37.6692 -19.6128 302.517
37.6885 -19.6305 302.706
37.7088 -19.6434 302.907
37.6941 -19.636 302.766
37.6805 -19.6231 302.636
37.7041 -19.6347 302.856
37.704 -19.6347 302.872
37.699 -19.6357 302.81
37.6867 -19.6255 302.704
37.6709 -19.6162 302.554
37.6704 -19.6181 302.553
37.6966 -19.6366 302.792
37.697 -19.6395 302.799
37.6847 -19.6297 302.693
37.6735 -19.6241 302.608
37.6787 -19.6283 302.644
37.6838 -19.6326 302.705
37.6846 -19.6288 302.667
37.6601 -19.6147 302.442
37.6672 -19.6221 302.524
37.6817 -19.6368 302.682
37.692 -19.6427 302.768
37.7065 -19.6503 302.896
37.6861 -19.6271 302.682
37.6663 -19.6119 302.513
37.6822 -19.624 302.658
37.6932 -19.6349 302.758
37.6925 -19.6306 302.747
37.6886 -19.6348 302.697
37.6924 -19.6331 302.742
37.668 -19.6216 302.553
37.6722 -19.6211 302.583
37.6925 -19.6323 302.762
37.6758 -19.6247 302.627
37.6801 -19.6307 302.691
37.6718 -19.6213 302.589
37.6689 -19.6216 302.569
37.6827 -19.6286 302.665
37.6945 -19.6304 302.751
37.6773 -19.62 302.604
37.6741 -19.6187 302.577
37.6945 -19.6286 302.771
37.6942 -19.6326 302.748
37.7076 -19.6427 302.859
37.7032 -19.633 302.829
37.6991 -19.6372 302.805
37.684 -19.6316 302.681
37.6691 -19.6215 302.571
37.6631 -19.6178 302.518
37.6826 -19.6322 302.7
37.6917 -19.6312 302.763
37.6952 -19.6337 302.795
37.6953 -19.6362 302.785
37.697 -19.6329 302.796
37.7019 -19.6437 302.857
37.6755 -19.6245 302.584
37.6648 -19.6199 302.482
37.6736 -19.6277 302.581
37.6802 -19.6283 302.642
37.7042 -19.6434 302.85
37.7196 -19.652 302.999
37.7085 -19.6416 302.882
37.6838 -19.6351 302.69
37.6781 -19.6256 302.613
37.6864 -19.6355 302.724
37.6714 -19.6217 302.556
37.6842 -19.6285 302.675
37.6908 -19.6308 302.743
37.6715 -19.6173 302.569
37.6866 -19.6313 302.734
37.6829 -19.6273 302.703
37.6886 -19.6314 302.734
37.682 -19.6258 302.653
37.6764 -19.6228 302.598
37.6817 -19.6288 302.653
37.6884 -19.6351 302.716
37.6813 -19.6361 302.659
37.6793 -19.6355 302.626
37.6781 -19.6318 302.607
37.6864 -19.6331 302.695
37.6834 -19.6347 302.71
37.6818 -19.6297 302.67
37.674 -19.6219 302.601
37.6915 -19.6336 302.763
37.6927 -19.6411 302.785
37.676 -19.6251 302.606
37.6747 -19.6207 302.56
37.6822 -19.6247 302.643
37.6824 -19.6263 302.637
37.6901 -19.6349 302.763
37.6626 -19.6261 302.551
37.6895 -19.6387 302.737
37.6381 -19.609 302.273
37.659 -19.6203 302.463
37.6604 -19.6203 302.502
37.666 -19.6242 302.521
37.6681 -19.629 302.55
37.6695 -19.6272 302.551
37.667 -19.6239 302.532
37.6709 -19.625 302.575
37.6575 -19.6198 302.475
37.6674 -19.6212 302.548
37.678 -19.6301 302.671
37.6926 -19.6374 302.767
37.6959 -19.6428 302.803
37.6869 -19.6299 302.696
37.7009 -19.6343 302.838
37.6795 -19.6285 302.644
37.6718 -19.6241 302.55
37.6721 -19.6167 302.548
37.6896 -19.6324 302.699
37.6808 -19.6225 302.633
37.6869 -19.6315 302.703
37.6937 -19.6299 302.746
37.7064 -19.6328 302.835
37.715 -19.6412 302.907
37.7112 -19.6349 302.863
37.7058 -19.6277 302.812
37.6919 -19.6148 302.688
37.7085 -19.6323 302.848
37.7252 -19.6439 303.005
37.7208 -19.6408 302.956
37.7097 -19.6367 302.831
37.7151 -19.6427 302.878
37.7167 -19.6403 302.888
37.7101 -19.6406 302.838
37.7288 -19.6504 303.033
37.7153 -19.6386 302.911
37.7008 -19.6244 302.733
37.7047 -19.6281 302.792
37.714 -19.6279 302.857
37.7053 -19.6246 302.773
37.7057 -19.6273 302.748
37.696 -19.6217 302.68
37.6852 -19.6129 302.607
37.6985 -19.6242 302.707
37.7069 -19.6295 302.787
37.7102 -19.6328 302.826
37.7046 -19.6298 302.8
37.705 -19.6297 302.777
37.7032 -19.6292 302.761
37.7178 -19.6408 302.902
37.7233 -19.6468 302.979
37.7091 -19.6336 302.826
37.7129 -19.64 302.885
37.7226 -19.6473 302.981
37.7042 -19.6315 302.786
37.7101 -19.634 302.839
37.7039 -19.6304 302.786
37.7002 -19.6243 302.722
37.707 -19.6297 302.788
37.7049 -19.6229 302.76
37.7054 -19.6238 302.764
37.6937 -19.6188 302.659
37.6938 -19.6175 302.667
37.6907 -19.6135 302.625
37.6846 -19.6211 302.572
37.6854 -19.621 302.592
37.6923 -19.6185 302.658
37.7064 -19.6287 302.784
37.7264 -19.6391 302.971
37.7194 -19.6319 302.889
37.6933 -19.6229 302.651
37.6948 -19.6228 302.706
37.7002 -19.62 302.715
37.6946 -19.6158 302.646
37.6981 -19.6225 302.714
37.7084 -19.6318 302.795
37.7013 -19.6281 302.716
37.7082 -19.632 302.794
37.7055 -19.6307 302.795
37.6978 -19.627 302.719
37.7011 -19.6236 302.73
37.7001 -19.623 302.71
37.7105 -19.6298 302.788
37.7019 -19.6176 302.72
37.6945 -19.619 302.698
37.7073 -19.6275 302.814
37.7135 -19.6343 302.84
37.7081 -19.6264 302.792
37.7006 -19.6279 302.758
37.7132 -19.6343 302.854
37.7108 -19.6331 302.836
37.7079 -19.6353 302.823
37.7216 -19.6459 302.935
37.7097 -19.6342 302.829
37.7064 -19.63 302.787
37.7083 -19.6288 302.811
37.727 -19.6427 302.981
37.7206 -19.637 302.913
37.7306 -19.6451 303.034
37.7183 -19.637 302.905
37.6912 -19.629 302.658
37.6959 -19.6258 302.7
37.6964 -19.6255 302.718
37.7242 -19.6419 302.969
37.7048 -19.6327 302.771
37.6972 -19.6238 302.692
37.7035 -19.6213 302.767
37.7051 -19.6263 302.773
37.7148 -19.6317 302.87
37.7295 -19.6455 302.99
37.7214 -19.641 302.923
37.7062 -19.6172 302.754
37.7057 -19.6297 302.768
37.7004 -19.63 302.715
37.7036 -19.6325 302.735
37.7116 -19.6313 302.83
37.7117 -19.6355 302.852
37.723 -19.6414 302.949
37.7164 -19.6278 302.871
37.6968 -19.6222 302.684
37.6875 -19.6188 302.607
37.7106 -19.6316 302.796
37.7107 -19.6341 302.826
37.7243 -19.6372 302.934
37.7217 -19.6451 302.93
37.7161 -19.6327 302.871
37.6966 -19.6227 302.706
37.7076 -19.6311 302.815
37.7067 -19.6283 302.804
37.7064 -19.6303 302.813
37.7124 -19.6362 302.867
37.7056 -19.6255 302.767
37.7097 -19.6265 302.8
37.7058 -19.6282 302.785
37.7017 -19.6285 302.759
37.7097 -19.6336 302.805
37.7166 -19.6381 302.885
37.7091 -19.6347 302.816
37.7055 -19.6348 302.786
37.7089 -19.6339 302.823
37.7344 -19.6415 303.016
37.708 -19.6287 302.779
37.7196 -19.6359 302.913
37.7228 -19.6443 302.932
37.7136 -19.6293 302.831
37.7055 -19.6264 302.748
37.7093 -19.6302 302.782
37.7053 -19.6256 302.765
37.7032 -19.6238 302.74
37.7116 -19.6344 302.819
37.7095 -19.6262 302.778
37.7175 -19.6361 302.875
37.7206 -19.6371 302.92
37.7018 -19.6221 302.703
37.6954 -19.6143 302.664
37.7085 -19.6317 302.789
37.697 -19.625 302.691
37.7114 -19.6309 302.812
37.7186 -19.6319 302.893
37.7206 -19.6316 302.902
37.7192 -19.6317 302.893
37.7359 -19.6401 303.052
37.7264 -19.6412 302.95
37.7238 -19.6318 302.923
37.7227 -19.633 302.924
37.7107 -19.6259 302.808
37.7044 -19.6237 302.761
37.7272 -19.6393 302.976
37.7136 -19.6311 302.843
37.7149 -19.6205 302.809
37.6963 -19.6152 302.653
37.7058 -19.6253 302.775
37.7047 -19.6211 302.753
37.724 -19.636 302.935
37.7173 -19.6297 302.887
37.7283 -19.6349 302.971
37.7258 -19.6368 302.967
37.7278 -19.6342 302.978
37.7172 -19.6264 302.859
37.7267 -19.6387 302.953
37.7115 -19.6279 302.8
37.7338 -19.6395 303.021
37.7206 -19.6272 302.868
37.7169 -19.6257 302.828
37.7113 -19.6246 302.758
37.7234 -19.6308 302.902
37.7262 -19.6315 302.939
37.7187 -19.6357 302.859
37.7238 -19.6426 302.919
37.7276 -19.6367 302.935
37.7341 -19.6399 302.992
37.7239 -19.633 302.912
37.7083 -19.6227 302.728
37.7165 -19.6249 302.829
37.7126 -19.6228 302.815
37.7229 -19.6332 302.918
37.7422 -19.6444 303.112
37.7256 -19.6305 302.923
37.725 -19.6293 302.908
37.7383 -19.6384 303.04
37.7129 -19.6252 302.803
37.7241 -19.6258 302.885
37.7143 -19.622 302.812
37.723 -19.626 302.917
37.7142 -19.6206 302.823
37.7218 -19.6258 302.9
37.7368 -19.6397 303.04
37.715 -19.6272 302.854
37.7018 -19.6225 302.753
37.7254 -19.6409 302.974
37.7243 -19.6303 302.917
37.7278 -19.6332 302.947
37.7291 -19.6348 302.958
37.7227 -19.6228 302.87
37.7158 -19.6236 302.821
37.7238 -19.6287 302.9
37.7226 -19.5502 302.944
37.7239 -19.4122 302.936
37.7358 -19.2421 303.046
37.7584 -19.1558 303.264
37.7108 -18.918 302.837
37.7431 -18.7373 303.169
37.7341 -18.5968 303.043
37.7402 -18.544 303.129
37.7337 -18.4578 303.06
37.7436 -18.4248 303.14
37.77 -18.3983 303.353
37.792 -18.3161 303.565
37.7652 -18.2301 303.307
37.7684 -18.0807 303.368
37.755 -17.9988 303.249
37.7857 -17.891 303.514
37.7567 -17.8229 303.208
37.7525 -17.7452 303.176
37.7566 -17.6106 303.261
37.7754 -17.5454 303.383
37.7598 -17.3515 303.247
37.7443 -17.2311 303.054
37.7503 -17.1159 303.158
37.7666 -17.0228 303.31
37.7598 -16.8153 303.228
37.76 -16.6043 303.259
37.7656 -16.5159 303.305
37.7485 -16.3566 303.09
37.7624 -16.2494 303.225
37.7663 -16.2179 303.33
37.7607 -16.1387 303.23
37.7691 -16.1269 303.284
37.7649 -16.1271 303.282
37.7783 -16.1232 303.39
37.7836 -16.0985 303.441
37.8084 -16.0602 303.674
37.7797 -15.9365 303.476
37.7662 -15.8349 303.222
37.7644 -15.7874 303.222
37.7722 -15.731 303.339
37.7603 -15.6054 303.244
37.7615 -15.5318 303.282
37.7512 -15.3409 303.123
37.757 -15.1835 303.133
37.7745 -15.1211 303.341
37.7777 -15.0713 303.356
37.7674 -14.995 303.258
37.7499 -14.9172 303.054
37.7722 -14.8544 303.341
37.7846 -14.7953 303.446
37.7694 -14.7187 303.265
37.7769 -14.5853 303.358
37.7747 -14.5268 303.391
37.7714 -14.4416 303.216
37.801 -14.3255 303.609
37.7619 -14.2297 303.231
37.7532 -14.1888 303.136
37.7686 -14.1297 303.22
37.7824 -14.0793 303.369
37.7902 -13.9625 303.447
37.764 -13.865 303.186
37.7923 -13.8314 303.4
37.7741 -13.7779 303.272
37.7796 -13.7054 303.36
37.7724 -13.6004 303.28
37.7769 -13.5095 303.273
37.7942 -13.5071 303.427
37.7804 -13.4625 303.311
37.7848 -13.3499 303.36
37.7994 -13.2372 303.451
37.7894 -13.1269 303.495
37.7976 -13.0817 303.544
37.7811 -13.0415 303.336
37.7562 -12.9862 303.049
37.7664 -12.9353 303.159
37.777 -12.9357 303.254
37.7819 -12.93 303.293
37.7801 -12.9013 303.302
37.7828 -12.8384 303.316
37.764 -12.7771 303.147
37.766 -12.6953 303.192
37.7675 -12.651 303.172
37.7796 -12.4984 303.275
37.7874 -12.3381 303.332
37.7837 -12.2785 303.349
37.8028 -12.206 303.486
37.7659 -12.1227 303.165
37.7516 -12.0843 303.02
37.7845 -11.9897 303.326
37.7644 -11.8522 303.149
37.7927 -11.8181 303.395
37.7791 -11.7292 303.264
37.7688 -11.71 303.165
37.7663 -11.7081 303.144
37.7655 -11.7045 303.14
37.7613 -11.6978 303.086
37.7416 -11.6916 302.924
37.7693 -11.7029 303.177
37.7796 -11.713 303.258
37.7873 -11.715 303.325
37.7663 -11.7066 303.126
37.7781 -11.7024 303.24
37.7816 -11.6915 303.284
37.7832 -11.6775 303.27
37.7874 -11.6612 303.306
37.7846 -11.6445 303.307
37.7814 -11.5834 303.31
37.793 -11.5692 303.39
37.7725 -11.5539 303.216
37.7731 -11.5485 303.221
37.7978 -11.5458 303.399
37.7854 -11.541 303.31
37.7681 -11.5343 303.144
37.7882 -11.5459 303.319
37.7896 -11.5529 303.356
37.8012 -11.5482 303.446
37.8083 -11.5526 303.54
37.7982 -11.5516 303.437
37.7808 -11.5484 303.278
37.7845 -11.549 303.283
37.7863 -11.551 303.321
37.7838 -11.5453 303.292
37.8008 -11.5483 303.464
37.7882 -11.5422 303.339
37.7807 -11.54 303.234
37.7869 -11.5417 303.323
37.7939 -11.5524 303.394
37.7839 -11.5503 303.298
37.7907 -11.5507 303.391
37.7801 -11.5456 303.262
37.7749 -11.5392 303.195
37.795 -11.5501 303.416
37.789 -11.5494 303.383
37.7858 -11.5452 303.298
37.8042 -11.5507 303.515
37.7807 -11.5347 303.258
37.7843 -11.4943 303.32
37.7712 -11.4675 303.155
37.7862 -11.3935 303.318
37.801 -11.3214 303.426
37.8041 -11.2894 303.46
37.8182 -11.247 303.581
37.8157 -11.1993 303.55
37.7974 -11.184 303.393
37.7939 -11.1773 303.351
37.7945 -11.1759 303.359
37.8059 -11.1948 303.478
37.8028 -11.1882 303.421
37.7967 -11.1792 303.344
37.7956 -11.1767 303.34
37.7884 -11.1769 303.292
37.7936 -11.1817 303.346
37.7936 -11.1829 303.351
37.7799 -11.1731 303.189
37.7905 -11.1803 303.273
37.7832 -11.1736 303.225
37.7762 -11.1539 303.175
37.7856 -11.0992 303.264
37.7818 -11.0765 303.229
37.7828 -11.0766 303.259
37.7765 -11.0717 303.235
37.7745 -11.0654 303.18
37.7879 -11.0705 303.255
37.7839 -11.0646 303.238
37.8007 -11.0637 303.389
37.8 -11.0192 303.409
37.8034 -10.9967 303.475
37.7986 -10.9921 303.414
37.8012 -10.9926 303.435
37.7947 -10.994 303.383
37.7956 -10.9948 303.411
37.7993 -10.9944 303.436
37.8004 -10.9986 303.428
37.8034 -10.9936 303.438
37.8001 -11.0011 303.405
37.7977 -10.9741 303.366
37.7942 -10.8867 303.372
37.793 -10.8729 303.338
37.7948 -10.8732 303.359
37.7839 -10.8598 303.229
37.7852 -10.8625 303.224
37.7817 -10.8602 303.21
37.7811 -10.8623 303.237
37.7974 -10.8679 303.362
37.7896 -10.8583 303.273
37.7938 -10.8601 303.314
37.7781 -10.8591 303.216
37.7859 -10.8602 303.264
37.7803 -10.8555 303.228
37.783 -10.8577 303.232
37.7589 -10.8436 303.05
37.781 -10.8536 303.264
37.7822 -10.8562 303.278
37.7715 -10.8547 303.157
37.7662 -10.8464 303.103
37.7723 -10.8523 303.154
37.7783 -10.8494 303.239
37.7878 -10.8534 303.322
37.7629 -10.8482 303.076
37.7797 -10.8556 303.246
37.7797 -10.8569 303.251
37.7825 -10.8568 303.266
37.7898 -10.8611 303.34
37.7749 -10.8541 303.178
37.7799 -10.8557 303.22
37.7825 -10.8558 303.261
37.7724 -10.8503 303.201
37.7779 -10.8487 303.21
37.7825 -10.8549 303.267
37.7836 -10.8515 303.272
37.7713 -10.8458 303.169
37.7743 -10.8509 303.2
37.7584 -10.8438 303.038
37.7797 -10.8514 303.25
37.7672 -10.8477 303.136
37.7833 -10.8553 303.263
37.7762 -10.8461 303.173
37.7909 -10.8541 303.328
37.7924 -10.8567 303.367
37.7816 -10.8551 303.253
37.7779 -10.8512 303.241
37.7786 -10.8467 303.239
37.7796 -10.8502 303.26
37.7648 -10.8493 303.117
37.7797 -10.8534 303.246
37.7703 -10.8458 303.144
37.771 -10.8476 303.19
37.7754 -10.8489 303.217
37.7956 -10.8546 303.382
37.7717 -10.8472 303.173
37.7852 -10.8541 303.302
37.7842 -10.8553 303.296
37.7943 -10.8627 303.401
37.7851 -10.8583 303.298
37.7776 -10.8605 303.24
37.7788 -10.8538 303.218
37.779 -10.8583 303.262
37.7743 -10.8535 303.222
37.7859 -10.8556 303.316
37.7812 -10.8561 303.289
37.7716 -10.8469 303.179
37.7719 -10.8531 303.172
37.7791 -10.8559 303.224
37.7993 -10.8602 303.406
37.7799 -10.8546 303.249
37.7912 -10.8598 303.341
37.7672 -10.8523 303.151
37.7786 -10.8525 303.208
37.791 -10.8609 303.345
37.7861 -10.8611 303.299
37.7829 -10.8574 303.278
37.7822 -10.8565 303.291
37.781 -10.8559 303.294
37.7843 -10.8554 303.317
37.7877 -10.8586 303.335
37.7896 -10.859 303.353
37.7852 -10.859 303.342
37.7822 -10.8581 303.291
37.7863 -10.8607 303.306
37.7839 -10.8575 303.305
37.7797 -10.8506 303.277
37.7765 -10.8483 303.213
37.7657 -10.8488 303.131
37.7665 -10.8476 303.127
37.7859 -10.8565 303.286
37.7825 -10.855 303.266
37.7828 -10.8566 303.292
37.7785 -10.8556 303.229
37.7655 -10.8507 303.111
37.783 -10.8541 303.275
37.7799 -10.8495 303.269
37.7841 -10.8571 303.268
37.7758 -10.8523 303.227
37.7756 -10.8476 303.209
37.7759 -10.8466 303.205
37.7806 -10.8547 303.222
37.7874 -10.8533 303.304
37.7766 -10.8548 303.225
37.7755 -10.857 303.225
37.7817 -10.852 303.26
37.7909 -10.8534 303.371
37.7859 -10.8576 303.29
37.7873 -10.8556 303.32
37.7811 -10.8539 303.235
37.7701 -10.8541 303.152
37.7736 -10.8498 303.196
37.7866 -10.8558 303.308
37.7842 -10.8521 303.283
37.7819 -10.8493 303.243
37.7718 -10.8526 303.162
37.7812 -10.8604 303.242
37.7818 -10.8594 303.247
37.7807 -10.8544 303.242
37.7739 -10.8501 303.179
37.789 -10.8551 303.322
37.7785 -10.8551 303.216
37.7676 -10.8492 303.149
37.7811 -10.8546 303.269
37.7736 -10.8519 303.201
37.7683 -10.8497 303.136
37.7675 -10.849 303.134
37.7746 -10.8542 303.173
37.7756 -10.8545 303.208
37.7718 -10.8489 303.18
37.7701 -10.8467 303.164
37.7666 -10.8489 303.124
37.761 -10.8519 303.066
37.7749 -10.8464 303.197
37.7673 -10.8487 303.156
37.7781 -10.8541 303.252
37.7793 -10.8558 303.263
37.7867 -10.855 303.299
37.7816 -10.8573 303.258
37.7718 -10.8528 303.168
37.7742 -10.8568 303.213
37.7822 -10.8572 303.274
37.7684 -10.852 303.148
37.7782 -10.8598 303.261
37.7772 -10.8631 303.256
37.7735 -10.8511 303.22
37.7782 -10.8631 303.277
37.7758 -10.8612 303.223
37.7801 -10.8652 303.275
37.7732 -10.8604 303.189
37.7685 -10.8539 303.126
37.7812 -10.8559 303.274
37.7841 -10.861 303.307
37.7789 -10.8509 303.23
37.7689 -10.8516 303.163
37.7713 -10.8528 303.178
37.7786 -10.8488 303.246
37.7881 -10.854 303.314
37.7864 -10.8573 303.301
37.7931 -10.8596 303.366
37.7813 -10.8594 303.249
37.7857 -10.8569 303.305
37.7882 -10.854 303.338
37.7793 -10.8571 303.257
37.7631 -10.8471 303.115
37.7619 -10.8451 303.112
37.8029 -10.8618 303.452
37.7932 -10.8581 303.383
37.7732 -10.8474 303.162
37.7742 -10.8512 303.201
37.77 -10.8502 303.172
37.7765 -10.8521 303.207
37.7832 -10.8606 303.282
37.793 -10.8615 303.383
37.7793 -10.8571 303.254
37.7834 -10.8565 303.293
37.7793 -10.8538 303.265
37.7952 -10.8619 303.393
37.773 -10.8492 303.216
37.7806 -10.8512 303.283
37.7706 -10.8518 303.184
37.7771 -10.8487 303.226
37.7964 -10.8588 303.399
37.7864 -10.8532 303.33
37.788 -10.8539 303.327
37.7861 -10.8513 303.284
37.786 -10.8544 303.284
37.7978 -10.8579 303.415
37.7885 -10.8545 303.352
37.7811 -10.8491 303.255
37.7802 -10.8478 303.235
37.7872 -10.8504 303.307
37.7819 -10.8533 303.268
37.7748 -10.8456 303.172
37.7947 -10.8544 303.372
37.7874 -10.8538 303.319
37.7685 -10.8495 303.145
37.7867 -10.855 303.33
37.7786 -10.8546 303.236
37.7867 -10.8576 303.295
37.7833 -10.8554 303.289
37.7835 -10.8566 303.281
37.7993 -10.8608 303.423
37.7765 -10.8538 303.223
37.7596 -10.8431 303.049
37.7649 -10.8434 303.137
37.7677 -10.8439 303.147
37.7721 -10.849 303.167
37.78 -10.8571 303.263
37.7776 -10.8557 303.252
37.7656 -10.8549 303.167
37.7833 -10.8548 303.301
37.771 -10.8482 303.171
37.7659 -10.8535 303.128
37.771 -10.8546 303.189
37.7832 -10.8504 303.275
37.8019 -10.8623 303.446
37.7821 -10.8582 303.279
37.7735 -10.8588 303.206
37.786 -10.8582 303.284
37.7634 -10.851 303.086
37.7702 -10.8557 303.148
37.7889 -10.8582 303.342
37.8004 -10.8591 303.427
37.8046 -10.8621 303.472
37.7993 -10.8566 303.417
37.7866 -10.8534 303.313
37.7867 -10.852 303.31
37.7941 -10.8572 303.387
37.7958 -10.8632 303.397
37.7755 -10.8474 303.196
37.787 -10.8497 303.302
37.7881 -10.8594 303.323
37.7903 -10.8574 303.339
37.7681 -10.8474 303.14
37.7853 -10.8519 303.304
37.7893 -10.8484 303.326
37.7915 -10.8532 303.347
37.7971 -10.8572 303.392
37.7852 -10.8583 303.299
37.7874 -10.8658 303.313
37.7886 -10.8542 303.328
37.7866 -10.8525 303.278
37.7939 -10.8567 303.366
37.797 -10.8606 303.409
37.8011 -10.8576 303.418
37.7907 -10.8527 303.332
37.7949 -10.856 303.333
37.7853 -10.8519 303.273
37.7905 -10.8514 303.316
37.7969 -10.8524 303.399
37.7853 -10.8451 303.278
37.7811 -10.8381 303.234
37.8241 -10.7958 303.639
37.8113 -10.5522 303.566
37.8195 -10.474 303.586
37.7958 -10.3535 303.367
37.778 -10.3035 303.192
37.8125 -10.1413 303.518
37.7936 -10.0348 303.306
37.8024 -9.80785 303.421
37.8282 -9.73438 303.661
37.8122 -9.58096 303.504
37.8042 -9.48723 303.431
37.7801 -9.42078 303.175
37.7936 -9.35508 303.335
37.8023 -9.2782 303.435
37.7905 -9.21451 303.293
37.7884 -9.14714 303.243
37.8004 -9.09894 303.359
37.7857 -9.04343 303.242
37.7904 -8.96314 303.229
37.811 -8.91233 303.422
37.8005 -8.84473 303.333
37.7793 -8.77221 303.163
37.8101 -8.74805 303.43
37.8035 -8.7122 303.399
37.7988 -8.65215 303.348
37.7921 -8.5838 303.239
37.7938 -8.49108 303.279
37.7998 -8.43687 303.329
37.8086 -8.37884 303.404
37.7962 -8.23676 303.272
37.8222 -8.14635 303.567
37.8148 -7.93476 303.467
37.8353 -7.81972 303.627
37.8053 -7.5421 303.363
37.7959 -7.41267 303.303
37.7973 -7.16912 303.342
37.8154 -6.92137 303.5
37.8232 -6.84176 303.546
37.814 -6.73431 303.451
37.827 -6.6059 303.582
37.8291 -6.47233 303.635
37.8599 -6.38336 303.895
37.8484 -6.28165 303.787
37.8213 -6.23181 303.517
37.8171 -6.16162 303.494
37.8438 -6.04523 303.734
37.8467 -5.89796 303.755
37.8167 -5.84847 303.488
37.8588 -5.78867 303.873
37.8447 -5.72841 303.735
37.8396 -5.65585 303.696
37.8482 -5.43888 303.754
37.855 -5.31787 303.798
37.8649 -5.12283 303.899
37.8689 -4.93863 303.977
37.8623 -4.80069 303.856
37.845 -4.71395 303.733
37.8553 -4.63021 303.831
37.8887 -4.57285 304.123
37.8672 -4.47098 303.906
37.8655 -4.42617 303.919
37.851 -4.39067 303.829
37.8787 -4.36442 304.045
37.8809 -4.2808 304.043
37.8634 -4.21736 303.892
37.8501 -4.14149 303.797
37.8722 -4.10858 303.98
37.8648 -4.02694 303.917
37.8756 -3.97591 303.991
37.8854 -3.94094 304.104
37.8667 -3.884 303.941
37.865 -3.82745 303.932
37.8671 -3.80107 303.95
37.8724 -3.77196 304.022
37.8907 -3.73599 304.134
37.8797 -3.66168 304.001
37.8582 -3.61758 303.796
37.8664 -3.53469 303.953
37.8745 -3.49794 304.033
37.8823 -3.48043 304.084
37.8695 -3.47165 303.975
37.8767 -3.46563 304.039
37.859 -3.43473 303.87
37.8666 -3.41071 303.924
37.8818 -3.33506 304.069
37.8975 -3.28637 304.233
37.8865 -3.25466 304.121
37.8869 -3.23211 304.111
37.9006 -3.11324 304.247
37.8886 -3.05675 304.135
37.8939 -2.93117 304.174
37.8975 -2.83501 304.221
37.8998 -2.79751 304.222
37.8761 -2.75457 304.002
37.8876 -2.72013 304.122
37.8796 -2.69554 304.073
37.8782 -2.67754 304.057
37.8683 -2.6646 303.959
37.8901 -2.63552 304.172
37.8936 -2.58191 304.166
37.8915 -2.4435 304.136
37.8876 -2.35496 304.102
37.8942 -2.34991 304.183
37.8897 -2.34379 304.188
37.8962 -2.34346 304.224
37.8911 -2.33868 304.154
37.9192 -2.3479 304.412
37.9099 -2.34378 304.332
37.9236 -2.34932 304.483
37.8932 -2.34303 304.201
37.8908 -2.34296 304.186
37.8974 -2.34568 304.232
37.8694 -2.33786 303.952
37.8744 -2.33706 304.035
37.8993 -2.33952 304.252
37.9292 -2.3436 304.541
37.9108 -2.34219 304.35
37.9048 -2.34319 304.28
37.9179 -2.34492 304.435
37.9074 -2.34786 304.327
37.916 -2.34275 304.362
37.9062 -2.34671 304.332
37.9109 -2.34244 304.338
37.9014 -2.34199 304.281
37.9038 -2.34103 304.297
37.882 -2.33547 304.102
37.8819 -2.33531 304.088
37.8916 -2.33873 304.187
37.89 -2.34274 304.156
37.8866 -2.3438 304.105
37.8986 -2.34247 304.227
37.9111 -2.34373 304.349
37.9091 -2.34399 304.309
37.9072 -2.33921 304.296
37.9007 -2.33529 304.223
37.8999 -2.34076 304.244
37.8999 -2.34311 304.248
37.9046 -2.34464 304.316
37.9076 -2.34232 304.298
37.9067 -2.34354 304.284
37.8916 -2.33876 304.147
37.8934 -2.33697 304.179
37.8931 -2.33672 304.17
37.9029 -2.34286 304.282
37.9195 -2.3428 304.422
37.9089 -2.33672 304.332
37.8915 -2.33791 304.165
37.8854 -2.33816 304.129
37.8975 -2.34042 304.199
37.8896 -2.34318 304.124
37.8972 -2.34429 304.235
37.8988 -2.33754 304.259
37.9006 -2.34508 304.253
37.9105 -2.34261 304.338
37.9022 -2.34219 304.261
37.9106 -2.34182 304.331
37.9073 -2.34301 304.301
37.9212 -2.33838 304.478
37.9085 -2.34193 304.319
37.9071 -2.34433 304.321
37.9008 -2.34109 304.244
37.8925 -2.34403 304.19
37.9071 -2.34255 304.304
37.8994 -2.34223 304.221
37.8927 -2.34145 304.208
37.8744 -2.34449 304.057
37.9003 -2.34182 304.274
37.9166 -2.34291 304.411
37.8959 -2.3465 304.231
37.9094 -2.35083 304.356
37.8973 -2.34227 304.217
37.901 -2.34173 304.261
37.8977 -2.34035 304.214
37.9041 -2.34261 304.266
37.9093 -2.34238 304.326
37.9201 -2.34742 304.435
37.907 -2.34336 304.328
37.892 -2.34399 304.2
37.9085 -2.34613 304.337
37.9064 -2.35023 304.325
37.901 -2.34436 304.273
37.9094 -2.34391 304.341
37.9149 -2.34241 304.389
37.9128 -2.33573 304.37
37.909 -2.342 304.32
37.9206 -2.34279 304.409
37.9139 -2.33416 304.361
37.9115 -2.34041 304.342
37.925 -2.34026 304.478
37.9293 -2.34031 304.507
37.92 -2.34155 304.423
37.9172 -2.34507 304.417
37.9291 -2.34249 304.522
37.9085 -2.33875 304.34
37.932 -2.34122 304.538
37.913 -2.34274 304.386
37.909 -2.34222 304.339
37.9074 -2.33821 304.321
37.9129 -2.34451 304.376
37.8881 -2.34263 304.129
37.9039 -2.33972 304.276
37.9258 -2.35162 304.478
37.9134 -2.34591 304.375
37.9076 -2.34444 304.331
37.9171 -2.34233 304.385
37.9166 -2.34232 304.39
37.9082 -2.33995 304.311
37.9059 -2.34089 304.303
37.9045 -2.33839 304.292
37.9016 -2.34106 304.269
37.9016 -2.33928 304.233
37.8899 -2.33844 304.153
37.8937 -2.34093 304.169
37.8788 -2.34301 304.049
37.9019 -2.34045 304.266
37.9208 -2.34245 304.443
37.9262 -2.33948 304.485
37.9087 -2.33915 304.318
37.9186 -2.33786 304.431
37.9016 -2.34044 304.249
37.9201 -2.31342 304.423
37.8931 -2.11911 304.152
37.8913 -2.04305 304.189
37.9118 -1.93182 304.31
37.9233 -1.9275 304.417
37.9044 -1.9286 304.246
37.909 -1.92529 304.282
37.9039 -1.92661 304.27
37.9118 -1.92345 304.322
37.8981 -1.92119 304.188
37.9236 -1.92155 304.437
37.9085 -1.91785 304.318
37.9062 -1.92506 304.263
37.9082 -1.9151 304.304
37.907 -1.91665 304.298
37.9168 -1.92315 304.4
37.9138 -1.92024 304.367
37.9177 -1.92092 304.409
37.9264 -1.92004 304.484
37.9187 -1.91609 304.437
37.9137 -1.91995 304.395
37.9158 -1.92112 304.409
37.9016 -1.913 304.242
37.8997 -1.91793 304.231
37.9052 -1.92091 304.302
37.9078 -1.92152 304.342
37.9065 -1.92191 304.296
37.8937 -1.92271 304.164
37.9086 -1.92395 304.317
37.9281 -1.92759 304.514
37.914 -1.91819 304.383
37.9036 -1.9128 304.246
37.9036 -1.92506 304.278
37.9077 -1.91972 304.309
37.9117 -1.92752 304.363
37.9107 -1.92492 304.342
37.9074 -1.91809 304.293
37.9121 -1.92756 304.332
37.9131 -1.92144 304.386
37.9085 -1.92701 304.308
37.9166 -1.92521 304.399
37.9202 -1.92054 304.447
37.9103 -1.92236 304.344
37.9049 -1.92108 304.275
37.9018 -1.91989 304.267
37.8941 -1.91599 304.187
37.8962 -1.91787 304.216
37.9097 -1.91948 304.358
37.8983 -1.92001 304.255
37.9114 -1.91539 304.342
37.912 -1.91807 304.37
37.9112 -1.92267 304.376
37.916 -1.91652 304.451
37.8956 -1.91985 304.225
37.8942 -1.92187 304.181
37.9025 -1.92022 304.302
37.8975 -1.92113 304.223
37.8933 -1.92313 304.188
37.9095 -1.92025 304.343
37.8985 -1.91907 304.254
37.8999 -1.91703 304.257
37.8983 -1.91782 304.239
37.8889 -1.9195 304.157
37.9104 -1.92191 304.345
37.9127 -1.9211 304.376
37.9226 -1.92366 304.473
37.9071 -1.91826 304.305
37.8944 -1.9185 304.195
37.9079 -1.92023 304.317
37.9069 -1.92173 304.336
37.9189 -1.92226 304.415
37.9124 -1.9226 304.376
37.9232 -1.9241 304.479
37.9135 -1.92363 304.377
37.9057 -1.92051 304.292
37.898 -1.91581 304.228
37.8759 -1.91628 304.028
37.9106 -1.91796 304.369
37.9099 -1.91608 304.327
37.9189 -1.91203 304.434
37.9307 -1.9197 304.529
37.923 -1.91985 304.47
37.9343 -1.92153 304.577
37.9164 -1.92547 304.418
37.9209 -1.92964 304.459
37.9174 -1.92469 304.389
37.9224 -1.92398 304.442
37.9123 -1.92234 304.335
37.9103 -1.91903 304.303
37.8951 -1.91503 304.171
37.9087 -1.9235 304.327
37.9149 -1.92436 304.389
37.9284 -1.92382 304.49
37.9253 -1.92101 304.428
37.9133 -1.92433 304.343
37.9061 -1.92691 304.339
37.9072 -1.92295 304.307
37.9061 -1.91953 304.305
37.9139 -1.9261 304.385
37.8967 -1.92658 304.225
37.8999 -1.92025 304.254
37.9021 -1.91231 304.285
37.9109 -1.9208 304.363
37.9082 -1.9213 304.344
37.9028 -1.91914 304.281
37.9172 -1.92269 304.43
37.9213 -1.92885 304.462
37.9117 -1.92315 304.398
37.9346 -1.91907 304.639
37.9072 -1.92441 304.311
37.9273 -1.92858 304.527
37.9198 -1.92486 304.437
37.9193 -1.92738 304.435
37.9166 -1.92956 304.407
37.9073 -1.92425 304.339
37.9042 -1.92493 304.342
37.8976 -1.92509 304.263
37.894 -1.92553 304.243
37.9018 -1.92561 304.293
37.9231 -1.92363 304.49
37.9088 -1.92184 304.318
37.9013 -1.91802 304.266
37.9039 -1.91676 304.301
37.9216 -1.91266 304.469
37.8857 -1.91571 304.123
37.9144 -1.91826 304.407
37.9222 -1.92594 304.452
37.9347 -1.92234 304.596
37.9281 -1.91615 304.515
37.9313 -1.92072 304.542
37.9337 -1.92137 304.564
37.922 -1.9228 304.454
37.9217 -1.92563 304.445
37.9181 -1.92422 304.426
37.9151 -1.91964 304.376
37.9063 -1.92064 304.263
37.9039 -1.92125 304.279
37.9085 -1.9211 304.371
37.9111 -1.91818 304.347
37.9168 -1.91669 304.352
37.9217 -1.91822 304.456
37.9256 -1.92084 304.519
37.912 -1.91954 304.377
37.9032 -1.91613 304.28
37.9224 -1.91705 304.424
37.9043 -1.91722 304.283
37.9233 -1.92247 304.478
37.9204 -1.92165 304.443
37.9152 -1.9185 304.392
37.9083 -1.91919 304.33
37.9148 -1.92185 304.404
37.9135 -1.92245 304.349
37.9038 -1.91796 304.24
37.9118 -1.92241 304.307
37.9199 -1.91982 304.43
37.9174 -1.91625 304.457
37.9159 -1.91828 304.384
37.9175 -1.92215 304.367
37.9195 -1.91627 304.425
37.9097 -1.92092 304.373
37.9086 -1.92135 304.337
37.8921 -1.91909 304.155
37.9109 -1.92168 304.352
37.9004 -1.91919 304.269
37.9033 -1.91879 304.254
37.9068 -1.91727 304.293
37.8994 -1.91857 304.259
37.9013 -1.92195 304.31
37.9011 -1.91869 304.307
37.9034 -1.92119 304.337
37.9089 -1.92191 304.339
37.908 -1.92346 304.317
37.8971 -1.92109 304.209
37.8898 -1.92094 304.135
37.909 -1.91999 304.345
37.906 -1.9206 304.334
37.9037 -1.91785 304.303
37.9074 -1.91504 304.336
37.8869 -1.91745 304.116
37.8954 -1.92187 304.188
37.9163 -1.92331 304.419
37.9125 -1.92503 304.403
37.9155 -1.91919 304.386
37.9042 -1.91917 304.285
37.9074 -1.92291 304.321
37.9166 -1.9229 304.424
37.9246 -1.92003 304.461
37.9311 -1.919 304.538
37.914 -1.92435 304.359
37.915 -1.926 304.394
37.9254 -1.92572 304.472
37.931 -1.92752 304.528
37.9296 -1.92786 304.544
37.9287 -1.92638 304.51
37.9317 -1.92107 304.549
37.9349 -1.92263 304.581
37.9228 -1.92214 304.469
37.9183 -1.9231 304.425
37.9084 -1.92174 304.328
37.9041 -1.92394 304.299
37.9093 -1.92027 304.356
37.9067 -1.91658 304.346
37.8922 -1.91555 304.177
37.8896 -1.91088 304.164
37.9046 -1.91324 304.298
37.9081 -1.92102 304.3
37.903 -1.91905 304.271
37.9067 -1.91568 304.345
37.9144 -1.9196 304.389
37.9196 -1.92355 304.462
37.9208 -1.92029 304.471
37.8967 -1.91918 304.241
37.9276 -1.92139 304.534
37.9253 -1.92043 304.517
37.9203 -1.91939 304.474
37.9122 -1.91865 304.367
37.9101 -1.91741 304.358
37.9201 -1.92082 304.463
37.9109 -1.92324 304.36
37.9197 -1.91976 304.45
37.9104 -1.91579 304.386
37.9183 -1.91781 304.445
37.9278 -1.92195 304.531
37.9127 -1.92352 304.391
37.9249 -1.92083 304.482
37.9092 -1.92387 304.355
37.9062 -1.92527 304.334
37.8925 -1.93184 304.221
37.8993 -1.91798 304.286
37.8908 -1.91917 304.178
37.8955 -1.92056 304.225
37.9024 -1.92222 304.285
37.9021 -1.91936 304.298
37.9088 -1.92131 304.359
37.9241 -1.92327 304.51
37.9106 -1.92015 304.391
37.9137 -1.92241 304.385
37.9125 -1.92418 304.364
37.9238 -1.91885 304.504
37.9289 -1.92286 304.561
37.916 -1.92244 304.423
37.9042 -1.92178 304.32
37.916 -1.92567 304.423
37.9214 -1.92516 304.476
37.9123 -1.92263 304.384
37.9142 -1.92129 304.412
37.9063 -1.92073 304.342
37.8985 -1.92251 304.295
37.8995 -1.92474 304.287
37.9493 -1.92411 304.732
37.933 -1.91943 304.575
37.9261 -1.91746 304.519
37.921 -1.92095 304.461
37.935 -1.9205 304.581
37.9329 -1.92146 304.584
37.9403 -1.92138 304.627
37.927 -1.9171 304.513
37.915 -1.91476 304.438
37.9247 -1.90603 304.497
37.9413 -1.75856 304.632
37.9279 -1.67453 304.481
37.9147 -1.59198 304.419
37.8772 -1.52436 304.089
37.9151 -1.43746 304.371
37.9313 -1.2954 304.502
37.9147 -1.14382 304.347
37.9161 -1.06683 304.363
37.9243 -1.00888 304.435
37.9165 -0.915737 304.335
37.9165 -0.84938 304.325
37.917 -0.808804 304.333
37.91 -0.739048 304.286
37.9238 -0.703213 304.395
37.9318 -0.650959 304.513
37.9184 -0.613197 304.364
37.905 -0.583221 304.216
37.8958 -0.542831 304.114
37.9165 -0.460484 304.344
37.9106 -0.351685 304.279
37.8911 -0.277843 304.085
37.9198 -0.227139 304.366
37.9199 -0.137009 304.388
37.9239 -0.0690765 304.352
37.9202 0.00521851 304.328
37.9307 0.120697 304.407
37.9165 0.152504 304.311
37.93 0.207249 304.452
37.9162 0.253757 304.27
37.9113 0.302635 304.191
37.9058 0.38839 304.196
37.9201 0.484516 304.32
37.9051 0.571735 304.205
37.9313 0.629066 304.404
37.9204 0.703281 304.353
37.9204 0.822971 304.339
37.9095 0.909496 304.194
37.9297 0.964314 304.394
37.9277 1.06191 304.371
37.9102 1.16629 304.215
37.9013 1.2176 304.1
37.9025 1.26274 304.134
37.9041 1.2978 304.163
37.9244 1.32551 304.331
37.9395 1.40201 304.481
37.9283 1.48395 304.329
37.9167 1.60912 304.268
37.9221 1.64473 304.269
37.9089 1.73702 304.148
37.9281 1.784 304.29
37.9402 1.92752 304.424
37.9266 2.00412 304.293
37.941 2.18516 304.448
37.9394 2.27243 304.428
37.9353 2.3314 304.407
37.9745 2.50857 304.744
37.9126 2.63812 304.109
37.9101 2.76184 304.156
37.9119 2.79709 304.197
37.919 2.83349 304.215
37.9205 2.91313 304.21
37.9431 3.03378 304.426
37.9325 3.11848 304.349
37.9319 3.17471 304.303
37.9342 3.22117 304.314
37.931 3.33912 304.298
37.9457 3.46994 304.444
37.9099 3.65528 304.11
37.9339 3.82018 304.33
37.9834 3.93421 304.704
37.9393 4.11983 304.331
37.9552 4.22341 304.533
37.9368 4.39877 304.274
37.9561 4.50364 304.474
37.9651 4.62272 304.531
37.9308 4.68382 304.253
37.9191 4.76495 304.141
37.9494 4.81551 304.432
37.9726 4.8568 304.65
37.973 4.92269 304.624
37.949 4.93633 304.378
37.9427 5.02185 304.275
37.9704 5.14741 304.572
37.944 5.25141 304.294
37.9335 5.35974 304.24
37.9536 5.38558 304.419
37.9695 5.40884 304.542
37.9702 5.4618 304.536
37.943 5.56557 304.287
37.9622 5.65222 304.504
37.9647 5.71462 304.524
38.0034 5.79942 304.871
37.9643 5.90097 304.486
37.9663 5.96087 304.504
37.9819 6.10106 304.644
37.9595 6.15573 304.476
37.9819 6.29641 304.657
38.0069 6.39836 304.843
37.9447 6.48331 304.292
37.9674 6.54276 304.564
38.0025 6.60572 304.839
37.9893 6.71394 304.74
37.9825 6.76826 304.616
37.9819 6.80817 304.623
37.973 6.85679 304.555
37.981 6.87538 304.616
37.9972 6.89653 304.764
38.0042 6.92041 304.839
38.0173 6.92538 304.966
38.0309 6.98647 305.032
37.9739 7.03379 304.51
37.9854 7.10703 304.632
38.0165 7.18657 304.933
38.0176 7.20367 304.946
38.0164 7.21691 304.942
38.0166 7.24947 304.911
38.0055 7.28422 304.788
38.0054 7.30171 304.775
37.989 7.31268 304.605
37.9921 7.31078 304.618
38.016 7.30964 304.868
38.0158 7.29972 304.875
38.0082 7.29708 304.798
38.0252 7.29428 304.937
38.0094 7.28452 304.827
38.0209 7.28422 304.904
38.0089 7.27303 304.795
38.0241 7.27541 304.966
38.0171 7.26953 304.903
38.0134 7.26652 304.838
38.0234 7.26876 304.909
38.0152 7.27235 304.819
38.0068 7.29647 304.737
37.9925 7.31655 304.632
38.0033 7.33789 304.73
38.0028 7.33896 304.716
38.0004 7.34242 304.686
37.9835 7.34044 304.545
37.9994 7.33708 304.708
38.003 7.34974 304.695
37.9998 7.35392 304.676
38.0073 7.36235 304.749
38.0116 7.37563 304.811
38.003 7.37663 304.712
38.0006 7.38645 304.678
37.9989 7.42218 304.691
37.9964 7.45461 304.69
38.015 7.46264 304.858
38.0134 7.46641 304.85
38.0014 7.46477 304.714
37.9894 7.46154 304.61
38.0101 7.46278 304.814
38.0053 7.46205 304.786
38.0041 7.46531 304.77
37.9929 7.46542 304.647
38.0062 7.48815 304.784
38.005 7.5013 304.796
38.0209 7.52271 304.896
38.0112 7.54796 304.793
38.0055 7.59571 304.765
38.0164 7.62516 304.848
38.0123 7.66931 304.807
38.0189 7.71726 304.896
38.016 7.74193 304.876
38.0287 7.76284 305.014
38.0143 7.75942 304.884
38.0086 7.75845 304.842
38.0098 7.76028 304.822
38.0133 7.76025 304.872
38.0246 7.76926 304.972
38.0237 7.76286 304.941
38.0213 7.76196 304.958
37.9951 7.75557 304.73
37.9834 7.74389 304.551
38.0008 7.75931 304.758
38.0126 7.76057 304.853
38.0183 7.76088 304.889
37.9901 7.75658 304.652
37.9951 7.75786 304.716
37.9941 7.76241 304.672
38.0074 7.7571 304.799
38.0152 7.76005 304.865
38.0067 7.75884 304.796
38.0118 7.76164 304.834
38.02 7.76334 304.917
38.0255 7.76122 304.979
38.0112 7.76456 304.841
38.0222 7.79761 304.94
38.0255 7.82053 304.961
38.0371 7.83273 305.07
38.033 7.84377 305.016
38.0346 7.84524 305.027
38.0374 7.84818 305.077
38.0231 7.84078 304.914
38.0346 7.85039 305.045
38.027 7.85408 304.956
38.047 7.85034 305.155
38.0405 7.8466 305.083
38.0266 7.84652 304.962
38.0233 7.84443 304.934
38.0189 7.84865 304.9
38.0348 7.85692 305.051
38.0313 7.85491 305.011
38.0361 7.8543 305.028
38.023 7.84986 304.905
38.0492 7.85907 305.142
38.0478 7.86089 305.132
38.0397 7.85878 305.065
38.0359 7.85393 305.023
38.0373 7.85601 305.038
38.0228 7.85741 304.883
38.0357 7.85754 305.033
38.0292 7.85542 304.985
38.0279 7.85498 304.96
38.0468 7.85314 305.153
38.0322 7.85337 304.999
38.0237 7.85772 304.914
38.0348 7.85812 305.028
38.0388 7.85836 305.082
38.0276 7.85418 304.938
38.0275 7.85596 304.948
38.0373 7.8552 305.062
38.0385 7.85395 305.101
38.0415 7.85693 305.111
38.0227 7.84784 304.934
38.025 7.84933 304.939
38.0298 7.85413 304.979
38.0296 7.85381 304.975
38.0295 7.85314 304.998
38.0269 7.85547 304.97
38.0298 7.86002 305.017
38.0344 7.85576 305.034
38.0408 7.8516 305.096
38.0405 7.85167 305.097
38.029 7.84922 304.978
38.0224 7.85067 304.944
38.0246 7.85295 304.942
38.022 7.8545 304.964
38.0335 7.85811 305.027
38.0418 7.85909 305.106
38.0218 7.85773 304.912
38.037 7.85608 305.061
38.0483 7.8541 305.172
38.036 7.851 305.03
38.0177 7.85295 304.921
38.0393 7.86011 305.074
38.0298 7.85271 305.005
38.0311 7.85454 305.006
38.0405 7.85759 305.09
38.0347 7.85711 305.014
38.0267 7.85168 304.926
38.0225 7.85835 304.923
38.018 7.90754 304.85
38.0217 7.92659 304.889
38.014 7.9352 304.844
38.0144 7.94657 304.832
37.9971 7.9493 304.691
38.0048 7.96236 304.75
38.0044 7.9743 304.745
37.9983 7.97618 304.677
38.0036 7.98782 304.724
37.9957 7.98424 304.649
37.9955 7.98006 304.633
38.002 7.99771 304.725
38.0081 8.01312 304.789
38.0034 8.02972 304.76
38.0131 8.0419 304.903
38.0204 8.0456 304.908
38.014 8.04723 304.82
38.019 8.0466 304.897
38.036 8.0506 305.091
38.0418 8.05459 305.097
38.0416 8.05355 305.075
38.0365 8.05875 305.071
38.0186 8.05674 304.912
38.0164 8.05288 304.884
38.0446 8.06413 305.109
38.0122 8.05318 304.829
38.0169 8.0587 304.872
38.0319 8.07401 305.018
38.0525 8.08754 305.226
38.0305 8.08255 305.038
38.0205 8.08363 304.929
38.035 8.08944 305.091
38.0379 8.08152 305.118
38.0325 8.08342 305.039
38.0127 8.0814 304.873
38.0024 8.07853 304.808
38.0183 8.08112 304.937
38.0141 8.07949 304.866
38.016 8.08173 304.882
38.0254 8.08699 304.993
38.0319 8.09013 305.053
38.0387 8.08863 305.105
38.0305 8.08496 305.042
38.0342 8.08496 305.08
38.0342 8.08665 305.096
38.0277 8.08306 305.012
38.0323 8.08173 305.047
38.0342 8.0867 305.072
38.0292 8.08364 305.069
38.0087 8.08142 304.837
38.0047 8.07699 304.818
38.0271 8.08666 305.025
38.0215 8.08144 304.976
38.0281 8.08284 305.019
38.0248 8.08097 305.013
38.0235 8.08177 304.982
38.0193 8.08212 304.939
38.0215 8.08218 304.983
38.0327 8.0858 305.071
38.029 8.08551 305.012
38.0256 8.08641 304.986
38.0019 8.08005 304.795
38.0206 8.08279 304.964
38.0234 8.08996 304.975
38.0245 8.08681 304.982
38.0286 8.0847 305.005
38.0312 8.08655 305.03
38.0172 8.08191 304.905
38.0118 8.08206 304.867
38.0284 8.08889 304.998
38.0359 8.08952 305.081
38.041 8.0922 305.151
38.0448 8.08839 305.19
38.0265 8.08627 305.016
38.0238 8.08411 304.98
38.0307 8.08953 305.021
38.0493 8.09233 305.211
38.0619 8.09069 305.295
38.0409 8.09256 305.098
38.0532 8.09127 305.248
38.0418 8.09325 305.163
38.0613 8.09337 305.328
38.0545 8.09351 305.269
38.054 8.08994 305.243
38.039 8.08892 305.105
38.0313 8.08876 305.031
38.0243 8.08754 304.97
38.044 8.09304 305.143
38.0437 8.09106 305.148
38.0466 8.09039 305.175
38.0482 8.08919 305.202
38.0386 8.08674 305.096
38.0517 8.08836 305.219
38.0442 8.0895 305.155
38.0387 8.09016 305.085
38.0303 8.08615 305.027
38.0226 8.08414 304.965
38.0143 8.08732 304.89
38.0213 8.08886 304.961
38.0214 8.08599 304.946
38.024 8.08829 304.958
38.0377 8.09138 305.118
38.0413 8.09288 305.155
38.0284 8.09105 305.002
38.0324 8.08902 305.031
38.0252 8.08521 304.985
38.0081 8.08372 304.863
38.0216 8.08554 304.943
38.0379 8.09214 305.081
38.04 8.09137 305.117
38.0306 8.09242 305.027
38.0286 8.08937 305.003
38.0254 8.08516 304.991
38.0322 8.08524 305.041
38.0518 8.09755 305.219
38.0532 8.095 305.241
38.0539 8.09236 305.26
38.0358 8.09095 305.081
38.0288 8.09125 305.009
38.0469 8.09129 305.167
38.0451 8.09112 305.145
38.0485 8.09147 305.18
38.0202 8.08286 304.942
38.0278 8.09101 305.013
38.0468 8.09144 305.206
38.0408 8.08912 305.124
38.0404 8.08716 305.118
38.0258 8.08534 305.005
38.0313 8.08736 305.036
38.0288 8.08756 304.998
38.0208 8.0853 304.931
38.0323 8.08842 305.036
38.0335 8.08981 305.058
38.0383 8.09377 305.082
38.0427 8.09198 305.102
38.0352 8.09138 305.053
38.0318 8.09122 305.044
38.0243 8.08711 304.963
38.0162 8.08702 304.872
38.0361 8.09018 305.076
38.0426 8.09278 305.141
38.0323 8.08861 305.007
38.04 8.08982 305.092
38.033 8.086 305.026
38.0322 8.08606 305.028
38.0384 8.08621 305.064
38.0411 8.08946 305.122
38.0389 8.08957 305.103
38.0395 8.08611 305.113
38.0497 8.08883 305.215
38.036 8.0841 305.076
38.0295 8.08638 305.005
38.0251 8.08414 304.953
38.0405 8.08831 305.103
38.037 8.09058 305.053
38.0517 8.09072 305.205
38.0524 8.09496 305.249
38.0448 8.08883 305.17
38.0481 8.08588 305.22
38.0406 8.08681 305.114
38.0465 8.0905 305.139
38.0414 8.08952 305.125
38.0487 8.09329 305.188
38.0512 8.09615 305.208
38.0426 8.09465 305.112
38.0389 8.08611 305.117
38.0254 8.09138 304.986
38.042 8.09078 305.139
38.038 8.09047 305.109
38.02 8.08142 304.945
38.0381 8.08641 305.112
38.0326 8.08881 305.058
38.0263 8.08979 305.002
38.0232 8.08444 304.945
38.0351 8.08778 305.097
38.0232 8.08628 304.978
38.029 8.08816 305.014
38.0304 8.08497 305.057
38.0422 8.09171 305.138
38.0415 8.08851 305.161
38.0253 8.08303 304.982
38.0265 8.08722 305.012
38.0411 8.09278 305.143
38.0389 8.09047 305.125
38.0357 8.08492 305.107
38.0327 8.09062 305.075
38.0304 8.09073 305.064
38.0303 8.08714 305.057
38.0345 8.09488 305.093
38.0225 8.08656 304.976
38.01 8.0828 304.867
38.0039 8.08576 304.793
38.0075 8.08406 304.833
38.0188 8.0862 304.952
38.043 8.09285 305.18
38.0288 8.0849 305.028
38.0255 8.08694 305.01
38.0177 8.0863 304.938
38.02 8.09083 304.972
38.025 8.0896 305.004
38.0307 8.09113 305.039
38.0365 8.09029 305.113
38.0284 8.08668 305.051
38.0506 8.09698 305.224
38.0483 8.09615 305.202
38.0386 8.08764 305.117
38.0231 8.08935 304.998
38.0343 8.09335 305.079
38.0417 8.09365 305.169
38.0284 8.08992 305.028
38.0208 8.08853 304.936
38.0253 8.09211 304.989
38.0156 8.09096 304.916
38.032 8.09166 305.064
38.0324 8.09012 305.069
38.0225 8.09007 304.985
38.0283 8.09161 305.046
38.0119 8.08198 304.845
38.0287 8.09224 305.015
38.0394 8.0918 305.119
38.0211 8.08477 304.968
38.0154 8.09087 304.922
38.0219 8.09225 305.025
38.0331 8.09135 305.094
38.0289 8.08675 305.049
38.0289 8.08674 305.038
38.0344 8.08386 305.114
38.0275 8.08619 305.031
38.0261 8.08874 305.011
38.0232 8.0824 304.978
38.0213 8.08389 304.956
38.0117 8.08443 304.896
38.0334 8.0907 305.095
38.0304 8.09212 305.038
38.0365 8.08888 305.106
38.0397 8.08889 305.127
38.0328 8.08808 305.063
38.0217 8.08701 304.963
38.0277 8.12186 305.011
38.0215 8.2315 304.943
38.0029 8.30161 304.781
38.0247 8.33722 305.008
38.0408 8.35818 305.157
38.0397 8.37556 305.129
38.0584 8.3959 305.27
38.0536 8.42212 305.234
38.0386 8.43752 305.101
38.037 8.47046 305.087
38.0261 8.5082 304.969
38.0106 8.5201 304.791
38.0273 8.53175 304.94
38.008 8.5318 304.758
38.0003 8.53269 304.681
38.0172 8.55474 304.858
38.0225 8.57545 304.929
38.0334 8.61926 305.057
38.0498 8.65969 305.222
38.02 8.69741 304.947
38.0383 8.80593 305.074
38.0275 8.91378 304.978
38.0467 9.01971 305.155
38.0565 9.08411 305.226
38.0307 9.19941 305.026
38.0523 9.24105 305.207
38.0513 9.26934 305.196
38.0404 9.31907 305.083
38.0354 9.37944 305.056
38.0184 9.45225 304.897
38.0504 9.52644 305.171
38.0378 9.64402 305.061
38.0447 9.71574 305.093
38.0513 9.85108 305.207
38.0521 9.98281 305.174
38.0646 10.0573 305.289
38.0791 10.1315 305.408
38.043 10.2437 305.066
38.064 10.2944 305.239
38.0732 10.4232 305.366
38.0767 10.4524 305.408
38.0779 10.5123 305.394
38.073 10.5785 305.355
38.0727 10.6321 305.314
38.0748 10.6524 305.352
38.0882 10.6973 305.48
38.0892 10.7364 305.496
38.0688 10.8204 305.312
38.0798 10.9775 305.413
38.1235 11.1199 305.789
38.0951 11.2481 305.556
38.0906 11.293 305.521
38.0958 11.3574 305.535
38.1292 11.4104 305.819
38.0805 11.525 305.364
38.1064 11.6437 305.623
38.082 11.6931 305.43
38.094 11.7628 305.532
38.1008 11.8578 305.589
38.0747 11.9043 305.357
38.1006 11.9635 305.552
38.091 12.1016 305.496
38.1079 12.2035 305.592
38.0861 12.2818 305.388
38.0675 12.3256 305.221
38.0807 12.3615 305.355
38.1039 12.3997 305.583
38.094 12.4739 305.465
38.1106 12.5475 305.612
38.1032 12.5947 305.564
38.1119 12.6526 305.657
38.1049 12.6902 305.581
38.1065 12.7577 305.591
38.0905 12.7956 305.43
38.0991 12.9158 305.542
38.1 12.9548 305.525
38.1235 12.9914 305.74
38.1248 13.0126 305.756
38.1295 13.0477 305.801
38.1305 13.0777 305.813
38.1004 13.0879 305.521
38.119 13.1078 305.673
38.1215 13.1285 305.713
38.132 13.1545 305.798
38.1267 13.1812 305.759
38.1252 13.2363 305.738
38.1068 13.2629 305.597
38.1118 13.2818 305.62
38.1329 13.346 305.808
38.1223 13.408 305.705
38.1135 13.4626 305.591
38.112 13.4977 305.591
38.1112 13.5307 305.618
38.1306 13.5767 305.774
38.1263 13.6191 305.729
38.1204 13.7337 305.685
38.1243 13.7885 305.739
38.1316 13.8581 305.809
38.127 13.9251 305.757
38.1281 13.99 305.742
38.1488 14.0633 305.948
38.126 14.0912 305.74
38.1419 14.133 305.886
38.1243 14.1563 305.736
38.1367 14.1912 305.824
38.1538 14.2898 305.989
38.1352 14.3287 305.789
38.1303 14.3447 305.741
38.1332 14.3939 305.795
38.1558 14.4699 305.988
38.1544 14.5602 305.961
38.1408 14.6297 305.827
38.1452 14.698 305.915
38.1386 14.7499 305.806
38.1366 14.7827 305.794
38.1353 14.8224 305.798
38.1385 14.8941 305.838
38.1416 14.968 305.856
38.1354 15.0098 305.825
38.1462 15.0696 305.896
38.16 15.105 306.011
38.1459 15.1401 305.859
38.1675 15.1973 306.06
38.1657 15.2609 306.041
38.1757 15.3249 306.168
38.173 15.3774 306.091
38.1619 15.4171 306.025
38.1493 15.4432 305.894
38.1661 15.4827 306.03
38.1362 15.5022 305.781
38.1432 15.5372 305.844
38.1536 15.5729 305.938
38.1441 15.6199 305.827
38.1493 15.6517 305.849
38.1561 15.6893 305.88
38.1615 15.7232 305.956
38.1587 15.7495 305.971
38.148 15.783 305.89
38.1597 15.8279 305.97
38.154 15.8643 305.928
38.1549 15.9032 305.959
38.1609 15.9309 305.985
38.1664 15.9699 306.028
38.1655 15.997 305.998
38.1549 16.0212 305.925
38.1484 16.0404 305.85
38.1362 16.0465 305.726
38.1591 16.0726 305.94
38.1639 16.0922 306.001
38.1438 16.109 305.816
38.1482 16.132 305.871
38.1643 16.1722 306.012
38.1656 16.2052 306.036
38.1666 16.2145 306.031
38.1745 16.231 306.085
38.1916 16.2613 306.241
38.185 16.2921 306.178
38.1836 16.3332 306.171
38.1662 16.3682 305.995
38.1545 16.4355 305.918
38.1537 16.4677 305.896
38.1488 16.5164 305.787
38.1569 16.5706 305.874
38.1604 16.6024 305.925
38.1485 16.6289 305.822
38.1527 16.6627 305.869
38.155 16.6914 305.914
38.1533 16.7131 305.881
38.1574 16.7321 305.911
38.1731 16.7544 306.071
38.1691 16.765 306.044
38.1683 16.7751 306.024
38.1613 16.7863 305.965
38.1898 16.8012 306.211
38.175 16.8097 306.053
38.1776 16.8246 306.078
38.1759 16.8331 306.096
38.1893 16.8502 306.198
38.1729 16.8484 306.047
38.1761 16.8665 306.072
38.1904 16.8752 306.214
38.1901 16.8857 306.215
38.186 16.8965 306.188
38.1688 16.9116 306.027
38.1715 16.935 306.075
38.1634 16.9336 305.981
38.1656 16.9411 305.982
38.1776 16.9451 306.086
38.1726 16.9495 306.041
38.179 16.9531 306.102
38.1829 16.9583 306.151
38.1641 16.947 305.975
38.173 16.9482 306.051
38.1642 16.942 305.954
38.1562 16.9386 305.873
38.1452 16.9433 305.762
38.1692 16.9684 305.964
38.169 17.0035 305.983
38.1572 17.0193 305.878
38.1684 17.0451 306.003
38.1756 17.0588 306.111
38.1807 17.0704 306.138
38.1821 17.0847 306.146
38.175 17.0964 306.08
38.1909 17.1132 306.219
38.1741 17.1189 306.055
38.1712 17.1293 306.022
38.1768 17.1519 306.063
38.1661 17.1693 305.943
38.1796 17.1864 306.078
38.1684 17.1957 305.98
38.1731 17.2188 306.004
38.1757 17.239 306.02
38.1753 17.2635 306.035
38.1871 17.2911 306.16
38.1816 17.2992 306.111
38.1811 17.3085 306.146
38.1839 17.3148 306.121
38.1748 17.3165 306.021
38.1696 17.3302 305.995
38.1716 17.3526 306.029
38.1738 17.3737 306.032
38.181 17.3983 306.068
38.1928 17.4295 306.174
38.2007 17.4591 306.271
38.1953 17.4784 306.195
38.1778 17.4912 306.028
38.1845 17.5183 306.09
38.1872 17.5379 306.128
38.1853 17.5502 306.084
38.1765 17.5506 306.027
38.1655 17.5484 305.911
38.1651 17.5493 305.905
38.1764 17.5546 306.008
38.1856 17.5636 306.133
38.1662 17.5546 305.914
38.1445 17.5492 305.714
38.1814 17.5768 306.068
38.1959 17.5958 306.206
38.1964 17.6017 306.215
38.2024 17.6098 306.292
38.1948 17.6122 306.201
38.1886 17.6101 306.155
38.1921 17.6115 306.167
38.1692 17.6012 305.936
38.1871 17.6214 306.148
38.1804 17.6492 306.085
38.1775 17.674 306.029
38.1802 17.7034 306.047
38.1858 17.709 306.066
38.1834 17.7164 306.057
38.1891 17.7315 306.129
38.1896 17.7451 306.176
38.1895 17.7376 306.119
38.1884 17.7305 306.085
38.184 17.7345 306.038
38.2117 17.7587 306.365
38.1897 17.7666 306.092
38.1969 17.8131 306.164
38.1964 17.8179 306.167
38.1859 17.8161 306.088
38.1919 17.8201 306.145
38.1862 17.8175 306.102
38.1814 17.8114 306.031
38.1774 17.816 305.979
38.1862 17.8195 306.049
38.2048 17.8299 306.272
38.2158 17.8385 306.385
38.191 17.8168 306.122
38.1783 17.8132 306
38.1919 17.8209 306.187
38.198 17.8247 306.185
38.2012 17.8279 306.19
38.1748 17.815 305.964
38.1613 17.7998 305.876
38.1904 17.8176 306.118
38.1914 17.8157 306.109
38.192 17.8203 306.152
38.1994 17.829 306.241
38.1756 17.8141 306
38.1993 17.8199 306.199
38.1806 17.8161 306.053
38.1784 17.8219 306.059
38.1833 17.8218 306.083
38.1752 17.82 306.004
38.1759 17.8179 306.021
38.1904 17.8234 306.162
38.1785 17.8237 306.071
38.1824 17.8301 306.12
38.158 17.8227 305.908
38.1596 17.8178 305.939
38.185 17.8282 306.135
38.1773 17.8263 306.078
38.1837 17.8279 306.128
38.1753 17.8215 306.037
38.1852 17.8306 306.159
38.1848 17.8357 306.177
38.1887 17.8336 306.196
38.2035 17.8352 306.328
38.1911 17.8292 306.217
38.1758 17.8204 306.082
38.1771 17.8217 306.084
38.1746 17.8221 306.047
38.176 17.8259 306.061
38.1788 17.8241 306.117
38.1839 17.8299 306.136
38.1851 17.8303 306.165
38.1836 17.8276 306.143
38.1735 17.816 306.043
38.1796 17.8219 306.094
38.1728 17.8148 306.028
38.1859 17.8245 306.153
38.1884 17.8325 306.196
38.1766 17.8223 306.055
38.1733 17.8211 306.017
38.1763 17.8252 306.087
38.1851 17.8289 306.161
38.1877 17.8312 306.156
38.1765 17.8172 306.044
38.1771 17.8196 306.064
38.1744 17.8229 306.047
38.1902 17.8323 306.183
38.2026 17.8368 306.305
38.1835 17.8242 306.132
38.1793 17.8211 306.107
38.1626 17.8146 305.946
38.1917 17.8291 306.157
38.1721 17.8186 305.999
38.1586 17.8095 305.912
38.1727 17.8167 306.006
38.184 17.827 306.12
38.1731 17.8204 306.022
38.1741 17.8215 306.035
38.1911 17.8309 306.208
38.1929 17.8305 306.248
38.2005 17.8354 306.287
38.1816 17.826 306.1
38.1975 17.8363 306.274
38.1961 17.839 306.298
38.1832 17.8298 306.145
38.18 17.8306 306.116
38.1852 17.8312 306.152
38.1881 17.8397 306.183
38.1842 17.8394 306.17
38.1782 17.835 306.09
38.1778 17.8262 306.08
38.1655 17.8193 305.994
38.1885 17.836 306.196
38.1993 17.8368 306.28
38.1842 17.8289 306.113
38.1796 17.8272 306.091
38.1814 17.8264 306.119
38.1787 17.8293 306.069
38.2047 17.8419 306.324
38.1897 17.8282 306.14
38.1863 17.8285 306.149
38.1875 17.8251 306.201
38.1929 17.8324 306.214
38.1977 17.8332 306.246
38.1871 17.8282 306.133
38.1868 17.8273 306.147
38.1852 17.8328 306.13
38.2151 17.8484 306.403
38.2114 17.846 306.375
38.1904 17.8293 306.152
38.1988 17.8381 306.23
38.2013 17.8357 306.267
38.2043 17.8378 306.287
38.205 17.8387 306.333
38.198 17.8371 306.253
38.1983 17.8393 306.219
38.1953 17.8315 306.191
38.1958 17.8277 306.204
38.1863 17.826 306.106
38.1929 17.8294 306.19
38.1885 17.8312 306.164
38.1859 17.8273 306.159
38.1777 17.826 306.056
38.1806 17.828 306.074
38.1821 17.8247 306.069
38.1789 17.8226 306.033
38.1912 17.834 306.167
38.1947 17.8383 306.2
38.1867 17.831 306.126
38.1913 17.8278 306.187
38.1917 17.8292 306.188
38.1798 17.825 306.082
38.1816 17.8253 306.092
38.1989 17.8311 306.259
38.1819 17.8248 306.081
38.1743 17.8224 305.972
38.1867 17.826 306.124
38.2053 17.8394 306.281
38.1808 17.8309 306.062
38.1826 17.8299 306.128
38.1797 17.8254 306.055
38.1674 17.8183 305.93
38.2059 17.842 306.316
38.2014 17.8409 306.306
38.1948 17.8372 306.208
38.1611 17.8193 305.891
38.1908 17.8354 306.191
38.1915 17.8362 306.193
38.1902 17.8326 306.143
38.1837 17.8206 306.074
38.1792 17.8257 306.04
38.1804 17.8272 306.083
38.1806 17.828 306.068
38.1933 17.8318 306.182
38.1857 17.8294 306.126
38.1777 17.8272 306.077
38.1932 17.8303 306.188
38.1886 17.8268 306.147
38.1816 17.8246 306.079
38.1807 17.8272 306.075
38.1739 17.8217 306.005
38.1794 17.8271 306.063
38.1803 17.8331 306.126
38.1741 17.8297 306.054
38.1757 17.8281 306.057
38.1936 17.8379 306.176
38.1641 17.8216 305.93
38.177 17.828 306.065
38.1812 17.8309 306.095
38.1746 17.8274 306.04
38.1927 17.8331 306.165
38.1874 17.8321 306.135
38.1897 17.8303 306.176
38.1953 17.8276 306.224
38.2043 17.8352 306.284
38.1989 17.8334 306.21
38.1725 17.8224 305.999
38.168 17.8193 305.966
38.1885 17.8258 306.142
38.1946 17.8344 306.225
38.1808 17.8262 306.107
38.1791 17.8263 306.069
38.1899 17.8302 306.17
38.1946 17.834 306.194
38.1751 17.8271 306.016
38.1718 17.8251 305.985
38.1933 17.8333 306.205
38.1799 17.8312 306.1
38.1673 17.8256 305.962
38.1875 17.8312 306.122
38.1952 17.8385 306.222
38.1827 17.8308 306.127
38.1786 17.8272 306.066
38.1888 17.8311 306.15
38.1894 17.8309 306.149
38.1891 17.8333 306.167
38.1792 17.8288 306.076
38.1759 17.8304 306.063
38.1842 17.8344 306.109
38.1938 17.832 306.183
38.1882 17.8303 306.139
38.1842 17.8323 306.124
38.1764 17.8277 306.055
38.1661 17.8208 305.949
38.1786 17.8258 306.063
38.1887 17.8328 306.154
38.1868 17.8323 306.147
38.1891 17.8397 306.194
38.1837 17.833 306.119
38.1949 17.8366 306.221
38.1945 17.8318 306.242
38.1862 17.8271 306.165
38.1867 17.8289 306.142
38.1809 17.828 306.088
38.1944 17.8364 306.212
38.2047 17.8426 306.31
38.1917 17.8314 306.173
38.2009 17.832 306.242
38.1888 17.8276 306.129
38.1826 17.8271 306.096
38.1908 17.8367 306.164
38.1991 17.8433 306.243
38.1939 17.8331 306.188
38.1745 17.8205 305.999
38.1921 17.834 306.16
38.1762 17.8296 306.064
38.1917 17.8374 306.179
38.1929 17.8375 306.205
38.1779 17.823 306.029
38.1891 17.8284 306.177
38.1894 17.8276 306.149
38.1708 17.816 305.988
38.1888 17.8283 306.145
38.1971 17.8348 306.225
38.1861 17.8285 306.136
38.1818 17.8272 306.108
38.1892 17.8278 306.177
38.188 17.8307 306.179
38.1661 17.821 305.994
38.1819 17.829 306.097
38.1681 17.8202 305.984
38.1761 17.8225 306.032
38.1666 17.8221 305.96
38.1786 17.8323 306.083
38.1649 17.825 305.948
38.1999 17.8317 306.258
38.1951 17.8338 306.205
38.2012 17.8393 306.276
38.1932 17.8325 306.198
38.1847 17.8311 306.105
38.1941 17.8357 306.18
38.2094 17.8719 306.355
38.2295 17.941 306.48
38.1847 18.0075 306.092
38.1747 18.0497 305.994
38.1829 18.0103 306.044
38.1754 18.0011 305.96
38.1731 17.9957 305.926
38.1769 18.0067 305.972
38.1899 18.0077 306.078
38.1767 17.9989 305.953
38.1759 17.9963 305.949
38.1821 18.001 306.005
38.1829 17.9997 306.013
38.178 17.9971 305.97
38.1921 18.0055 306.124
38.1878 18.0036 306.065
38.1779 17.9992 305.965
38.1601 17.9877 305.82
38.1526 17.9839 305.756
38.1789 18.0018 306.008
38.1889 18.0062 306.074
38.1822 18.0141 306.046
38.1755 17.9969 305.992
38.1841 18.0045 306.041
38.166 17.9927 305.865
38.1867 18.0021 306.066
38.1927 18.0046 306.118
38.1882 18.0035 306.092
38.1759 17.9998 305.973
38.1781 18.0005 305.983
38.1819 18.0032 306.024
38.1966 18.0081 306.155
38.1945 18.0043 306.135
38.197 18.0075 306.155
38.1693 17.9901 305.894
38.1755 18.0013 305.959
38.1886 18.0101 306.074
38.1879 18.0038 306.065
38.1908 18.008 306.067
38.1945 18.0124 306.103
38.1845 18.0059 305.977
38.1879 18.0069 306.036
38.1728 17.9979 305.917
38.1878 18.0416 306.06
38.193 18.0838 306.143
38.1964 18.1156 306.173
38.2017 18.144 306.207
38.1788 18.1778 306.038
38.1786 18.2241 306.031
38.1971 18.2594 306.199
38.2067 18.2809 306.277
38.2019 18.2794 306.232
38.1836 18.2686 306.075
38.1873 18.276 306.078
38.2104 18.2878 306.274
38.2033 18.3088 306.233
38.2107 18.3414 306.296
38.2065 18.3443 306.29
38.2183 18.3549 306.422
38.2226 18.353 306.434
38.2099 18.3433 306.276
38.2153 18.3673 306.349
38.2048 18.391 306.268
38.2072 18.3985 306.293
38.1955 18.3955 306.173
38.2059 18.404 306.27
38.1939 18.4011 306.151
38.1926 18.4027 306.123
38.189 18.3959 306.089
38.1765 18.4305 306.012
38.1895 18.4998 306.154
38.201 18.5364 306.231
38.1967 18.56 306.204
38.2116 18.618 306.298
38.2097 18.6383 306.293
38.1973 18.6665 306.182
38.1991 18.7058 306.199
38.1857 18.7641 306.042
38.2076 18.8771 306.258
38.206 18.9471 306.249
38.1986 18.9818 306.155
38.2006 19.0605 306.191
38.2118 19.1018 306.338
38.2155 19.1437 306.329
38.1903 19.1681 306.055
38.2098 19.2131 306.238
38.2324 19.2555 306.449
38.2193 19.2899 306.333
38.2024 19.3143 306.184
38.1947 19.3543 306.125
38.195 19.3848 306.13
38.2154 19.4403 306.286
38.1902 19.486 306.034
38.1762 19.5314 305.843
38.2081 19.6449 306.224
38.2186 19.6997 306.276
38.205 19.7372 306.137
38.2058 19.7701 306.144
38.1922 19.792 306.002
38.2011 19.8616 306.078
38.2065 19.9099 306.164
38.1976 19.9544 306.08
38.2145 19.9869 306.259
38.2184 20.0551 306.258
38.2106 20.0685 306.169
38.2021 20.1069 306.071
38.2011 20.2161 306.118
38.2179 20.2612 306.253
38.2274 20.3331 306.333
38.2255 20.378 306.25
38.2091 20.4433 306.107
38.2153 20.5035 306.187
38.2135 20.5871 306.155
38.2267 20.6609 306.25
38.2245 20.6972 306.228
38.2025 20.7757 306.034
38.2141 20.8436 306.184
38.2224 20.936 306.25
38.1936 20.9651 305.941
38.1967 20.9841 305.959
38.1945 21.0122 305.962
38.2164 21.0608 306.14
38.2105 21.2292 306.07
38.1981 21.2858 305.975
38.2044 21.323 306.028
38.2268 21.4285 306.233
38.2419 21.4847 306.373
38.232 21.5515 306.272
38.191 21.5583 305.85
38.2156 21.5995 306.093
38.2247 21.6354 306.206
38.2152 21.6635 306.131
38.2183 21.7022 306.152
38.2248 21.7303 306.187
38.2394 21.7671 306.332
38.2382 21.8085 306.312
38.2211 21.8371 306.154
38.2196 21.8438 306.102
38.2117 21.8521 306.037
38.2245 21.8895 306.093
38.2521 21.9965 306.458
38.2654 22.0951 306.568
38.2295 22.1175 306.226
38.2291 22.1789 306.196
38.2294 22.2324 306.228
38.2208 22.268 306.092
38.2425 22.3819 306.281
38.2327 22.447 306.23
38.231 22.4875 306.201
38.2394 22.5501 306.284
38.2114 22.5991 305.995
38.2298 22.6428 306.176
38.2267 22.6696 306.152
38.2404 22.7136 306.267
38.2415 22.7408 306.264
38.2337 22.7612 306.203
38.2424 22.7915 306.292
38.2348 22.8049 306.208
38.2194 22.8158 306.064
38.2343 22.8508 306.183
38.2228 22.8756 306.096
38.2412 22.9068 306.263
38.2502 22.9286 306.366
38.2491 22.9248 306.315
38.2576 22.9477 306.42
38.244 22.9618 306.282
38.222 22.9732 306.087
38.2329 23.0148 306.182
38.2364 23.0538 306.239
38.2495 23.0812 306.379
38.2359 23.0979 306.24
38.2645 23.2064 306.488
38.2535 23.3043 306.386
38.2504 23.3637 306.353
38.2681 23.4585 306.53
38.2615 23.4885 306.425
38.27 23.5713 306.524
38.2779 23.6501 306.635
38.2635 23.8018 306.454
38.2512 23.8422 306.334
38.2687 23.9009 306.494
38.2556 23.9988 306.342
38.2673 24.1336 306.53
38.2818 24.1828 306.574
38.2661 24.2256 306.423
38.2701 24.2743 306.463
38.297 24.3219 306.732
38.2772 24.3359 306.535
38.2421 24.3314 306.204
38.2631 24.3834 306.369
38.2604 24.4116 306.377
38.2238 24.4395 306.043
38.2748 24.5488 306.521
38.2652 24.6034 306.411
38.27 24.7027 306.443
38.2567 24.7895 306.295
38.2525 24.8167 306.304
38.2573 24.9225 306.361
38.2801 25.0111 306.54
38.293 25.0839 306.633
38.276 25.0969 306.473
38.2938 25.1364 306.631
38.2974 25.1661 306.661
38.2946 25.2192 306.622
38.2967 25.2772 306.648
38.3142 25.3213 306.791
38.2986 25.3424 306.664
38.3077 25.3568 306.769
38.2959 25.3673 306.713
38.2824 25.3832 306.565
38.2978 25.4203 306.678
38.3111 25.4645 306.769
38.2857 25.4819 306.563
38.2914 25.5239 306.622
38.2889 25.5566 306.546
38.2828 25.5865 306.534
38.3069 25.6339 306.74
38.3079 25.6971 306.771
38.2928 25.7184 306.629
38.3065 25.751 306.702
38.2978 25.7673 306.636
38.2945 25.7919 306.602
38.2907 25.815 306.539
38.2987 25.8485 306.629
38.2964 25.8717 306.613
38.3088 25.9071 306.744
38.3029 25.9278 306.704
38.3088 25.944 306.737
38.313 25.9664 306.785
38.3194 25.9767 306.852
38.3202 25.9835 306.886
38.2904 25.9646 306.596
38.3087 25.9752 306.73
38.284 25.9864 306.506
38.2673 26.0007 306.394
38.2926 26.0417 306.574
38.3124 26.0852 306.735
38.3003 26.0854 306.624
38.2722 26.086 306.404
38.3217 26.1561 306.849
38.3332 26.2048 306.991
38.3105 26.2375 306.772
38.3095 26.2779 306.769
38.312 26.2924 306.802
38.2758 26.2901 306.457
38.2894 26.3316 306.552
38.2998 26.3712 306.637
38.296 26.3817 306.604
38.2923 26.3896 306.58
38.3036 26.4016 306.677
38.3143 26.4131 306.773
38.2994 26.4127 306.662
38.2935 26.4084 306.582
38.3051 26.4271 306.697
38.3051 26.4348 306.698
38.3011 26.4414 306.676
38.2869 26.4331 306.544
38.2896 26.4335 306.573
38.2954 26.4376 306.654
38.319 26.4596 306.858
38.3155 26.4512 306.789
38.3118 26.4493 306.761
38.3103 26.449 306.731
38.3176 26.4518 306.807
38.3085 26.4444 306.747
38.3038 26.4415 306.686
38.291 26.4336 306.566
38.3031 26.4409 306.697
38.309 26.4443 306.724
38.2986 26.4383 306.617
38.3111 26.4511 306.748
38.311 26.4461 306.762
38.3006 26.435 306.659
38.3123 26.4393 306.737
38.319 26.4445 306.804
38.3053 26.4341 306.687
38.2957 26.4273 306.599
38.3029 26.4313 306.676
38.3045 26.4242 306.65
38.2997 26.4203 306.62
38.2894 26.4095 306.528
38.286 26.4038 306.472
38.2972 26.4086 306.566
38.2881 26.4028 306.504
38.3023 26.4098 306.612
38.2833 26.3952 306.431
38.2806 26.3988 306.465
38.2643 26.3851 306.292
38.278 26.3919 306.382
38.2812 26.3915 306.415
38.2774 26.3989 306.395
38.2864 26.3993 306.477
38.2839 26.3945 306.466
38.2926 26.3986 306.53
38.3054 26.4102 306.635
38.3025 26.4083 306.616
38.3091 26.415 306.687
38.2961 26.4007 306.544
38.3073 26.412 306.658
38.2969 26.406 306.564
38.2896 26.3966 306.518
38.3037 26.4101 306.651
38.3213 26.4236 306.803
38.2949 26.3983 306.55
38.2975 26.3972 306.612
38.3028 26.4095 306.609
38.3101 26.4067 306.68
38.314 26.4093 306.719
38.2933 26.4004 306.53
38.3022 26.4088 306.616
38.2915 26.4009 306.519
38.3068 26.4092 306.657
38.2975 26.3972 306.58
38.3081 26.4089 306.664
38.3032 26.4005 306.629
38.2886 26.3927 306.496
38.2953 26.4032 306.557
38.2848 26.3974 306.474
38.3019 26.4104 306.643
38.3022 26.4072 306.62
38.3019 26.4055 306.616
38.3003 26.4081 306.587
38.2676 26.3866 306.31
38.293 26.4036 306.56
38.2975 26.4098 306.617
38.2943 26.4045 306.564
38.293 26.4027 306.559
38.2769 26.3946 306.403
38.273 26.3865 306.337
38.2846 26.3957 306.431
38.3034 26.406 306.58
38.3133 26.4143 306.691
38.2954 26.4004 306.573
38.2915 26.4001 306.528
38.2991 26.4075 306.602
38.3044 26.4081 306.625
38.2966 26.4009 306.546
38.3029 26.4182 306.617
38.3145 26.4433 306.741
38.327 26.4564 306.862
38.3308 26.4622 306.917
38.3125 26.4441 306.735
38.3134 26.4464 306.757
38.3308 26.4691 306.902
38.324 26.4754 306.845
38.3268 26.4857 306.888
38.311 26.4716 306.745
38.3145 26.4731 306.756
38.33 26.4832 306.876
38.3285 26.479 306.859
38.3058 26.4729 306.671
38.3356 26.4951 306.925
38.3403 26.4989 306.959
38.326 26.4838 306.818
38.3275 26.4822 306.827
38.3243 26.4824 306.828
38.328 26.4819 306.854
38.327 26.4838 306.837
38.3154 26.4711 306.712
38.329 26.4792 306.819
38.3295 26.485 306.826
38.3232 26.474 306.772
38.3183 26.4725 306.742
38.3294 26.4852 306.838
38.3217 26.4837 306.808
38.3118 26.4755 306.722
38.3093 26.4732 306.682
38.3225 26.4825 306.818
38.3334 26.4972 306.926
38.3148 26.4824 306.763
38.318 26.4855 306.801
38.2991 26.471 306.626
38.2986 26.4752 306.607
38.3113 26.4813 306.74
38.3172 26.4819 306.769
38.3019 26.4737 306.643
38.3194 26.4812 306.769
38.3135 26.4824 306.738
38.3225 26.4921 306.85
38.3218 26.4883 306.82
38.3333 26.4932 306.923
38.3091 26.479 306.7
38.3067 26.4801 306.706
38.3164 26.483 306.774
38.3243 26.4885 306.829
38.3277 26.4937 306.861
38.3267 26.4931 306.862
38.3306 26.4953 306.886
38.3271 26.4882 306.832
38.3179 26.482 306.739
38.3248 26.4858 306.801
38.3025 26.473 306.615
38.3025 26.4726 306.639
38.3169 26.4847 306.757
38.3295 26.4892 306.867
38.3087 26.475 306.684
38.3114 26.4774 306.705
38.3181 26.4859 306.786
38.3345 26.4948 306.925
38.3364 26.4953 306.931
38.3304 26.4916 306.875
38.3127 26.4802 306.719
38.3006 26.4757 306.65
38.3109 26.4816 306.719
38.3198 26.4873 306.788
38.3165 26.4822 306.769
38.3218 26.485 306.821
38.2993 26.4724 306.63
38.2995 26.4746 306.638
38.312 26.4794 306.745
38.3068 26.4731 306.676
38.2979 26.4661 306.596
38.2807 26.4529 306.442
38.298 26.4661 306.599
38.3004 26.4724 306.649
38.3003 26.469 306.632
38.3041 26.4728 306.643
38.3157 26.4814 306.76
38.3 26.4686 306.602
38.3179 26.4836 306.768
38.3168 26.4839 306.767
38.3109 26.4792 306.7
38.3162 26.4844 306.787
38.3093 26.4808 306.732
38.3048 26.4797 306.727
38.2995 26.4738 306.656
38.3049 26.4761 306.661
38.3138 26.4822 306.764
38.3152 26.4865 306.807
38.2962 26.47 306.602
38.2828 26.4572 306.482
38.2992 26.4711 306.627
38.3065 26.4769 306.712
38.3069 26.4799 306.739
38.3001 26.4755 306.674
38.2964 26.4689 306.615
38.2969 26.4678 306.605
38.2938 26.4672 306.584
38.2899 26.4684 306.57
38.2911 26.4674 306.559
38.2764 26.4548 306.425
38.2976 26.4715 306.603
38.2988 26.472 306.623
38.3129 26.4842 306.74
38.3101 26.4845 306.74
38.3126 26.4874 306.762
38.3104 26.4863 306.753
38.3112 26.4828 306.741
38.3067 26.4841 306.707
38.3075 26.4826 306.715
38.3123 26.4832 306.77
38.3067 26.479 306.704
38.3047 26.4718 306.672
38.3038 26.473 306.661
38.2927 26.4652 306.559
38.3283 26.4984 306.926
38.3332 26.5013 306.967
38.3254 26.4967 306.858
38.3228 26.4922 306.838
38.323 26.4931 306.851
38.3176 26.4836 306.82
38.3165 26.4869 306.811
38.3178 26.4897 306.806
38.3239 26.4943 306.861
38.3058 26.4763 306.717
38.306 26.4762 306.729
38.3089 26.4751 306.764
38.3115 26.4781 306.75
38.298 26.4744 306.674
38.3155 26.4812 306.798
38.2991 26.4671 306.645
38.306 26.4786 306.723
38.3057 26.4781 306.723
38.3026 26.4695 306.673
38.2936 26.4665 306.609
38.3046 26.4745 306.691
38.2969 26.4707 306.637
38.2927 26.4675 306.6
38.2976 26.4737 306.642
38.3004 26.4728 306.663
38.3039 26.474 306.66
38.3057 26.475 306.7
38.3117 26.4796 306.773
38.3046 26.4744 306.694
38.326 26.4906 306.874
38.3183 26.4851 306.812
38.3109 26.4796 306.763
38.3177 26.4855 306.832
38.3125 26.4873 306.787
38.3274 26.4942 306.916
38.3214 26.486 306.854
38.3331 26.4954 306.948
38.3245 26.4891 306.845
38.3185 26.4833 306.795
38.328 26.4865 306.868
38.3401 26.4984 306.945
38.3382 26.4987 306.95
38.3215 26.4836 306.78
38.3353 26.4929 306.92
38.3424 26.4978 306.983
38.3423 26.4994 307.004
38.3312 26.4927 306.878
38.346 26.5118 307.009
38.327 26.4891 306.834
38.3328 26.4988 306.923
38.3231 26.4915 306.819
38.3397 26.5016 306.951
38.3302 26.4949 306.862
38.3089 26.4769 306.672
38.3253 26.4862 306.808
38.335 26.4958 306.908
38.359 26.5093 307.125
38.3484 26.5033 307.032
38.3312 26.4874 306.85
38.3214 26.4846 306.758
38.3248 26.4904 306.822
38.3194 26.4886 306.805
38.3287 26.4915 306.851
38.328 26.4931 306.837
38.3334 26.4986 306.882
38.3374 26.4992 306.936
38.3462 26.5049 307.019
38.3428 26.5033 306.983
38.3394 26.4959 306.945
38.3342 26.4941 306.934
38.3437 26.503 307.029
38.3513 26.5103 307.085
38.3489 26.5117 307.041
38.3527 26.5123 307.07
38.3457 26.5053 307.011
38.3346 26.4975 306.91
38.3383 26.5008 306.946
38.3228 26.4882 306.795
38.3312 26.4929 306.87
38.3425 26.4983 306.977
38.3587 26.5145 307.113
38.3667 26.5198 307.162
38.3604 26.5128 307.098
38.3437 26.5031 306.987
38.3437 26.5015 306.993
38.3242 26.4872 306.837
38.339 26.504 306.96
38.3389 26.5027 306.949
38.3434 26.5014 306.967
38.3591 26.5091 307.108
38.3485 26.5073 306.987
38.3521 26.5086 307.047
38.3381 26.4983 306.927
38.3253 26.4901 306.843
38.3359 26.495 306.914
38.3411 26.4985 306.956
38.3413 26.5026 306.957
38.3304 26.4979 306.857
38.3374 26.4998 306.921
38.3468 26.5051 306.985
38.3388 26.5011 306.898
38.3543 26.5126 307.063
38.3357 26.4989 306.913
38.3247 26.4901 306.824
38.3406 26.4994 306.943
38.33 26.4963 306.875
38.3319 26.4931 306.887
38.3356 26.4914 306.92
38.3323 26.4914 306.879
38.3201 26.4845 306.764
38.3451 26.5046 307.005
38.3464 26.5046 307.013
38.3367 26.5009 306.911
38.3184 26.4893 306.776
38.3243 26.4892 306.81
38.3288 26.492 306.84
38.3333 26.4967 306.891
38.3291 26.4982 306.891
38.3109 26.4801 306.671
38.3292 26.4876 306.825
38.3399 26.4977 306.94
38.3328 26.4964 306.884
38.3357 26.4961 306.911
38.3415 26.4982 306.964
38.3384 26.4974 306.928
38.3244 26.4888 306.806
38.2979 26.468 306.575
38.3355 26.4963 306.921
38.3209 26.4863 306.786
38.3151 26.4825 306.73
38.3304 26.4952 306.894
38.3171 26.4892 306.774
38.3187 26.4923 306.778
38.3305 26.4988 306.898
38.3371 26.4992 306.943
38.3447 26.5005 306.994
38.3428 26.5075 306.982
38.3296 26.4955 306.842
38.3307 26.496 306.862
38.3142 26.4833 306.732
38.3059 26.4778 306.659
38.3236 26.4963 306.819
38.3305 26.4955 306.874
38.3437 26.5094 306.996
38.3193 26.4837 306.75
38.3459 26.5072 307.03
38.3474 26.5108 307.054
38.3507 26.5139 307.078
38.3238 26.4949 306.851
38.3271 26.4924 306.867
38.3433 26.5098 307.023
38.3394 26.5054 306.963
38.3259 26.498 306.859
38.3192 26.4848 306.775
38.3204 26.4869 306.813
38.3351 26.4984 306.926
38.3417 26.5043 307.001
38.3453 26.5073 307.029
38.3429 26.5078 307.013
38.3289 26.4962 306.894
38.3394 26.5077 306.973
38.3247 26.4921 306.844
38.3189 26.4861 306.759
38.3241 26.4939 306.842
38.3252 26.4896 306.852
38.3315 26.4945 306.934
38.3249 26.4914 306.86
38.3139 26.4853 306.734
38.3325 26.5013 306.957
38.3206 26.4852 306.843
38.3215 26.4898 306.805
38.325 26.4924 306.863
38.3231 26.4909 306.843
38.3267 26.4943 306.858
38.3311 26.4957 306.914
38.3084 26.4753 306.7
38.3291 26.4937 306.878
38.3273 26.4955 306.87
38.3125 26.4787 306.712
38.3338 26.4987 306.919
38.3231 26.4951 306.845
38.3022 26.4767 306.651
38.3217 26.4883 306.799
38.3181 26.493 306.769
38.3231 26.4926 306.832
38.3498 26.5126 307.06
38.3491 26.5055 307.042
38.3328 26.5026 306.91
38.3319 26.4986 306.899
