40.5008 -22.683 350.866
40.5724 -22.7137 351.652
40.5328 -22.6741 351.174
40.4903 -22.665 350.735
40.5317 -22.6779 351.221
40.5249 -22.6828 351.282
40.4549 -22.6424 350.484
40.4473 -22.6461 350.503
40.5177 -22.6947 351.101
40.5096 -22.6885 351.016
40.5033 -22.6713 350.881
40.5224 -22.6827 351.076
40.5718 -22.7009 351.579
40.5506 -22.679 351.403
40.567 -22.7102 351.469
40.5459 -22.6877 351.24
40.5353 -22.6866 351.146
40.5409 -22.6959 351.275
40.4826 -22.6561 350.624
40.5343 -22.6848 351.161
40.5599 -22.6914 351.429
40.5888 -22.7091 351.694
40.5932 -22.7196 351.716
40.5375 -22.7082 351.24
40.4765 -22.6614 350.59
40.5177 -22.682 351.06
40.4743 -22.6582 350.617
40.4169 -22.6165 349.965
40.4549 -22.6296 350.365
40.4796 -22.6534 350.665
40.4734 -22.6404 350.551
40.4997 -22.6439 350.867
40.4744 -22.6426 350.602
40.4301 -22.6146 350.154
40.4938 -22.6622 350.777
40.5529 -22.6945 351.458
40.5409 -22.6943 351.227
40.5544 -22.6828 351.462
40.4917 -22.6503 350.848
40.52 -22.6658 351.107
40.5324 -22.6748 351.248
40.5465 -22.6899 351.408
40.5586 -22.6947 351.482
40.5725 -22.6954 351.602
40.5207 -22.6736 351.138
40.5041 -22.6782 351.036
40.5304 -22.6905 351.225
40.5473 -22.6996 351.356
40.5376 -22.7016 351.262
40.5555 -22.7081 351.396
40.5719 -22.7175 351.597
40.5853 -22.7326 351.739
40.5169 -22.69 351.037
40.4986 -22.6793 350.87
40.5151 -22.6874 350.987
40.4945 -22.6664 350.815
40.5274 -22.6861 351.137
40.5467 -22.6895 351.318
40.5686 -22.7047 351.506
40.5525 -22.7079 351.379
40.5111 -22.6937 350.923
40.5434 -22.6912 351.292
40.5821 -22.7175 351.731
40.5882 -22.7284 351.801
40.5358 -22.697 351.256
40.561 -22.7039 351.527
40.5369 -22.681 351.24
40.5847 -22.7132 351.744
40.5685 -22.7074 351.566
40.5473 -22.6958 351.257
40.5768 -22.7212 351.629
40.5157 -22.6703 351.154
40.5138 -22.672 351.09
40.5178 -22.6795 351.142
40.5533 -22.6891 351.433
40.5439 -22.6978 351.442
40.5489 -22.6789 351.334
40.5532 -22.6999 351.396
40.5818 -22.711 351.727
40.6099 -22.7228 352.045
40.6065 -22.7306 351.994
40.5406 -22.6946 351.445
40.4781 -22.658 350.749
40.6011 -22.7312 351.858
40.5927 -22.719 351.728
40.5887 -22.7123 351.749
40.5525 -22.6978 351.428
40.5723 -22.7092 351.611
40.581 -22.716 351.698
40.5698 -22.7186 351.522
40.5441 -22.692 351.328
40.5789 -22.7182 351.717
40.5277 -22.6851 351.243
40.5787 -22.7128 351.756
40.5892 -22.7037 351.762
40.5439 -22.6728 351.365
40.5294 -22.6913 351.196
40.4757 -22.6775 350.697
40.511 -22.6882 351.011
40.5162 -22.6784 351.005
40.5759 -22.7072 351.575
40.528 -22.6871 351.216
40.5281 -22.6813 351.151
40.5484 -22.7084 351.283
40.5201 -22.7012 351.162
40.5063 -22.6852 351.05
40.4946 -22.6771 350.911
40.4949 -22.6754 350.929
40.4741 -22.6721 350.72
40.4436 -22.6642 350.49
40.4588 -22.6578 350.593
40.4989 -22.6817 351.101
40.5142 -22.6886 351.242
40.5299 -22.6961 351.349
40.5099 -22.6917 351.151
40.5608 -22.7311 351.631
40.5538 -22.7276 351.587
40.5367 -22.7089 351.448
40.5631 -22.7372 351.712
40.6132 -22.7663 352.248
40.5619 -22.7422 351.746
40.5523 -22.7396 351.648
40.5313 -22.7301 351.499
40.4601 -22.6951 350.88
40.49 -22.7016 351.165
40.4991 -22.7108 351.29
40.5237 -22.7272 351.523
40.5266 -22.7373 351.518
40.5202 -22.7338 351.457
40.4582 -22.6975 350.811
40.4766 -22.7014 350.974
40.4763 -22.6909 351.064
40.4428 -22.6779 350.64
40.4748 -22.6831 350.983
40.4274 -22.6681 350.628
40.4143 -22.6568 350.509
40.4355 -22.6695 350.675
40.4785 -22.7012 351.162
40.468 -22.7058 351.012
40.4309 -22.6798 350.71
40.3981 -22.6547 350.383
40.4184 -22.6685 350.576
40.4288 -22.6669 350.617
40.4781 -22.6904 351.063
40.4363 -22.6762 350.653
40.4152 -22.654 350.466
40.4497 -22.6724 350.803
40.4588 -22.6697 350.857
40.4736 -22.6977 351.05
40.4429 -22.6947 350.772
40.4253 -22.6699 350.639
40.4452 -22.6694 350.841
40.4434 -22.6783 350.792
40.4761 -22.7016 351.142
40.4388 -22.6775 350.701
40.4742 -22.7076 351.074
40.4152 -22.6721 350.571
40.4592 -22.7055 351.01
40.4692 -22.7057 351.059
40.4669 -22.6909 350.985
40.4669 -22.708 350.953
40.5021 -22.7259 351.321
40.4639 -22.6941 350.837
40.4901 -22.7068 351.212
40.4901 -22.7133 351.231
40.4776 -22.7075 351.054
40.4447 -22.6872 350.693
40.5097 -22.7242 351.393
40.4974 -22.7144 351.232
40.5482 -22.747 351.706
40.4837 -22.6978 351.039
40.4532 -22.6811 350.841
40.4276 -22.664 350.559
40.4002 -22.6622 350.211
40.4474 -22.6919 350.734
40.5171 -22.7349 351.492
40.4706 -22.7062 350.979
40.4928 -22.7196 351.258
40.4873 -22.7192 351.227
40.4288 -22.6727 350.471
40.4827 -22.7075 351.104
40.4607 -22.6906 350.908
40.4847 -22.7029 351.091
40.4881 -22.6993 351.215
40.4844 -22.7 351.156
40.5368 -22.7375 351.703
40.4792 -22.692 351.059
40.5098 -22.6915 351.414
40.5105 -22.7134 351.404
40.5096 -22.7128 351.434
40.5173 -22.722 351.458
40.5038 -22.7139 351.231
40.4859 -22.6833 351.152
40.4968 -22.7011 351.322
40.4359 -22.6762 350.737
40.456 -22.6908 350.945
40.4793 -22.6941 351.084
40.4637 -22.682 350.868
40.4501 -22.6747 350.748
40.4845 -22.7013 351.113
40.535 -22.6997 351.549
40.5294 -22.7182 351.528
40.5055 -22.7061 351.35
40.4852 -22.6895 351.145
40.4438 -22.6746 350.745
40.5027 -22.7165 351.464
40.4658 -22.6991 350.914
40.4395 -22.6913 350.706
40.4699 -22.6974 351.105
40.4322 -22.6812 350.759
40.4701 -22.7 351.034
40.4747 -22.7002 351.034
40.46 -22.6848 350.876
40.3977 -22.6494 350.265
40.4278 -22.6736 350.618
40.4 -22.6678 350.417
40.4595 -22.7071 350.975
40.5041 -22.7327 351.346
40.502 -22.7307 351.339
40.4788 -22.7257 351.193
40.4516 -22.7054 350.82
40.447 -22.6727 350.823
40.4812 -22.7062 351.148
40.428 -22.6793 350.644
40.4671 -22.6973 351.105
40.4551 -22.6776 351.02
40.4618 -22.6951 351.088
40.4662 -22.7081 351.087
40.4322 -22.6905 350.656
40.405 -22.6793 350.42
40.3952 -22.6799 350.499
40.4594 -22.7112 351.062
40.4462 -22.7175 350.987
40.3979 -22.6945 350.572
40.4214 -22.699 350.797
40.3986 -22.6874 350.598
40.4369 -22.7115 350.994
40.4532 -22.7364 351.217
40.3913 -22.6997 350.695
40.3802 -22.7064 350.676
40.4084 -22.7228 350.958
40.3929 -22.7402 350.918
40.4518 -22.7853 351.535
40.4263 -22.778 351.215
40.3414 -22.7283 350.428
40.3608 -22.7405 350.709
40.3902 -22.7625 351.054
40.3902 -22.7687 351.126
40.3747 -22.7588 350.906
40.3615 -22.7435 350.872
40.3372 -22.7296 350.574
40.5573 -22.8561 352.637
40.5541 -22.8533 352.677
40.563 -22.8672 352.81
40.5983 -22.9023 353.145
40.5778 -22.8854 353.015
40.4884 -22.7716 351.684
40.4963 -22.7759 351.674
40.4485 -22.7518 351.267
40.408 -22.7362 350.966
40.5119 -22.7747 351.936
40.5589 -22.7908 352.338
40.5393 -22.7822 352.164
40.4537 -22.7295 351.314
40.4944 -22.7531 351.682
40.5072 -22.7645 351.792
40.5309 -22.7875 352.026
40.5416 -22.7908 352.159
40.4993 -22.7463 351.578
40.4973 -22.7536 351.642
40.5218 -22.7707 351.862
40.5348 -22.7731 351.971
40.5553 -22.7864 352.148
40.6102 -22.8028 352.471
40.4891 -22.7269 351.313
40.4671 -22.7062 351.061
40.4949 -22.7237 351.297
40.4918 -22.7246 351.199
40.5187 -22.7188 351.546
40.588 -22.7575 352.251
40.5593 -22.7633 351.973
40.5664 -22.7538 351.751
40.5455 -22.741 351.678
40.4963 -22.7068 351.129
40.5341 -22.7371 351.479
40.5592 -22.7559 351.777
40.5651 -22.7519 351.833
40.5942 -22.7693 352.154
40.5836 -22.7611 352.069
40.5793 -22.7615 352.041
40.5638 -22.7521 351.788
40.5394 -22.7462 351.565
40.5213 -22.7192 351.379
40.4701 -22.6829 350.932
40.4989 -22.703 351.161
40.5054 -22.6932 351.21
40.5444 -22.728 351.55
40.5819 -22.7605 351.892
40.5638 -22.7437 351.688
40.5345 -22.7238 351.473
40.5581 -22.7367 351.715
40.5289 -22.7116 351.355
40.5908 -22.7377 351.904
40.5989 -22.7361 352.012
40.5829 -22.725 351.799
40.5945 -22.7321 351.871
40.5368 -22.697 351.334
40.4516 -22.6615 350.478
40.5533 -22.7017 351.513
40.4943 -22.6774 350.981
40.5288 -22.6893 351.146
40.6013 -22.7386 351.894
40.5334 -22.7046 351.339
40.4932 -22.6681 350.889
40.5505 -22.706 351.498
40.5597 -22.7193 351.562
40.5647 -22.7322 351.633
40.5617 -22.723 351.558
40.5465 -22.7068 351.417
40.4825 -22.6608 350.819
40.5261 -22.6928 351.266
40.5633 -22.7313 351.674
40.5835 -22.7277 351.809
40.5892 -22.7221 351.841
40.6106 -22.7343 352.015
40.5495 -22.7111 351.374
40.4948 -22.6866 350.906
40.5126 -22.7016 351.032
40.5356 -22.6944 351.211
40.5607 -22.7107 351.538
40.5628 -22.709 351.547
40.5489 -22.7271 351.458
40.5481 -22.7249 351.445
40.5885 -22.7433 351.799
40.586 -22.7309 351.861
40.555 -22.7052 351.496
40.5776 -22.7352 351.714
40.5882 -22.7321 351.768
40.587 -22.724 351.761
40.6398 -22.7586 352.23
40.5841 -22.7266 351.749
40.5559 -22.7109 351.499
40.5491 -22.7069 351.46
40.5462 -22.6934 351.29
40.5589 -22.7106 351.508
40.5566 -22.6982 351.491
40.5848 -22.7282 351.816
40.6234 -22.7546 352.17
40.5842 -22.7248 351.783
40.5853 -22.7153 351.767
40.6438 -22.768 352.415
40.6217 -22.7252 352.133
40.6161 -22.7282 352.091
40.6279 -22.7409 352.131
40.6373 -22.7625 352.266
40.5971 -22.7282 351.828
40.6299 -22.756 352.152
40.6476 -22.7702 352.241
40.631 -22.7531 352.098
40.6146 -22.7524 352.029
40.6305 -22.7368 352.024
40.577 -22.7078 351.491
40.5902 -22.7184 351.756
40.6107 -22.7308 351.922
40.5818 -22.7333 351.57
40.5506 -22.721 351.226
40.5741 -22.7205 351.584
40.6543 -22.763 352.344
40.6427 -22.7513 352.191
40.6177 -22.7431 351.939
40.6512 -22.7724 352.284
40.6695 -22.7873 352.531
40.6705 -22.7776 352.517
40.646 -22.7565 352.335
40.6135 -22.7452 351.991
40.5961 -22.7241 351.875
40.5796 -22.7133 351.762
40.5602 -22.6996 351.463
40.558 -22.694 351.41
40.601 -22.7114 351.824
40.5997 -22.7154 351.768
40.6093 -22.7166 351.921
40.5719 -22.6997 351.519
40.5498 -22.6936 351.333
40.569 -22.7114 351.51
40.5876 -22.728 351.748
40.5761 -22.7002 351.601
40.6146 -22.716 351.988
40.6245 -22.7208 352.058
40.6511 -22.735 352.299
40.6461 -22.7424 352.23
40.6431 -22.7454 352.256
40.565 -22.697 351.533
40.5681 -22.7066 351.531
40.5681 -22.6994 351.446
40.5452 -22.6875 351.244
40.5442 -22.6839 351.237
40.5817 -22.6978 351.647
40.5549 -22.6867 351.365
40.5618 -22.7127 351.447
40.5987 -22.7279 351.767
40.6244 -22.7363 352.069
40.5881 -22.7118 351.697
40.6306 -22.745 352.068
40.5978 -22.7281 351.744
40.6064 -22.7287 351.917
40.561 -22.7018 351.389
40.5795 -22.7058 351.553
40.6187 -22.73 351.961
40.6215 -22.7174 352.078
40.5584 -22.6966 351.503
40.6581 -22.7659 352.481
40.6126 -22.7342 351.979
40.5884 -22.7239 351.733
40.6391 -22.7551 352.169
40.6285 -22.7439 352.053
40.5478 -22.6877 351.244
40.5244 -22.6853 351.035
40.5694 -22.7091 351.465
40.5781 -22.7198 351.628
40.5713 -22.706 351.536
40.527 -22.6836 351.064
40.5722 -22.6938 351.514
40.587 -22.7049 351.705
40.5506 -22.6731 351.261
40.5104 -22.6612 350.904
40.5959 -22.7203 351.767
40.5973 -22.7186 351.825
40.6201 -22.7341 352.073
40.5198 -22.6775 351.123
40.6065 -22.7422 351.899
40.6113 -22.7127 351.876
40.5516 -22.6833 351.289
40.5817 -22.7187 351.614
40.5772 -22.7156 351.612
40.5646 -22.7065 351.576
40.5688 -22.6981 351.62
40.5754 -22.6951 351.719
40.552 -22.6941 351.45
40.5628 -22.7068 351.509
40.5734 -22.7156 351.577
40.5487 -22.6997 351.338
40.5663 -22.6989 351.478
40.5527 -22.6936 351.378
40.5301 -22.6821 351.199
40.553 -22.6789 351.43
40.5475 -22.6827 351.348
40.586 -22.7183 351.685
40.5404 -22.6778 351.219
40.5475 -22.6996 351.321
40.5666 -22.7128 351.5
40.6565 -22.7561 352.388
40.5423 -22.6878 351.274
40.5604 -22.6888 351.443
40.5745 -22.7006 351.566
40.6128 -22.7389 352.007
40.5722 -22.6994 351.542
40.6529 -22.7531 352.259
40.5939 -22.7155 351.772
40.6152 -22.7223 351.926
40.5908 -22.7176 351.735
40.6161 -22.7353 351.954
40.5956 -22.7258 351.842
40.5944 -22.7085 351.749
40.57 -22.7026 351.507
40.5706 -22.7115 351.548
40.5594 -22.6648 351.495
40.6349 -22.6751 352.104
40.6311 -22.6142 352.103
40.5564 -22.486 351.459
40.548 -22.417 351.384
40.5395 -22.3868 351.336
40.6149 -22.3405 351.971
40.6216 -22.2661 352.1
40.5874 -22.2151 351.73
40.5509 -22.1528 351.32
40.5809 -22.1625 351.624
40.5446 -22.0795 351.238
40.5826 -22.0787 351.692
40.6213 -22.0648 352.042
40.6492 -22.0624 352.329
40.6528 -22.0347 352.378
40.6268 -21.9712 352.179
40.5492 -21.839 351.382
40.5719 -21.8198 351.6
40.593 -21.7978 351.783
40.6041 -21.7732 351.806
40.5998 -21.7101 351.713
40.6652 -21.676 352.383
40.6273 -21.5064 352.043
40.6649 -21.4924 352.531
40.6316 -21.3981 352.066
40.5734 -21.3079 351.534
40.6156 -21.11 352.043
40.6097 -21.0211 352.136
40.5834 -20.7809 351.683
40.6097 -20.7681 351.939
40.6263 -20.7036 352.122
40.6546 -20.6318 352.384
40.6486 -20.5484 352.426
40.6485 -20.54 352.394
40.6657 -20.5346 352.494
40.6756 -20.5177 352.558
40.6578 -20.4914 352.385
40.6508 -20.3661 352.271
40.6328 -20.2812 352.22
40.6064 -20.1923 351.92
40.701 -20.1387 352.821
40.7172 -20.0775 352.922
40.702 -19.9629 352.852
40.6998 -19.7588 352.799
40.6643 -19.62 352.444
40.6048 -19.5092 351.976
40.6791 -19.3592 352.642
40.6495 -19.2557 352.323
40.686 -19.1899 352.78
40.6659 -18.9959 352.541
40.7046 -18.8185 352.986
40.7002 -18.7359 352.908
40.6691 -18.6489 352.536
40.7313 -18.6143 353.106
40.755 -18.5927 353.458
40.7216 -18.4944 352.983
40.6874 -18.3933 352.619
40.691 -18.2812 352.849
40.6997 -18.1075 352.831
40.7489 -18.0886 353.424
40.7299 -18.0152 353.159
40.7061 -17.8334 352.93
40.6403 -17.7025 352.294
40.6329 -17.5947 352.169
40.678 -17.4883 352.581
40.6785 -17.4262 352.467
40.6552 -17.3898 352.328
40.6096 -17.3175 351.985
40.6189 -17.2543 352.042
40.6759 -17.2653 352.65
40.8197 -17.2594 354.085
40.6746 -17.1278 352.504
40.713 -17.0636 352.989
40.6851 -17.0102 352.728
40.6731 -16.9588 352.618
40.6274 -16.827 352.024
40.7191 -16.775 353.046
40.7305 -16.7335 353.072
40.6521 -16.6404 352.346
40.6473 -16.5195 352.284
40.7265 -16.4642 353.092
40.7854 -16.4081 353.709
40.7479 -16.2146 353.308
40.7421 -16.0424 353.351
40.7275 -15.8608 353.232
40.76 -15.8315 353.458
40.7185 -15.786 353.023
40.7041 -15.7468 352.818
40.7049 -15.6608 352.882
40.7056 -15.5402 352.845
40.7032 -15.4749 352.774
40.708 -15.4589 352.925
40.6932 -15.3582 352.866
40.7163 -15.2981 352.999
40.756 -15.2325 353.385
40.7664 -15.1148 353.417
40.7382 -15.0119 353.243
40.7511 -14.892 353.365
40.7324 -14.8111 353.004
40.752 -14.6621 353.297
40.7787 -14.5874 353.585
40.7323 -14.4751 353.163
40.7375 -14.3578 353.161
40.7637 -14.2945 353.367
40.7565 -14.2857 353.378
40.8165 -14.2301 353.926
40.7593 -14.1619 353.461
40.7578 -14.1337 353.448
40.7667 -14.0955 353.482
40.7205 -14.0752 352.996
40.6882 -14.0537 352.751
40.6797 -13.9818 352.627
40.7036 -13.9405 352.755
40.7476 -13.9127 353.307
40.7204 -13.8992 353.001
40.6952 -13.8863 352.698
40.757 -13.8564 353.292
40.7546 -13.7501 353.33
40.7487 -13.6974 353.321
40.7237 -13.6787 353.064
40.7096 -13.6668 352.952
40.6829 -13.6462 352.673
40.7283 -13.6408 353.146
40.7418 -13.615 353.192
40.757 -13.5925 353.36
40.7256 -13.5909 353.104
40.7808 -13.6136 353.678
40.7739 -13.5932 353.532
40.7053 -13.5637 352.895
40.7435 -13.5796 353.328
40.7783 -13.6033 353.631
40.7887 -13.5993 353.66
40.7553 -13.6063 353.369
40.7227 -13.5762 353.079
40.7657 -13.5917 353.445
40.7254 -13.5497 353.063
40.7312 -13.5154 353.189
40.7893 -13.5106 353.712
40.834 -13.5278 354.156
40.7411 -13.4883 353.178
40.7866 -13.4829 353.635
40.783 -13.4641 353.564
40.774 -13.4513 353.461
40.7089 -13.4296 352.877
40.7103 -13.4292 352.911
40.7612 -13.4432 353.4
40.794 -13.4581 353.734
40.7667 -13.4496 353.426
40.7782 -13.448 353.536
40.7805 -13.4525 353.561
40.7651 -13.4443 353.392
40.7554 -13.4373 353.291
40.758 -13.4425 353.398
40.7352 -13.3952 353.207
40.7537 -13.3463 353.344
40.7758 -13.3481 353.535
40.7836 -13.3453 353.587
40.7633 -13.3504 353.404
40.7261 -13.3381 353.101
40.749 -13.3132 353.311
40.7621 -13.2895 353.497
40.7556 -13.2663 353.337
40.7852 -13.2683 353.569
40.7825 -13.2732 353.595
40.7594 -13.2661 353.447
40.7853 -13.2618 353.744
40.7706 -13.216 353.545
40.8128 -13.1974 353.918
40.7479 -13.1515 353.373
40.7527 -13.1419 353.341
40.7847 -13.1633 353.669
40.7265 -13.1304 353.08
40.634 -13.0931 352.204
40.7872 -13.1438 353.691
40.8234 -13.1583 354.046
40.7798 -13.1466 353.608
40.748 -13.1344 353.351
40.8463 -13.1615 354.232
40.8493 -13.1594 354.173
40.7867 -13.1368 353.628
40.7511 -13.1286 353.272
40.7467 -13.1251 353.181
40.7645 -13.1522 353.353
40.7885 -13.1431 353.634
40.7256 -13.1377 352.977
40.7624 -13.1423 353.298
40.7617 -13.1252 353.375
40.7588 -13.1287 353.281
40.6663 -13.1029 352.438
40.7696 -13.1378 353.455
40.806 -13.1434 353.852
40.817 -13.1496 353.891
40.8082 -13.1574 353.868
40.8452 -13.1698 354.234
40.8488 -13.1791 354.274
40.7334 -13.1334 353.188
40.7173 -13.1316 353
40.74 -13.1358 353.159
40.7084 -13.1279 352.91
40.7112 -13.1278 352.898
40.7484 -13.1396 353.276
40.7329 -13.13 353.083
40.7374 -13.1361 353.076
40.7161 -13.1273 352.961
40.7289 -13.1305 353.14
40.77 -13.1325 353.439
40.8304 -13.1511 354.008
40.8001 -13.1305 353.737
40.7592 -13.1432 353.263
40.7441 -13.1431 353.172
40.7708 -13.1436 353.484
40.8113 -13.1575 353.857
40.7998 -13.1624 353.868
40.7771 -13.1513 353.613
40.7995 -13.1578 353.817
40.7502 -13.1341 353.311
40.7488 -13.1358 353.258
40.764 -13.1453 353.475
40.7821 -13.147 353.733
40.8018 -13.1639 353.85
40.7505 -13.1479 353.243
40.7589 -13.1473 353.323
40.7768 -13.1456 353.504
40.7785 -13.1361 353.641
40.7367 -13.1213 353.238
40.7574 -13.1489 353.362
40.7286 -13.1496 353.12
40.7533 -13.1283 353.367
40.792 -13.1468 353.792
40.7805 -13.1476 353.605
40.7614 -13.1407 353.459
40.7247 -13.1402 353.082
40.7218 -13.1289 353.002
40.7301 -13.1305 353.103
40.7577 -13.1307 353.364
40.7406 -13.1201 353.229
40.7503 -13.1281 353.306
40.7443 -13.1373 353.206
40.7729 -13.1427 353.508
40.7749 -13.1489 353.53
40.8222 -13.173 354.082
40.7748 -13.1466 353.49
40.7377 -13.144 353.095
40.7212 -13.1283 353
40.7264 -13.1208 353.02
40.7498 -13.1389 353.311
40.7873 -13.143 353.651
40.7647 -13.1422 353.377
40.7786 -13.1497 353.542
40.7541 -13.1352 353.314
40.7468 -13.1352 353.233
40.7617 -13.1269 353.346
40.7867 -13.1376 353.549
40.7722 -13.1469 353.406
40.8086 -13.1672 353.793
40.7864 -13.1542 353.576
40.7331 -13.1309 353.139
40.7407 -13.1321 353.205
40.787 -13.1395 353.602
40.7782 -13.1428 353.564
40.749 -13.1421 353.298
40.7647 -13.1337 353.438
40.7699 -13.1405 353.522
40.777 -13.1491 353.602
40.7626 -13.1436 353.407
40.7897 -13.1388 353.737
40.8004 -13.1527 353.813
40.7608 -13.1415 353.349
40.7324 -13.1406 353.074
40.7847 -13.1458 353.622
40.7634 -13.1317 353.4
40.7897 -13.1565 353.705
40.7927 -13.164 353.763
40.7913 -13.1658 353.737
40.8154 -13.1624 353.903
40.7475 -13.1349 353.285
40.8035 -13.165 353.769
40.7935 -13.1475 353.665
40.8339 -13.158 354.166
40.7231 -13.1423 353.045
40.7982 -13.1483 353.81
40.8199 -13.1703 354.002
40.7914 -13.1432 353.701
40.7355 -13.1393 353.208
40.7469 -13.1522 353.336
40.7798 -13.1632 353.57
40.7812 -13.1613 353.595
40.7344 -13.1391 353.095
40.7223 -13.1279 353.017
40.7468 -13.1222 353.264
40.689 -13.113 352.738
40.7274 -13.1359 353.12
40.8035 -13.1568 353.831
40.7673 -13.1537 353.456
40.7675 -13.1625 353.411
40.7701 -13.1477 353.462
40.7487 -13.1338 353.331
40.7602 -13.1401 353.393
40.6843 -13.1146 352.635
40.7515 -13.1357 353.309
40.7671 -13.1539 353.397
40.7561 -13.1374 353.304
40.7556 -13.1431 353.424
40.7774 -13.1531 353.549
40.7837 -13.1696 353.601
40.7577 -13.146 353.365
40.7577 -13.1351 353.358
40.7671 -13.1428 353.481
40.7628 -13.1424 353.494
40.7059 -13.1271 352.984
40.7514 -13.1354 353.276
40.7061 -13.1144 352.834
40.7667 -13.1345 353.398
40.8042 -13.1624 353.823
40.7505 -13.1434 353.254
40.7635 -13.1463 353.438
40.7863 -13.144 353.696
40.7922 -13.1419 353.728
40.7528 -13.1375 353.425
40.7496 -13.1398 353.274
40.7198 -13.1282 352.983
40.7646 -13.143 353.481
40.6997 -13.1333 352.868
40.7236 -13.1431 353.061
40.7219 -13.1282 353.082
40.7488 -13.132 353.325
40.7194 -13.1321 353.027
40.7132 -13.1191 352.99
40.7717 -13.136 353.577
40.7285 -13.131 353.086
40.6904 -13.1326 352.695
40.7277 -13.1413 353.042
40.7561 -13.1392 353.302
40.7364 -13.143 353.049
40.7586 -13.147 353.282
40.7713 -13.1469 353.48
40.7427 -13.1382 353.137
40.7484 -13.1379 353.237
40.7797 -13.1529 353.598
40.7559 -13.1592 353.343
40.7546 -13.1503 353.395
40.7758 -13.1461 353.545
40.738 -13.1309 353.187
40.7933 -13.1461 353.736
40.7649 -13.1469 353.487
40.7449 -13.1313 353.223
40.7196 -13.1276 353.037
40.7578 -13.1445 353.391
40.7883 -13.1567 353.663
40.7695 -13.1402 353.448
40.7701 -13.134 353.458
40.7712 -13.1506 353.432
40.7443 -13.142 353.249
40.8288 -13.1554 354.033
40.7843 -13.1335 353.61
40.7516 -13.1305 353.314
40.766 -13.1475 353.434
40.7434 -13.1355 353.166
40.7859 -13.15 353.655
40.7615 -13.1374 353.425
40.7804 -13.1383 353.568
40.7952 -13.1476 353.726
40.7787 -13.1415 353.566
40.8059 -13.156 353.901
40.7677 -13.1305 353.571
40.7975 -13.1407 353.796
40.7898 -13.1425 353.766
40.7171 -13.1217 353.041
40.7344 -13.1352 353.097
40.7465 -13.1317 353.222
40.7169 -13.118 352.914
40.7319 -13.1304 353.105
40.7657 -13.1433 353.383
40.7238 -13.1423 353.06
40.7514 -13.1385 353.436
40.7316 -13.1344 353.217
40.7012 -13.1283 352.765
40.7571 -13.1443 353.328
40.7319 -13.1384 353.181
40.7351 -13.1304 353.209
40.6976 -13.1139 352.816
40.7031 -13.1404 352.842
40.7448 -13.1417 353.271
40.7677 -13.1507 353.511
40.7461 -13.1387 353.243
40.7738 -13.1441 353.435
40.7454 -13.1261 353.261
40.7295 -13.136 353.117
40.7192 -13.136 352.952
40.7195 -13.1449 352.887
40.7229 -13.1444 352.899
40.745 -13.1495 353.278
40.7613 -13.1429 353.395
40.7522 -13.1388 353.289
40.7633 -13.1405 353.433
40.7668 -13.1437 353.491
40.7384 -13.1251 353.204
40.7185 -13.1227 352.918
40.7625 -13.139 353.286
40.7476 -13.1301 353.198
40.7107 -13.1266 352.871
40.7672 -13.1345 353.435
40.7659 -13.1307 353.484
40.7387 -13.1265 353.174
40.7426 -13.141 353.143
40.7764 -13.1392 353.594
40.7107 -13.1125 352.915
40.7649 -13.1403 353.353
40.7355 -13.1323 353.054
40.7766 -13.1481 353.415
40.7403 -13.1301 353.029
40.7567 -13.1296 353.19
40.7195 -13.1196 352.889
40.7508 -13.1343 353.199
40.7499 -13.1372 353.207
40.7152 -13.1255 352.937
40.7827 -13.1376 353.571
40.7609 -13.1367 353.302
40.7289 -13.1189 352.957
40.7063 -13.1175 352.838
40.7806 -13.15 353.604
40.7531 -13.1373 353.355
40.7811 -13.1391 353.607
40.7776 -13.1282 353.526
40.772 -13.1345 353.53
40.7637 -13.1388 353.441
40.7491 -13.1381 353.279
40.7581 -13.1215 353.279
40.7776 -13.1145 353.44
40.7966 -13.1437 353.708
40.7909 -13.1483 353.713
40.7499 -13.1406 353.33
40.7298 -13.1404 353.005
40.7472 -13.1207 353.221
40.7118 -13.1207 352.849
40.7822 -13.1252 353.579
40.7859 -13.1444 353.685
40.7323 -13.123 353.107
40.7546 -13.134 353.268
40.7616 -13.1295 353.369
40.7893 -13.1426 353.713
40.7206 -13.1291 352.946
40.7228 -13.1262 352.904
40.7381 -13.1375 353.06
40.7485 -13.1419 353.163
40.7326 -13.1198 353.091
40.7605 -13.133 353.51
40.7222 -13.1212 352.979
40.7006 -13.121 352.711
40.7058 -13.1204 352.77
40.7899 -13.1557 353.561
40.7786 -13.1447 353.475
40.7432 -13.1384 353.19
40.744 -13.1419 353.15
40.7634 -13.1183 353.344
40.7638 -13.1203 353.379
40.6909 -13.0718 352.669
40.7383 -13.0043 353.05
40.7536 -12.9409 353.159
40.7761 -12.8903 353.388
40.7764 -12.8563 353.435
40.776 -12.7984 353.488
40.7514 -12.7365 353.303
40.7888 -12.7031 353.585
40.7653 -12.664 353.396
40.7362 -12.5787 353.081
40.7387 -12.5319 353.011
40.7307 -12.4603 352.987
40.7925 -12.328 353.686
40.7509 -12.2348 353.232
40.7294 -12.1282 352.951
40.7023 -12.0735 352.795
40.7747 -12.0562 353.509
40.7391 -12.0273 353.171
40.7084 -12.0015 352.812
40.8137 -11.9814 353.862
40.7752 -11.8897 353.388
40.6787 -11.8028 352.498
40.7578 -11.7646 353.304
40.8536 -11.7132 354.255
40.8111 -11.6613 353.91
40.8142 -11.6038 353.848
40.7805 -11.5029 353.591
40.8042 -11.4525 353.749
40.803 -11.4124 353.777
40.8281 -11.3567 354.091
40.8318 -11.2036 354.071
40.8011 -11.1181 353.641
40.7986 -11.0547 353.66
40.749 -11.0221 353.213
40.7817 -11.0076 353.586
40.8048 -10.937 353.806
40.7618 -10.8537 353.303
40.7429 -10.8162 353.047
40.7714 -10.7608 353.381
40.7447 -10.6513 352.993
40.7779 -10.6206 353.408
40.7781 -10.5826 353.375
40.7734 -10.5337 353.337
40.7657 -10.5073 353.245
40.7873 -10.5013 353.461
40.7631 -10.4688 353.243
40.7633 -10.4404 353.267
40.8005 -10.4236 353.664
40.7868 -10.3816 353.491
40.8198 -10.3452 353.801
40.8604 -10.281 354.246
40.808 -10.2103 353.742
40.7945 -10.1406 353.522
40.7854 -10.0387 353.467
40.8089 -9.85025 353.662
40.7841 -9.67308 353.412
40.7924 -9.55715 353.512
40.7674 -9.46817 353.109
40.8045 -9.35759 353.635
40.7884 -9.3063 353.565
40.7856 -9.29122 353.426
40.812 -9.25892 353.647
40.8551 -9.24446 354.164
40.8052 -9.16949 353.623
40.7441 -9.05622 353.038
40.7652 -9.02173 353.242
40.7422 -8.98678 353.034
40.6719 -8.93072 352.408
40.7822 -8.93589 353.505
40.7723 -8.89091 353.299
40.7854 -8.84256 353.457
40.812 -8.79858 353.618
40.7451 -8.73 353.066
40.823 -8.66558 353.857
40.8009 -8.65005 353.543
40.8119 -8.60005 353.7
40.8149 -8.48731 353.766
40.7521 -8.34473 353.034
40.7508 -8.27626 353.117
40.7539 -8.2097 353.144
40.7995 -8.12329 353.629
40.8238 -8.05719 353.758
40.7951 -7.94127 353.49
40.7586 -7.82171 353.096
40.8202 -7.7956 353.744
40.8273 -7.72209 353.834
40.846 -7.68491 354.057
40.815 -7.6486 353.736
40.8114 -7.54163 353.7
40.7782 -7.44719 353.293
40.7978 -7.28928 353.594
40.816 -7.23089 353.719
40.7679 -7.16428 353.166
40.819 -7.11918 353.697
40.7684 -7.0322 353.157
40.7633 -7.00288 353.054
40.7942 -6.85566 353.416
40.7843 -6.80873 353.252
40.8293 -6.77428 353.82
40.7969 -6.72783 353.503
40.813 -6.63946 353.615
40.8132 -6.5775 353.516
40.8226 -6.49086 353.677
40.7998 -6.42355 353.494
40.8067 -6.37081 353.633
40.8056 -6.2501 353.505
40.7718 -6.1951 353.207
40.7383 -6.14419 352.882
40.8238 -6.11716 353.612
40.8259 -6.08796 353.625
40.792 -6.05136 353.32
40.797 -5.96021 353.391
40.8139 -5.91796 353.551
40.9058 -5.8032 354.462
40.8335 -5.7252 353.774
40.8275 -5.67642 353.665
40.8268 -5.63925 353.634
40.8327 -5.59793 353.714
40.8557 -5.5666 354.033
40.8835 -5.55848 354.269
40.8704 -5.53366 354.135
40.8741 -5.49742 354.178
40.8483 -5.46252 353.919
40.832 -5.43936 353.734
40.8145 -5.41904 353.569
40.8137 -5.40441 353.539
40.8166 -5.38876 353.613
40.8337 -5.37099 353.754
40.8211 -5.3183 353.693
40.8391 -5.18874 353.853
40.8573 -5.11109 353.971
40.7994 -5.06543 353.418
40.7689 -5.01899 353.122
40.7966 -4.99526 353.457
40.7703 -4.97905 353.156
40.7942 -4.95381 353.382
40.7886 -4.93748 353.338
40.7768 -4.94613 353.184
40.8219 -4.97009 353.542
40.8048 -4.93827 353.43
40.7805 -4.93332 353.292
40.7921 -4.92137 353.344
40.8634 -4.90253 354.087
40.8884 -4.88439 354.291
40.8266 -4.80706 353.686
40.8698 -4.73331 354.05
40.8607 -4.69518 353.973
40.8286 -4.64896 353.59
40.8555 -4.59689 353.898
40.8927 -4.5606 354.254
40.8696 -4.51913 354.13
40.8514 -4.46425 353.966
40.8194 -4.44316 353.605
40.8493 -4.43998 353.842
40.82 -4.42014 353.548
40.8419 -4.41806 353.719
40.8652 -4.41875 354.019
40.8243 -4.42173 353.626
40.7797 -4.42643 353.213
40.7804 -4.42266 353.227
40.7813 -4.42323 353.237
40.7832 -4.41829 353.261
40.8386 -4.42394 353.74
40.812 -4.42489 353.533
40.8086 -4.41654 353.53
40.8278 -4.41357 353.697
40.897 -4.42621 354.441
40.8405 -4.41936 353.748
40.8296 -4.41793 353.663
40.8286 -4.41398 353.639
40.8855 -4.42485 354.228
40.815 -4.41807 353.597
40.8201 -4.42327 353.615
40.8341 -4.42033 353.783
40.8976 -4.4243 354.41
40.8774 -4.41946 354.181
40.8169 -4.40773 353.638
40.8336 -4.41919 353.72
40.7932 -4.4183 353.371
40.7911 -4.41356 353.353
40.8501 -4.42249 353.935
40.852 -4.4248 353.954
40.7987 -4.4226 353.439
40.8338 -4.41969 353.802
40.8193 -4.42319 353.732
40.8158 -4.42503 353.636
40.8267 -4.4188 353.622
40.8299 -4.4178 353.76
40.8398 -4.41511 353.872
40.7977 -4.40788 353.461
40.7946 -4.41039 353.385
40.8329 -4.40892 353.739
40.8648 -4.41317 354.019
40.9078 -4.42617 354.436
40.8274 -4.41928 353.714
40.8737 -4.42659 354.097
40.8562 -4.42244 353.927
40.7988 -4.42218 353.353
40.811 -4.41985 353.504
40.8336 -4.42808 353.777
40.8473 -4.42526 353.93
40.8788 -4.42446 354.208
40.8852 -4.41634 354.335
40.8418 -4.41542 353.863
40.83 -4.42068 353.731
40.8189 -4.41498 353.597
40.8089 -4.41349 353.457
40.8032 -4.41295 353.502
40.725 -4.4043 352.739
40.7357 -4.40692 352.834
40.7641 -4.40837 353.002
40.7727 -4.40562 353.136
40.8055 -4.40895 353.517
40.8264 -4.4159 353.705
40.868 -4.43941 354.146
40.8247 -4.41854 353.712
40.8039 -4.41155 353.492
40.8415 -4.41158 353.835
40.8494 -4.41233 353.873
40.8434 -4.41059 353.904
40.8899 -4.41761 354.395
40.8486 -4.4326 353.967
40.8335 -4.42467 353.84
40.8206 -4.41436 353.695
40.8047 -4.40918 353.541
40.8418 -4.41509 353.791
40.8632 -4.42995 354.048
40.8516 -4.4139 353.913
40.8355 -4.41755 353.804
40.809 -4.42145 353.564
40.7931 -4.41483 353.403
40.7995 -4.40486 353.458
40.8006 -4.40049 353.479
40.8499 -4.423 353.93
40.8249 -4.43036 353.638
40.8372 -4.42051 353.748
40.7741 -4.40411 353.114
40.8073 -4.41016 353.456
40.7988 -4.41057 353.361
40.7841 -4.40199 353.178
40.8163 -4.41697 353.557
40.779 -4.41576 353.166
40.8062 -4.40031 353.5
40.7938 -4.40748 353.352
40.8214 -4.41542 353.579
40.8551 -4.40944 354.052
40.8008 -4.39505 353.428
40.807 -4.40187 353.433
40.8046 -4.41792 353.376
40.823 -4.41704 353.652
40.8533 -4.40821 353.913
40.8139 -4.40145 353.506
40.8688 -4.40203 354.018
40.8496 -4.40658 353.856
40.8364 -4.39902 353.743
40.8031 -4.4017 353.487
40.789 -4.40497 353.465
40.8178 -4.419 353.582
40.8804 -4.42102 354.164
40.8669 -4.40881 354.043
40.8438 -4.39951 353.86
40.8238 -4.40226 353.628
40.8472 -4.41357 353.83
40.8457 -4.41104 353.907
40.9154 -4.41981 354.521
40.8501 -4.41599 353.831
40.866 -4.41117 354
40.8506 -4.40091 353.81
40.8364 -4.40841 353.627
40.847 -4.40619 353.78
40.8104 -4.39971 353.509
40.8247 -4.4074 353.601
40.796 -4.40564 353.36
40.8542 -4.4071 353.932
40.8629 -4.42136 353.925
40.8725 -4.41195 354.025
40.8582 -4.41532 353.854
40.8057 -4.41149 353.407
40.8233 -4.41526 353.684
40.8099 -4.40404 353.459
40.7888 -4.40522 353.233
40.808 -4.40062 353.446
40.8118 -4.41468 353.521
40.8116 -4.40486 353.46
40.862 -4.41004 353.968
40.8666 -4.41883 354.036
40.874 -4.41296 354.113
40.8544 -4.41635 353.883
40.8488 -4.42252 353.832
40.8465 -4.41783 353.809
40.8156 -4.40797 353.593
40.84 -4.40717 353.782
40.8443 -4.41102 353.794
40.8671 -4.41747 354.066
40.888 -4.41976 354.235
40.8713 -4.40322 354.077
40.8479 -4.41195 353.828
40.8501 -4.41064 353.816
40.8502 -4.40312 353.847
40.8512 -4.41567 353.886
40.8454 -4.41362 353.856
40.8531 -4.40026 353.928
40.8316 -4.40887 353.753
40.8446 -4.40467 353.817
40.8175 -4.3987 353.613
40.8215 -4.40305 353.574
40.9105 -4.41909 354.437
40.8447 -4.40504 353.847
40.8121 -4.40688 353.55
40.8483 -4.41381 353.859
40.84 -4.41904 353.802
40.8954 -4.41133 354.401
40.8514 -4.42125 353.915
40.8472 -4.42201 353.903
40.8439 -4.43315 353.88
40.84 -4.42217 353.815
40.8788 -4.43319 354.194
40.8722 -4.43002 354.112
40.8189 -4.41781 353.716
40.8454 -4.43583 353.95
40.7943 -4.42105 353.424
40.8297 -4.41706 353.737
40.8839 -4.41275 354.306
40.8797 -4.43042 354.189
40.855 -4.4379 353.965
40.8652 -4.42851 354.097
40.8429 -4.42576 353.951
40.8335 -4.42955 353.8
40.7829 -4.42689 353.251
40.7932 -4.42707 353.379
40.8597 -4.43592 354.055
40.8266 -4.42635 353.75
40.8236 -4.42411 353.755
40.843 -4.4357 353.866
40.8339 -4.43691 353.717
40.8253 -4.4279 353.676
40.8367 -4.42477 353.77
40.8805 -4.43022 354.217
40.9314 -4.43036 354.719
40.8338 -4.42908 353.713
40.8348 -4.42181 353.8
40.8404 -4.41441 353.85
40.7875 -4.424 353.225
40.8005 -4.43364 353.354
40.7569 -4.41578 353.025
40.83 -4.42355 353.69
40.9239 -4.4318 354.564
40.8522 -4.40018 353.849
40.8057 -4.40501 353.363
40.8523 -4.41536 353.945
40.8671 -4.42491 354.1
40.8184 -4.41949 353.584
40.8051 -4.42209 353.441
40.8242 -4.43069 353.648
40.8231 -4.41582 353.623
40.8002 -4.41177 353.414
40.7357 -4.41217 352.797
40.8162 -4.42734 353.529
40.8063 -4.42747 353.449
40.8303 -4.42027 353.669
40.8407 -4.4215 353.849
40.8592 -4.41864 353.943
40.8355 -4.43053 353.692
40.8494 -4.42686 353.843
40.8469 -4.41306 353.787
40.7984 -4.40852 353.413
40.7937 -4.41011 353.347
40.8293 -4.41706 353.714
40.7973 -4.42223 353.45
40.8908 -4.41983 354.344
40.8775 -4.41499 354.2
40.8341 -4.41222 353.741
40.8347 -4.41891 353.746
40.8759 -4.41963 354.125
40.8576 -4.42191 353.943
40.8685 -4.41862 354.046
40.8323 -4.42271 353.668
40.8625 -4.42937 353.958
40.8178 -4.43016 353.521
40.8109 -4.41035 353.472
40.839 -4.41476 353.744
40.8251 -4.41806 353.562
40.8387 -4.42992 353.735
40.8956 -4.41629 354.357
40.8267 -4.41223 353.718
40.8376 -4.40451 353.736
40.8684 -4.40343 354.115
40.833 -4.41729 353.711
40.8579 -4.41172 353.999
40.8124 -4.39912 353.47
40.8283 -4.42229 353.657
40.858 -4.41138 353.92
40.8574 -4.40871 354.018
40.8558 -4.39157 353.926
40.8119 -4.4149 353.43
40.8358 -4.42383 353.763
40.8336 -4.41187 353.83
40.9017 -4.4267 354.318
40.8576 -4.43531 353.818
40.8201 -4.42417 353.481
40.8164 -4.41204 353.657
40.8577 -4.40245 353.986
40.8704 -4.40881 354.138
40.8617 -4.41338 353.997
40.8939 -4.42453 354.245
40.8353 -4.40615 353.81
40.7942 -4.40873 353.347
40.8169 -4.40549 353.498
40.8147 -4.41123 353.531
40.8422 -4.41523 353.822
40.8715 -4.41756 354.127
40.8674 -4.42211 354.058
40.8536 -4.41015 353.981
40.8414 -4.41164 353.834
40.8176 -4.40953 353.564
40.8354 -4.42276 353.729
40.7915 -4.41165 353.367
40.8255 -4.42431 353.638
40.8254 -4.43569 353.657
40.8074 -4.41502 353.396
40.8306 -4.41963 353.69
40.8312 -4.42242 353.675
40.8492 -4.42295 353.839
40.8264 -4.42778 353.636
40.8287 -4.42827 353.741
40.835 -4.4184 353.762
40.8323 -4.40695 353.66
40.822 -4.41008 353.568
40.8505 -4.4194 353.77
40.8125 -4.41625 353.493
40.8473 -4.40829 353.87
40.8451 -4.41821 353.822
40.8498 -4.42265 353.904
40.8015 -4.41795 353.435
40.8092 -4.40995 353.52
40.8629 -4.41446 354.035
40.8621 -4.41702 354.114
40.8498 -4.41367 353.971
40.8692 -4.41138 354.119
40.8357 -4.4105 353.8
40.8645 -4.41866 354.089
40.837 -4.41808 353.807
40.8467 -4.42908 353.869
40.8336 -4.42136 353.785
40.8137 -4.41618 353.589
40.8093 -4.40778 353.483
40.8031 -4.38174 353.468
40.8169 -4.29786 353.695
40.7824 -4.19522 353.287
40.8308 -4.17599 353.727
40.87 -4.16687 354.096
40.8168 -4.0769 353.617
40.8257 -3.94706 353.688
40.8078 -3.84037 353.513
40.8392 -3.78103 353.842
40.8085 -3.6967 353.424
40.8405 -3.56883 353.86
40.8347 -3.3876 353.732
40.8535 -3.28249 353.898
40.8728 -3.18364 354.11
40.8397 -3.07718 353.762
40.8046 -3.00953 353.462
40.8343 -2.87435 353.76
40.9039 -2.71598 354.528
40.8012 -2.61964 353.449
40.8205 -2.54623 353.59
40.8676 -2.39317 354.058
40.9139 -2.31295 354.491
40.8769 -2.20679 354.116
40.8772 -2.05865 354.11
40.8498 -2.01946 353.942
40.9067 -1.95064 354.428
40.9347 -1.82601 354.654
40.8455 -1.76616 353.814
40.8309 -1.7342 353.61
40.9239 -1.61069 354.716
40.8242 -1.53517 353.657
40.9085 -1.41063 354.427
40.9274 -1.36249 354.643
40.9225 -1.33367 354.555
40.8911 -1.27221 354.189
40.8966 -1.23071 354.334
40.8803 -1.19239 354.119
40.8609 -1.12881 354.015
40.8662 -0.984184 354.034
40.9246 -0.823795 354.567
40.9062 -0.766678 354.456
40.9777 -0.6577 355.187
40.9802 -0.603317 355.115
40.9948 -0.526852 355.235
40.9249 -0.3899 354.562
40.98 -0.342907 355.009
40.909 -0.203053 354.429
40.9043 -0.0657158 354.379
40.9244 -0.0282135 354.564
40.917 0.0761261 354.587
40.9705 0.109287 355.066
40.9524 0.149021 354.845
40.8856 0.208057 354.211
40.9037 0.242626 354.269
40.9301 0.272758 354.563
40.9166 0.314503 354.497
40.8983 0.36002 354.307
40.9091 0.447983 354.343
40.8695 0.519463 354
40.889 0.599281 354.246
40.951 0.749691 354.888
40.927 0.892704 354.683
40.8785 0.974602 354.079
40.9256 1.05066 354.594
40.9489 1.23348 354.854
40.9116 1.30441 354.419
40.8842 1.44244 354.102
40.9371 1.51592 354.808
40.941 1.54432 354.679
40.9132 1.58374 354.407
40.917 1.60946 354.436
40.9177 1.6473 354.4
40.9111 1.69195 354.414
40.9241 1.75509 354.456
40.9497 1.84756 354.868
40.9667 1.86879 354.983
40.9859 1.89784 355.067
41.0083 1.95082 355.312
40.9652 2.02156 354.92
40.9976 2.10289 355.269
40.9974 2.24906 355.298
41.0021 2.29958 355.345
40.9999 2.37403 355.303
40.9496 2.38598 354.822
40.9802 2.39411 355.13
40.9717 2.4322 355.041
40.9598 2.43156 354.916
40.9928 2.46762 355.164
40.9666 2.50463 354.951
40.9372 2.51503 354.69
40.9214 2.53353 354.531
40.9227 2.54752 354.564
40.9719 2.5902 355.056
41.005 2.69549 355.283
40.9424 2.74663 354.7
40.9581 2.83585 354.863
40.9708 2.85425 354.856
40.9955 2.90653 355.111
40.9695 2.93241 354.961
40.9335 2.97664 354.558
40.9005 3.07558 354.15
40.9758 3.12539 355.035
41.0394 3.1706 355.61
41.0028 3.26025 355.319
40.9619 3.27272 354.844
40.9698 3.36642 354.936
40.9115 3.39587 354.324
40.9748 3.41386 354.968
41.0129 3.43599 355.361
40.9824 3.44358 355.039
40.9517 3.46064 354.682
40.967 3.48684 354.869
40.9846 3.53157 355.052
40.9931 3.56324 355.153
40.9901 3.58107 355.159
40.9759 3.62091 354.984
41.0189 3.65272 355.443
41.0311 3.70248 355.498
41.0695 3.7623 355.839
41.0249 3.81324 355.356
41.0228 3.84355 355.381
41.045 3.891 355.565
40.931 3.94083 354.524
40.9485 3.98347 354.702
40.9716 4.03154 354.948
40.9392 4.05579 354.603
40.9284 4.0713 354.493
40.924 4.09347 354.462
40.9345 4.13528 354.523
40.9138 4.20567 354.347
40.9391 4.26833 354.571
41.019 4.30058 355.352
40.9826 4.32074 355.021
40.9637 4.33742 354.771
41.0112 4.37333 355.188
41.0259 4.43405 355.469
40.9848 4.49318 354.952
41.0423 4.56184 355.59
41.0035 4.65226 355.146
40.982 4.6607 355
41.0165 4.67587 355.358
40.958 4.68314 354.687
40.9491 4.69737 354.664
40.9531 4.70432 354.66
40.9516 4.72123 354.564
40.9918 4.74654 355.044
41.0037 4.74956 355.133
41.0092 4.75498 355.12
41.0043 4.75949 355.096
40.9687 4.76657 354.828
40.9681 4.77446 354.829
40.9615 4.77605 354.836
40.9441 4.7738 354.631
40.9634 4.76565 354.736
40.9093 4.76016 354.271
40.9678 4.7676 354.815
40.9911 4.76637 355.041
40.9761 4.76993 354.891
40.9857 4.7718 354.901
41.0861 4.82196 355.954
41.0604 4.83854 355.715
40.9842 4.82728 354.966
40.9803 4.83734 354.959
40.9875 4.87157 355.024
40.9505 4.90734 354.661
41.0062 4.92894 355.166
41.0767 4.95943 355.831
41.0492 4.9526 355.63
40.975 4.94168 354.99
40.9875 4.95896 355.081
40.9921 4.98322 355.033
40.9982 4.97469 355.149
41.0256 4.99148 355.436
41.004 4.98706 355.178
41.0068 4.98023 355.203
41.042 5.00125 355.372
40.9446 5.02053 354.495
40.9513 5.04521 354.609
40.9609 5.05661 354.7
41.0006 5.07001 355.132
41.0453 5.08072 355.506
41.0099 5.08291 355.18
41.0162 5.08308 355.237
41.0102 5.08411 355.186
41.011 5.08759 355.21
41.0375 5.08963 355.366
40.9287 5.09391 354.486
40.9602 5.07897 354.777
40.9421 5.07516 354.498
40.9817 5.07745 354.966
40.9292 5.07696 354.477
40.9846 5.07639 354.919
41.0291 5.08842 355.401
41.0219 5.10279 355.305
40.9918 5.10338 355.022
40.9635 5.10135 354.749
40.9857 5.09694 355.05
40.9716 5.09093 354.838
41.0046 5.09005 355.156
41.0206 5.10493 355.344
41.0099 5.10938 355.314
40.9932 5.0983 355.121
41.0078 5.09773 355.259
40.9818 5.08963 355.006
41.0009 5.08186 355.155
41.0013 5.08672 355.152
40.9486 5.09114 354.696
40.9748 5.0955 354.888
40.9708 5.0963 354.844
40.9758 5.09805 354.861
41.0227 5.10007 355.315
41.0476 5.10621 355.639
41.0185 5.11151 355.349
41.0126 5.0979 355.224
41.0211 5.10144 355.33
41.0141 5.09205 355.23
41.0065 5.0872 355.147
40.9829 5.09106 354.977
41.0406 5.10899 355.562
41.0815 5.11157 355.966
41.0427 5.11456 355.641
41.0157 5.11045 355.332
41.0286 5.0883 355.411
41.0181 5.08701 355.207
41.007 5.08897 355.151
41.0071 5.09085 355.241
41.0017 5.09313 355.234
41.0309 5.09567 355.51
41.0172 5.09908 355.322
40.9918 5.09093 355.022
40.9809 5.08119 354.932
40.9497 5.07746 354.661
40.9886 5.08267 355.041
40.9942 5.09398 355.143
40.9579 5.08684 354.827
40.9258 5.08077 354.481
40.8407 5.07226 353.591
40.9096 5.07395 354.24
40.9874 5.08068 355.002
40.9694 5.08038 354.883
40.9202 5.08512 354.378
40.9485 5.09013 354.648
40.9722 5.09852 354.951
40.9771 5.09878 354.972
40.99 5.11119 355.154
40.9982 5.08713 355.22
40.9633 5.06416 354.848
40.9973 5.09068 355.182
40.9989 5.12114 355.273
40.9622 5.09715 354.841
40.97 5.0935 354.886
41.0165 5.11244 355.411
40.9663 5.09683 354.922
40.9748 5.09733 354.965
41.0429 5.10105 355.674
41.0053 5.09165 355.256
40.9896 5.06989 355.046
41.0089 5.09483 355.292
41.024 5.10284 355.499
40.9924 5.08664 355.121
40.9977 5.08725 355.129
40.9717 5.08938 354.919
40.9402 5.09409 354.661
40.9996 5.07505 355.228
41.0421 5.08173 355.581
41.0129 5.08103 355.246
40.9395 5.07442 354.564
40.9608 5.09176 354.894
40.9417 5.09363 354.707
40.9604 5.08968 354.765
40.9698 5.08674 354.752
40.9552 5.07632 354.649
40.9829 5.08818 355.02
40.9515 5.0921 354.717
40.9375 5.08021 354.617
40.9396 5.08448 354.53
40.9722 5.08894 354.796
40.9848 5.09325 355.022
40.8994 5.08192 354.243
40.9412 5.08371 354.568
40.9386 5.08564 354.548
41.0334 5.10114 355.438
40.9693 5.08221 354.805
40.9841 5.08613 354.938
41.0277 5.08757 355.334
41.0388 5.11327 355.419
41.0661 5.11114 355.69
41.0101 5.10097 355.166
40.9871 5.09912 354.965
41.0292 5.10335 355.425
40.9868 5.08673 354.86
40.9718 5.08007 354.755
40.9273 5.078 354.414
40.9427 5.08718 354.564
40.9213 5.08065 354.314
40.9309 5.08052 354.405
40.9648 5.07675 354.717
40.9761 5.09206 354.844
40.9595 5.09147 354.754
40.9658 5.09842 354.827
40.9454 5.10173 354.576
41.0139 5.1027 355.149
40.9856 5.08797 354.919
41.0082 5.1021 355.086
41.0208 5.09789 355.3
40.9514 5.08528 354.594
40.9421 5.09051 354.513
41.0022 5.09863 355.155
41.0711 5.09918 355.795
41.0227 5.10363 355.193
41.0151 5.0925 355.165
41.0199 5.09111 355.245
41.0466 5.10277 355.523
41.0163 5.09259 355.295
40.9918 5.09325 355.072
41.0609 5.09266 355.711
41.035 5.10351 355.407
41.035 5.10862 355.448
41.0138 5.10131 355.228
41.0383 5.13425 355.513
41.014 5.09154 355.239
40.963 5.09107 354.741
40.9846 5.10265 354.914
40.9761 5.10041 354.912
40.984 5.09663 354.994
40.9633 5.09313 354.752
40.9605 5.09879 354.751
40.9609 5.09049 354.675
40.878 5.08541 353.971
40.9173 5.0871 354.359
40.972 5.08072 354.777
41.0088 5.11339 355.181
41.0798 5.11934 355.865
41.0673 5.11203 355.754
41.0643 5.12191 355.71
41.0337 5.11471 355.395
41.0639 5.12105 355.683
41.0268 5.10783 355.32
40.9911 5.09581 354.997
40.9954 5.08879 355.053
41.005 5.08917 355.117
40.997 5.08246 355.038
40.9925 5.0755 355.06
40.9548 5.09416 354.708
40.9791 5.11919 354.922
41.0111 5.10371 355.253
41.0377 5.09226 355.475
40.9984 5.07952 355.108
41.0124 5.07388 355.241
40.973 5.08701 354.839
40.9682 5.0802 354.795
40.9576 5.07355 354.726
40.9662 5.0856 354.831
40.9894 5.08855 355
40.9493 5.07265 354.613
41.0038 5.08144 355.132
41.007 5.09838 355.243
41.0116 5.09557 355.295
40.9928 5.0872 355.012
41.0364 5.09311 355.477
41.0324 5.10036 355.369
41.0378 5.09386 355.38
41.0361 5.08532 355.434
40.9977 5.06687 355.048
40.983 5.0907 354.858
40.9872 5.08067 354.92
40.9589 5.07563 354.7
40.9777 5.08909 354.919
40.9743 5.09418 354.975
40.9758 5.08999 354.971
40.987 5.09145 355.04
41.0022 5.09151 355.208
40.992 5.09209 355.107
40.9736 5.0939 354.859
41.0082 5.09977 355.159
40.9676 5.09502 354.807
40.9798 5.10341 354.921
40.9989 5.08813 355.07
40.995 5.07431 355.045
41.0408 5.08231 355.518
41.0277 5.09177 355.367
40.9894 5.08724 355.013
41.0067 5.08638 355.222
41.0405 5.09501 355.46
41.0936 5.09675 355.909
41.0456 5.08722 355.474
40.9968 5.08506 355.056
41.0052 5.09118 355.148
40.9759 5.08748 354.912
41.0002 5.08516 355.149
41.0234 5.10123 355.389
41.0009 5.09611 355.169
40.9919 5.08888 355.135
41.017 5.09788 355.357
41.0074 5.09793 355.259
41.0168 5.09909 355.377
40.972 5.09265 354.853
40.9884 5.09372 355.06
41.0608 5.0964 355.814
40.9743 5.0892 354.903
40.9607 5.07384 354.804
40.9663 5.07967 354.809
41.0273 5.08983 355.447
41.078 5.10085 355.993
41.0386 5.08593 355.593
41.003 5.08186 355.221
40.9854 5.0821 355.069
40.9808 5.08083 355.046
40.9875 5.08989 355.072
40.9425 5.08784 354.585
40.927 5.08603 354.408
40.9721 5.09681 354.884
40.9626 5.08581 354.866
40.9706 5.09297 354.922
40.9999 5.10107 355.201
40.9519 5.08489 354.677
40.9365 5.07679 354.523
40.9593 5.07652 354.752
41.0175 5.08361 355.347
40.9723 5.08183 354.947
41.0028 5.08655 355.274
41.0305 5.09589 355.509
41.0174 5.09731 355.354
40.9898 5.09078 355.023
40.9441 5.08525 354.604
40.9658 5.08488 354.857
41.0112 5.10232 355.289
41.0392 5.10049 355.559
41.0252 5.09067 355.453
40.9849 5.08886 355.074
40.9674 5.09265 354.884
41.0166 5.10523 355.351
40.9814 5.10056 354.996
41.0102 5.10115 355.268
40.9779 5.08768 354.96
41.0025 5.09518 355.167
41.0018 5.10479 355.228
40.9853 5.09764 355.065
40.988 5.09152 355.062
40.9847 5.07921 354.948
41.013 5.08894 355.269
41.0144 5.09738 355.274
41.02 5.11267 355.304
41.0017 5.09821 355.189
40.9947 5.07737 355.077
40.9764 5.08511 354.93
40.9426 5.08025 354.559
41.0223 5.09799 355.322
41.0493 5.10854 355.655
40.9693 5.09456 354.856
40.9642 5.09061 354.78
40.9647 5.09432 354.827
40.9943 5.09372 355.177
41.0148 5.08593 355.346
40.9893 5.08058 355.089
41.0171 5.08678 355.308
41.0653 5.10212 355.749
41.0217 5.09921 355.309
41.0103 5.09975 355.216
40.9924 5.09625 355.01
40.9922 5.08302 354.981
40.9923 5.08002 354.999
40.9697 5.08205 354.85
41.0118 5.08353 355.229
41.0332 5.08972 355.445
41.0034 5.08002 355.156
40.9723 5.07924 354.804
41.0245 5.08164 355.339
41.0412 5.08846 355.592
40.9819 5.07915 355.017
40.9836 5.0698 354.988
40.9986 5.09067 355.166
41.0326 5.10205 355.459
41.0048 5.08366 355.146
40.9902 5.09231 355.001
40.942 5.08862 354.593
40.9799 5.08796 354.992
40.976 5.08506 354.893
40.98 5.08191 354.899
41.0249 5.0909 355.348
40.9609 5.09133 354.791
40.9726 5.09419 354.896
41.0209 5.09297 355.288
40.9868 5.08933 355.018
40.9743 5.09349 354.991
41.0315 5.11391 355.487
41.0599 5.11015 355.749
41.022 5.10384 355.365
41.01 5.07524 355.194
41.0096 5.09225 355.233
40.9996 5.08876 355.063
41.0379 5.10154 355.487
41.0574 5.09326 355.762
41.0667 5.09467 355.779
40.979 5.08727 355.019
41.0002 5.08532 355.19
40.9571 5.07332 354.731
40.9775 5.07471 354.914
40.9878 5.08987 355.025
40.9894 5.09313 355.086
41.0438 5.09435 355.687
41.0196 5.09686 355.364
40.9786 5.08574 354.93
41.0548 5.09767 355.702
41.0421 5.09454 355.513
40.987 5.0935 355.017
40.9428 5.08167 354.656
40.9888 5.08741 355.027
40.9867 5.09293 355.023
40.9644 5.08432 354.861
40.9703 5.08704 354.919
40.9661 5.10264 354.893
40.9053 5.08108 354.253
40.9528 5.08472 354.726
40.9875 5.08713 355.098
40.999 5.10378 355.2
40.9874 5.09645 354.99
40.9937 5.09809 355.098
40.9544 5.07298 354.681
40.9914 5.09014 355
41.0151 5.08423 355.157
41.0159 5.09559 355.211
41.0795 5.10838 355.854
41.0234 5.09568 355.397
41.0027 5.09575 355.218
41.0137 5.09439 355.256
40.9945 5.0948 355.026
40.9983 5.09906 355.09
41.0135 5.1018 355.15
41.023 5.09765 355.322
41.0054 5.09554 355.194
41.0428 5.09752 355.531
41.0311 5.08844 355.392
41.0141 5.09942 355.218
40.9852 5.07167 354.968
40.957 5.07864 354.715
41.0021 5.08885 355.205
41.0022 5.08796 355.126
40.9393 5.08386 354.537
40.9582 5.08221 354.735
40.9336 5.07447 354.526
41.0439 5.09861 355.531
41.0146 5.10168 355.356
40.9749 5.09529 354.867
40.9651 5.08221 354.79
40.9663 5.26433 354.83
40.997 5.36549 355.124
41.0769 5.53283 355.809
41.0957 5.79919 356.013
40.9888 5.90582 354.89
41.049 6.1905 355.582
41 6.51996 354.971
40.984 6.66528 354.875
40.9918 6.79707 354.917
41.0212 7.01556 355.235
41.0462 7.12022 355.373
41.0459 7.29582 355.479
41.0915 7.35662 355.954
41.0333 7.51751 355.404
41.0395 7.57923 355.448
41.0584 7.627 355.685
40.9709 7.62039 354.834
41.0138 7.64765 355.184
41.022 7.6595 355.247
41.0028 7.67305 355.005
41.0431 7.69964 355.408
41.0274 7.71182 355.322
40.9339 7.72481 354.32
40.9614 7.79872 354.682
41.0637 7.87925 355.664
41.0607 7.9309 355.696
41.0317 7.93039 355.379
41.1026 8.06657 356.07
41.1073 8.12587 356.09
41.0496 8.28499 355.445
41.0137 8.37954 355.205
41.1339 8.56988 356.412
41.0997 8.60773 355.943
41.024 8.69907 355.252
41.0766 8.78596 355.72
41.0842 8.84726 355.832
41.0791 8.91134 355.867
41.1357 8.98106 356.385
41.0696 8.99369 355.716
41.0422 9.02323 355.55
41.1452 9.06922 356.457
41.1467 9.17478 356.475
41.1277 9.19822 356.379
41.1546 9.35226 356.572
41.1156 9.40575 356.193
41.1019 9.51764 356.006
41.1269 9.55923 356.274
41.078 9.58827 355.757
41.0986 9.73938 355.952
41.088 9.83197 355.907
41.0686 9.86914 355.607
41.0749 9.97384 355.717
41.1166 10.0723 356.175
41.0594 10.1325 355.539
41.0438 10.1964 355.44
41.1198 10.3747 356.203
41.0957 10.41 355.846
41.0792 10.5576 355.752
41.0787 10.6199 355.752
41.0927 10.6797 355.838
41.1291 10.8306 356.265
41.1409 10.9061 356.189
41.1271 11.1149 356.204
41.1441 11.194 356.327
41.1142 11.2913 355.978
41.1092 11.4241 355.914
41.1091 11.5237 355.944
41.0495 11.5522 355.398
41.0368 11.6246 355.272
41.0616 11.7632 355.599
41.1275 11.8374 356.174
41.0909 11.8718 355.802
41.0919 11.9397 355.785
41.1175 11.9979 356.037
41.1313 12.0498 356.137
41.1099 12.1158 355.956
41.0832 12.2634 355.67
41.1134 12.3643 355.99
41.1104 12.4267 356.023
41.0841 12.4689 355.741
41.1606 12.591 356.432
41.1457 12.6305 356.231
41.0923 12.6157 355.669
41.0547 12.6585 355.37
41.1074 12.693 355.912
41.1632 12.7408 356.475
41.1437 12.7192 356.222
41.1234 12.7505 355.992
41.1146 12.7804 355.855
41.1531 12.8201 356.245
41.1201 12.8574 355.962
41.1417 12.9003 356.197
41.1037 12.9667 355.83
41.095 13.0158 355.761
41.1688 13.0602 356.462
41.222 13.1272 356.997
41.1828 13.1598 356.634
41.1371 13.2449 356.18
41.1489 13.3063 356.156
41.168 13.3568 356.332
41.1086 13.4008 355.809
41.1406 13.4609 356.153
41.1624 13.531 356.385
41.1899 13.5791 356.635
41.1545 13.6241 356.303
41.1879 13.6461 356.606
41.2404 13.6795 357.058
41.1596 13.6846 356.393
41.1589 13.7289 356.338
41.1461 13.7529 356.236
41.1967 13.8359 356.603
41.2368 13.8858 357.108
41.1764 13.8721 356.458
41.2007 13.9007 356.755
41.1642 13.919 356.383
41.1495 13.9462 356.252
41.2563 14.0198 357.278
41.2021 14.0196 356.798
41.2089 14.0234 356.788
41.2218 14.0478 356.886
41.2184 14.0438 356.909
41.1887 14.0216 356.587
41.202 14.0379 356.682
41.2449 14.0651 357.046
41.2088 14.0687 356.736
41.187 14.0658 356.6
41.1246 14.0411 355.967
41.1134 14.0194 355.844
41.1432 14.0526 356.161
41.158 14.0797 356.271
41.1354 14.1065 356.051
41.1311 14.142 355.97
41.1561 14.1664 356.196
41.1691 14.1854 356.393
41.1495 14.1984 356.179
41.1504 14.2116 356.16
41.1527 14.2492 356.19
41.1949 14.3021 356.622
41.1563 14.3113 356.279
41.1556 14.3168 356.152
41.1925 14.3492 356.571
41.2014 14.3735 356.79
41.1823 14.3763 356.49
41.1886 14.3873 356.583
41.1585 14.3965 356.289
41.1554 14.4078 356.29
41.1115 14.4035 355.811
41.1318 14.4341 355.953
41.1724 14.4686 356.343
41.1769 14.4895 356.437
41.1768 14.5518 356.465
41.177 14.5686 356.413
41.1745 14.5852 356.379
41.1223 14.5797 355.894
41.1619 14.604 356.263
41.2153 14.6339 356.828
41.1925 14.6127 356.534
41.1911 14.6017 356.491
41.2289 14.6143 356.877
41.2138 14.6079 356.737
41.2151 14.6201 356.753
41.1712 14.6027 356.358
41.175 14.5965 356.353
41.1409 14.5852 356.077
41.1372 14.5831 356.016
41.1974 14.5984 356.504
41.2051 14.6006 356.653
41.1723 14.5918 356.356
41.1752 14.6032 356.329
41.0939 14.5521 355.416
41.1339 14.5735 355.893
41.1014 14.5628 355.634
41.1908 14.6107 356.585
41.176 14.6015 356.414
41.1799 14.6092 356.411
41.1825 14.6134 356.372
41.2168 14.6491 356.622
41.1704 14.6402 356.316
41.1548 14.6191 356.134
41.1349 14.6335 356.035
41.1578 14.6474 356.225
41.1916 14.6715 356.594
41.1858 14.6635 356.492
41.2047 14.6633 356.678
41.2131 14.6639 356.728
41.2109 14.6746 356.789
41.2484 14.6874 357.093
41.2307 14.7217 357.015
41.1513 14.7727 356.189
41.1532 14.8876 356.18
41.1622 14.9016 356.213
41.1334 14.9046 356.039
41.1273 14.8997 355.921
41.1794 14.9235 356.384
41.2019 15.003 356.568
41.1886 15.0331 356.437
41.1894 15.0434 356.453
41.2066 15.0594 356.701
41.1802 15.0507 356.412
41.1966 15.0747 356.668
41.1981 15.0632 356.636
41.1649 15.0525 356.177
41.1888 15.0521 356.48
41.2102 15.0718 356.793
41.1416 15.0367 356.092
41.1658 15.0417 356.285
41.1558 15.0403 356.184
41.1976 15.0565 356.599
41.212 15.0676 356.744
41.2301 15.0835 356.93
41.202 15.0589 356.595
41.1942 15.0471 356.64
41.1857 15.0664 356.514
41.1914 15.0746 356.6
41.1648 15.0564 356.276
41.1833 15.0512 356.43
41.1438 15.0361 356.094
41.1451 15.0318 356.138
41.1793 15.0534 356.438
41.1836 15.0573 356.447
41.1975 15.0542 356.6
41.1942 15.0672 356.571
41.2087 15.0684 356.744
41.1162 15.0291 355.867
41.181 15.0539 356.417
41.2241 15.0641 356.811
41.2005 15.0612 356.66
41.2438 15.0778 357.115
41.2099 15.0588 356.695
41.2162 15.071 356.859
41.2264 15.0656 356.904
41.2705 15.0746 357.227
41.1964 15.0521 356.612
41.1413 15.043 356.128
41.1888 15.0524 356.546
41.1777 15.047 356.409
41.2208 15.0981 356.967
41.1745 15.0648 356.515
41.2272 15.0791 356.926
41.188 15.053 356.545
41.1455 15.0413 356.15
41.103 15.0102 355.729
41.1286 15.0232 355.936
41.0988 15.0047 355.684
41.1479 15.038 356.155
41.1847 15.066 356.492
41.1405 15.0299 356.059
41.1277 15.0282 356.014
41.1461 15.0505 356.166
41.1748 15.06 356.438
41.165 15.0546 356.34
41.1829 15.0533 356.538
41.1599 15.0433 356.291
41.1971 15.0652 356.71
41.1448 15.0363 356.091
41.1819 15.0531 356.56
41.2325 15.0851 357.034
41.2416 15.0888 357.041
41.2372 15.0926 357.048
41.1929 15.0713 356.627
41.1988 15.0735 356.73
41.1864 15.0802 356.636
41.1732 15.0554 356.411
41.1932 15.0526 356.573
41.189 15.0463 356.565
41.1537 15.0569 356.26
41.194 15.0626 356.609
41.2565 15.076 357.187
41.2146 15.066 356.858
41.2281 15.0817 356.961
41.1812 15.0502 356.424
41.1783 15.0512 356.413
41.1619 15.0529 356.336
41.1815 15.0492 356.489
41.2171 15.0693 356.853
41.2002 15.0538 356.604
41.1307 15.0289 356.041
41.0898 15.0081 355.732
41.1469 15.0401 356.226
41.1591 15.028 356.275
41.1075 15.0107 355.765
41.133 15.0291 356.066
41.1214 15.0188 355.94
41.1845 15.043 356.534
41.179 15.041 356.426
41.1676 15.0491 356.362
41.211 15.066 356.799
41.2457 15.0787 357.118
41.2585 15.088 357.261
41.2328 15.0832 357.064
41.2072 15.0612 356.734
41.1902 15.0498 356.513
41.1928 15.0531 356.585
41.2235 15.064 356.875
41.1542 15.037 356.207
41.1775 15.0446 356.365
41.1376 15.0343 356.102
41.2027 15.0616 356.675
41.195 15.0554 356.597
41.1993 15.0644 356.715
41.1758 15.0536 356.435
41.1833 15.0552 356.561
41.1142 15.0351 355.908
41.1132 15.0401 355.841
41.143 15.0443 356.134
41.0969 15.0153 355.597
41.1639 15.0419 356.347
41.2128 15.0523 356.774
41.1722 15.041 356.372
41.18 15.0483 356.494
41.164 15.0358 356.317
41.1484 15.0358 356.202
41.1731 15.0426 356.354
41.19 15.0486 356.517
41.188 15.0615 356.543
41.1571 15.0467 356.271
41.1426 15.0334 356.144
41.1505 15.0352 356.239
41.2016 15.0581 356.692
41.1788 15.0531 356.484
41.1758 15.0628 356.404
41.1897 15.069 356.562
41.1459 15.052 356.136
41.151 15.05 356.154
41.1566 15.0499 356.254
41.1726 15.0538 356.417
41.1656 15.0475 356.344
41.1525 15.0456 356.253
41.2127 15.0664 356.754
41.2054 15.0484 356.707
41.1569 15.049 356.274
41.1863 15.081 356.575
41.2124 15.0879 356.899
41.1567 15.0486 356.256
41.2199 15.066 356.827
41.2724 15.0828 357.313
41.234 15.0834 356.97
41.1928 15.0668 356.666
41.1876 15.0687 356.556
41.1416 15.0292 356.066
41.099 15.0106 355.658
41.1879 15.0464 356.544
41.1906 15.0633 356.598
41.1774 15.0652 356.509
41.229 15.0904 356.966
41.2336 15.0719 356.971
41.1849 15.0541 356.486
41.1486 15.0422 356.202
41.2157 15.0753 356.761
41.1422 15.0456 356.102
41.1606 15.0492 356.292
41.1362 15.0422 356.111
41.1712 15.0648 356.459
41.1558 15.0558 356.253
41.1359 15.0314 356.002
41.1761 15.0625 356.481
41.2039 15.0746 356.654
41.2468 15.0982 357.137
41.2041 15.0785 356.743
41.1745 15.0608 356.468
41.1963 15.0653 356.709
41.2014 15.0669 356.655
41.2034 15.0688 356.715
41.2039 15.0656 356.73
41.1998 15.0768 356.767
41.212 15.0759 356.882
41.1788 15.0624 356.487
41.1627 15.0628 356.455
41.1562 15.0569 356.328
41.1166 15.0204 355.88
41.1976 15.0681 356.618
41.1819 15.069 356.541
41.1857 15.0657 356.612
41.1631 15.0518 356.451
41.1401 15.0511 356.081
41.1381 15.0348 356.061
41.1498 15.0463 356.238
41.1285 15.0514 356.071
41.1506 15.0469 356.196
41.1656 15.0498 356.327
41.218 15.0802 356.793
41.2238 15.0718 356.915
41.1665 15.0553 356.355
41.1563 15.0551 356.296
41.1614 15.0593 356.286
41.1131 15.0342 355.79
41.1222 15.0509 355.971
41.1631 15.0403 356.261
41.2155 15.0702 356.824
41.2251 15.0805 356.957
41.1937 15.0641 356.596
41.1646 15.0505 356.351
41.2157 15.0651 356.795
41.2146 15.0732 356.811
41.1801 15.0547 356.452
41.192 15.0448 356.545
41.1681 15.0558 356.373
41.1987 15.0782 356.69
41.1409 15.0355 356.029
41.1282 15.0299 355.879
41.1745 15.064 356.392
41.1797 15.0454 356.494
41.1376 15.0434 356.1
41.106 15.0196 355.781
41.1991 15.0601 356.632
41.1852 15.0603 356.587
41.1391 15.044 356.078
41.1667 15.0433 356.387
41.1501 15.0336 356.178
41.1558 15.0305 356.198
41.1416 15.0322 356.076
41.1079 15.0203 355.746
41.1556 15.0295 356.19
41.1531 15.0349 356.167
41.1686 15.0476 356.35
41.1866 15.055 356.588
41.1704 15.045 356.411
41.1456 15.0183 356.134
41.1796 15.0513 356.477
41.2085 15.0612 356.743
41.2195 15.0676 356.876
41.239 15.0699 357.05
41.229 15.0675 356.945
41.2202 15.0595 356.786
41.239 15.0635 357.029
41.2206 15.0537 356.935
41.229 15.0667 356.92
41.2004 15.0577 356.684
41.2191 15.0645 356.85
41.1826 15.0549 356.492
41.1415 15.0492 356.156
41.2052 15.0759 356.834
41.2397 15.0862 357.094
41.2248 15.0743 356.925
41.2059 15.0703 356.728
41.1717 15.0503 356.339
41.2023 15.068 356.697
41.2087 15.0689 356.767
41.2087 15.0698 356.753
41.177 15.0569 356.482
41.1808 15.0582 356.466
41.1761 15.0547 356.44
41.1709 15.0599 356.383
41.182 15.0468 356.497
41.2351 15.0715 357.041
41.2012 15.0568 356.716
41.2173 15.085 356.863
41.2137 15.0652 356.822
41.1671 15.0471 356.4
41.1154 15.0429 355.979
41.1548 15.0522 356.327
41.1749 15.0435 356.432
41.1922 15.0483 356.631
41.174 15.0524 356.478
41.1897 15.0653 356.593
41.1596 15.0612 356.316
41.1686 15.0643 356.511
41.1718 15.0691 356.472
41.1788 15.074 356.558
41.2004 15.076 356.712
41.1784 15.0605 356.487
41.1883 15.0782 356.634
41.197 15.0714 356.68
41.2156 15.0688 356.841
41.1703 15.0568 356.4
41.119 15.0395 355.964
41.1551 15.0409 356.248
41.1467 15.0463 356.239
41.172 15.0632 356.453
41.2318 15.0865 356.948
41.1359 15.0496 356.057
41.1507 15.0337 356.121
41.1789 15.062 356.422
41.1989 15.0623 356.604
41.1818 15.0391 356.418
41.2088 15.0591 356.809
41.2266 15.0701 356.976
41.1862 15.0575 356.572
41.2087 15.0473 356.734
41.2024 15.0493 356.634
41.1595 15.0394 356.306
41.1661 15.0507 356.433
41.1856 15.0549 356.548
41.1842 15.0555 356.557
41.184 15.0498 356.531
41.1425 15.0388 356.158
41.1875 15.0562 356.582
41.2393 15.0688 357.141
41.2108 15.0727 356.826
41.1711 15.071 356.451
41.1924 15.0799 356.71
41.1767 15.0564 356.546
41.1993 15.0636 356.742
41.206 15.0695 356.835
41.1772 15.0497 356.479
41.1621 15.0317 356.311
41.145 15.0285 356.121
41.1298 15.0194 355.998
41.197 15.0597 356.604
41.1768 15.0458 356.472
41.1465 15.0302 356.162
41.1819 15.0539 356.584
41.1688 15.0531 356.434
41.185 15.0614 356.523
41.2277 15.0848 356.908
41.2055 15.0665 356.739
41.1929 15.0692 356.656
41.2111 15.0765 356.774
41.1685 15.0455 356.289
41.1531 15.0401 356.178
41.1479 15.0417 356.135
41.168 15.0536 356.321
41.1624 15.0314 356.193
41.227 15.0454 356.838
41.2041 15.0607 356.64
41.1324 15.04 356.003
41.166 15.0489 356.284
41.1651 15.048 356.288
41.1363 15.0413 356.021
41.1265 15.0429 356.04
41.2363 15.0807 356.998
41.205 15.0761 356.749
41.1663 15.0444 356.228
41.1981 15.051 356.542
41.2028 15.0567 356.62
41.1639 15.0494 356.325
41.1626 15.0386 356.305
41.1537 15.0397 356.285
41.1747 15.061 356.386
41.1634 15.0591 356.29
41.18 15.0477 356.417
41.2018 15.0652 356.677
41.2331 15.0761 356.99
41.241 15.0782 357.144
41.2017 15.0732 356.717
41.2039 15.0727 356.738
41.2366 15.0709 356.999
41.2157 15.0613 356.778
41.1758 15.0573 356.465
41.2717 15.112 357.428
41.2489 15.0875 357.101
41.1631 15.0275 356.189
41.1753 15.0372 356.407
41.201 15.0531 356.682
41.2398 15.087 357.063
41.2546 15.1036 357.289
41.1992 15.061 356.579
41.1468 15.0442 356.185
41.1566 15.049 356.239
41.1748 15.0602 356.379
41.2008 15.0689 356.707
41.1814 15.0551 356.473
41.1529 15.0491 356.188
41.176 15.0411 356.33
41.1925 15.0638 356.627
41.208 15.0883 356.849
41.1601 15.0582 356.276
41.1612 15.0666 356.357
41.1519 15.059 356.19
41.1791 15.0667 356.477
41.2026 15.0694 356.681
41.2106 15.0683 356.775
41.2063 15.0753 356.725
41.194 15.0722 356.637
41.2634 15.1078 357.295
41.1826 15.0756 356.586
41.2335 15.087 356.986
41.2217 15.0717 356.849
41.1715 15.0491 356.288
41.1875 15.0615 356.504
41.2148 15.0688 356.798
41.2067 15.0533 356.681
41.231 15.0872 357.01
41.1564 15.0618 356.369
41.2012 15.254 356.705
41.1921 15.3654 356.573
41.2736 15.5113 357.298
41.1486 15.5629 356.221
41.2503 15.6571 357.104
41.1982 15.6936 356.627
41.1974 15.8223 356.545
41.2299 15.8352 356.851
41.2442 15.8633 357.01
41.19 15.8576 356.552
41.2066 15.8764 356.681
41.1897 15.8722 356.532
41.2398 15.9185 357.012
41.2799 15.9585 357.468
41.2491 15.9446 357.091
41.2127 15.9256 356.642
41.1825 15.9518 356.383
41.173 15.9792 356.392
41.177 16.0686 356.331
41.1879 16.1386 356.381
41.2196 16.2469 356.812
41.2336 16.4743 356.937
41.3364 16.7284 357.989
41.2304 16.7623 356.952
41.2515 16.873 357.066
41.2892 16.9609 357.421
41.281 17.0118 357.384
41.2247 17.0127 356.873
41.2215 17.0234 356.728
41.2164 17.0456 356.682
41.2355 17.0892 356.959
41.2426 17.1133 357.047
41.2016 17.1 356.643
41.1984 17.0925 356.641
41.225 17.133 356.852
41.2261 17.1514 356.822
41.2143 17.1751 356.656
41.2382 17.2341 357.037
41.2148 17.2574 356.67
41.2245 17.3126 356.751
41.1907 17.3289 356.443
41.2402 17.3866 356.915
41.2425 17.4078 356.913
41.2 17.4197 356.568
41.1711 17.4133 356.27
41.2485 17.4581 357.009
41.2448 17.48 356.981
41.2266 17.4976 356.755
41.1729 17.5084 356.194
41.2165 17.576 356.637
41.2598 17.6145 357.024
41.2573 17.6237 357.049
41.2666 17.6392 357.161
41.2677 17.6333 357.109
41.2262 17.6335 356.815
41.1901 17.6086 356.465
41.1719 17.6004 356.254
41.1995 17.622 356.552
41.1873 17.63 356.366
41.214 17.6655 356.626
41.2393 17.6856 356.871
41.2718 17.7434 357.175
41.2626 17.7807 357.121
41.2087 17.7962 356.591
41.2108 17.8256 356.64
41.2164 17.8513 356.701
41.1669 17.8574 356.149
41.188 17.933 356.345
41.2356 17.9833 356.88
41.2037 18.02 356.541
41.207 18.1007 356.606
41.2133 18.129 356.608
41.2598 18.2502 357.094
41.2602 18.3042 357.154
41.1922 18.3138 356.394
41.2107 18.4488 356.569
41.2291 18.5844 356.776
41.2039 18.6597 356.558
41.1772 18.6783 356.233
41.2249 18.7765 356.61
41.2753 18.9065 357.288
41.258 18.9543 357.087
41.2362 18.973 356.83
41.207 18.9726 356.501
41.2757 19.0368 357.114
41.2985 19.0723 357.389
41.3187 19.0988 357.467
41.3323 19.1153 357.706
41.2813 19.1099 357.249
41.2973 19.1251 357.446
41.2477 19.0928 356.862
41.2715 19.1406 357.151
41.2613 19.2131 357.075
41.2148 19.2182 356.612
41.2757 19.3482 357.089
41.2546 19.4133 357.01
41.254 19.4758 356.968
41.2631 19.5543 357.06
41.2176 19.5745 356.572
41.2468 19.6636 356.938
41.2902 19.6933 357.278
41.2893 19.7729 357.297
41.3373 19.8274 357.756
41.2788 19.8325 357.182
41.2544 19.8467 356.901
41.2965 19.9009 357.377
41.279 19.9116 357.23
41.2865 19.9323 357.33
41.2712 19.9403 357.07
41.2694 19.9715 357.077
41.2858 20.0517 357.154
41.3085 20.1316 357.475
41.2256 20.1221 356.613
41.2251 20.1822 356.547
41.2751 20.2726 357.024
41.324 20.4438 357.588
41.3005 20.4942 357.366
41.2592 20.5495 357.065
41.3057 20.6918 357.439
41.3258 20.7439 357.627
41.3546 20.8027 357.919
41.3293 20.8339 357.656
41.3549 20.9115 357.91
41.3207 20.9498 357.585
41.3548 21.0888 357.908
41.334 21.1402 357.771
41.3129 21.1512 357.54
41.3459 21.2554 357.91
41.2613 21.2048 357.021
41.221 21.1862 356.564
41.3336 21.2587 357.688
41.336 21.301 357.698
41.286 21.2747 357.214
41.2728 21.2784 357.134
41.3158 21.3351 357.555
41.3606 21.3936 357.977
41.2941 21.3806 357.355
41.3437 21.4359 357.745
41.3414 21.4577 357.727
41.338 21.4802 357.794
41.2998 21.471 357.385
41.2624 21.4513 356.945
41.3231 21.5096 357.526
41.3162 21.5471 357.499
41.3538 21.5693 357.827
41.2833 21.5685 357.284
41.267 21.5814 357.07
41.3306 21.6272 357.564
41.2514 21.6866 356.932
41.2887 21.7606 357.278
41.3286 21.7833 357.617
41.3405 21.8105 357.706
41.3531 21.8415 357.822
41.2948 21.8631 357.4
41.2998 21.8672 357.356
41.3535 21.9082 357.827
41.3333 21.9425 357.658
41.3076 21.9419 357.393
41.3075 21.9562 357.396
41.2764 21.9356 357.023
41.3316 21.9916 357.603
41.3817 22.048 358.128
41.3139 22.0289 357.455
41.2651 22.0188 356.994
41.32 22.0812 357.56
41.3515 22.1203 357.884
41.2838 22.0843 357.169
41.2689 22.0902 357.009
41.297 22.1396 357.319
41.2967 22.169 357.359
41.2989 22.1842 357.366
41.3174 22.1954 357.49
41.3164 22.1967 357.533
41.2867 22.2133 357.222
41.3313 22.2444 357.692
41.2728 22.2833 357.16
41.3348 22.3244 357.602
41.3229 22.3412 357.568
41.3337 22.3741 357.653
41.3025 22.3915 357.439
41.3378 22.4812 357.716
41.2941 22.4892 357.229
41.3397 22.5571 357.597
41.3221 22.5939 357.492
41.3674 22.6634 358.041
41.2891 22.6407 357.214
41.2752 22.6603 357.084
41.2768 22.6956 357.124
41.2694 22.6864 356.961
41.2988 22.7344 357.236
41.3351 22.7961 357.673
41.3246 22.8172 357.605
41.3044 22.8213 357.383
41.3253 22.8526 357.555
41.3512 22.8744 357.792
41.3007 22.8509 357.313
41.28 22.8661 357.093
41.2879 22.8942 357.175
41.2964 22.9488 357.307
41.2594 22.9247 356.85
41.3171 22.9789 357.397
41.3837 23.0476 358.137
41.37 23.0745 357.948
41.3142 23.0751 357.391
41.3033 23.119 357.341
41.3033 23.1659 357.279
41.3439 23.205 357.678
41.326 23.199 357.483
41.3329 23.2518 357.599
41.3444 23.2845 357.757
41.3611 23.2845 357.839
41.3122 23.2691 357.339
41.3415 23.3027 357.644
41.3017 23.2959 357.239
41.3174 23.3137 357.342
41.3056 23.3102 357.27
41.2939 23.3075 357.196
41.2876 23.3176 357.213
41.2938 23.3115 357.203
41.2757 23.313 357.132
41.3171 23.3849 357.469
41.4093 23.4779 358.299
41.3602 23.4718 357.882
41.3076 23.4491 357.386
41.3878 23.5142 358.085
41.3859 23.5357 358.065
41.3781 23.5727 358.027
41.3055 23.5615 357.365
41.3347 23.5899 357.546
41.3513 23.624 357.728
41.361 23.6133 357.817
41.3578 23.5941 357.826
41.3626 23.6049 357.795
41.3333 23.5958 357.522
41.3374 23.6582 357.704
41.2867 23.6934 357.229
41.3445 23.7662 357.781
41.3786 23.7749 358.118
41.3306 23.7362 357.538
41.3173 23.7426 357.449
41.2938 23.7316 357.197
41.2903 23.7384 357.177
41.3014 23.7569 357.254
41.3951 23.8332 358.142
41.3751 23.8194 357.94
41.3385 23.7883 357.559
41.3181 23.8397 357.369
41.3207 23.9107 357.422
41.341 23.9898 357.614
41.3414 24.06 357.574
41.3418 24.0557 357.582
41.3253 24.0597 357.488
41.3202 24.0541 357.437
41.3499 24.0649 357.745
41.3348 24.0544 357.583
41.3155 24.0311 357.371
41.3073 24.0381 357.236
41.3208 24.0526 357.44
41.2937 24.0261 357.15
41.3147 24.0293 357.357
41.3393 24.0556 357.596
41.3757 24.077 357.988
41.3607 24.0753 357.855
41.3543 24.0714 357.797
41.3608 24.0647 357.835
41.4029 24.0966 358.177
41.346 24.0615 357.683
41.3605 24.0611 357.761
41.3855 24.0847 357.963
41.3537 24.0677 357.757
41.3355 24.0547 357.586
41.3022 24.0371 357.211
41.3601 24.0837 357.843
41.345 24.0615 357.717
41.3345 24.0636 357.572
41.3677 24.0842 357.927
41.3728 24.0858 357.927
41.4016 24.0916 358.151
41.3527 24.0695 357.708
41.3698 24.0669 357.857
41.3724 24.0616 357.851
41.3329 24.0207 357.476
41.2852 23.9986 357.052
41.3255 24.0444 357.422
41.3545 24.0549 357.743
41.3305 24.0291 357.53
41.2906 24.0238 357.147
41.3271 24.061 357.515
41.2995 24.0309 357.176
41.3732 24.0694 357.948
41.3269 24.0542 357.518
41.3091 24.0478 357.364
41.2246 23.9715 356.461
41.3502 24.0582 357.684
41.3639 24.073 357.815
41.3183 24.0513 357.466
41.3205 24.0412 357.462
41.293 24.0153 357.163
41.288 24.0267 357.115
41.2974 24.0379 357.231
41.2775 24.0124 356.992
41.2988 24.0325 357.251
41.2428 23.9933 356.676
41.318 24.0255 357.315
41.3216 24.0388 357.44
41.3626 24.0692 357.876
41.3567 24.0576 357.786
41.3761 24.0812 357.967
41.3151 24.0444 357.314
41.3325 24.0625 357.519
41.2643 24.0163 356.848
41.3733 24.0732 357.919
41.3293 24.0521 357.527
41.3412 24.0627 357.597
41.3561 24.0506 357.726
41.3511 24.0523 357.701
41.3932 24.0879 358.134
41.3829 24.0807 358.018
41.381 24.0725 357.9
41.3724 24.0646 357.86
41.3713 24.0727 357.849
41.3691 24.073 357.872
41.3612 24.0756 357.821
41.3336 24.0659 357.598
41.331 24.0533 357.538
41.32 24.0387 357.413
41.3606 24.0761 357.868
41.3643 24.0603 357.841
41.3807 24.0748 358.022
41.3781 24.0822 358.031
41.3786 24.065 357.98
41.361 24.0602 357.751
41.3557 24.0638 357.762
41.321 24.026 357.333
41.3293 24.0328 357.414
41.3477 24.0486 357.623
41.3652 24.0528 357.763
41.3653 24.0546 357.839
41.3663 24.0523 357.856
41.4371 24.1213 358.638
41.4292 24.1143 358.539
41.4358 24.1261 358.59
41.3956 24.0966 358.194
41.3849 24.0962 358.094
41.3487 24.0694 357.718
41.3403 24.0546 357.659
41.3159 24.0424 357.453
41.3459 24.0578 357.757
41.3419 24.0474 357.613
41.3468 24.0459 357.62
41.3633 24.0613 357.844
41.3484 24.055 357.698
41.3701 24.066 357.893
41.3624 24.0711 357.865
41.3484 24.0699 357.761
41.3746 24.0859 358.006
41.4121 24.1073 358.394
41.3512 24.0632 357.73
41.3009 24.0265 357.212
41.3077 24.0333 357.263
41.3201 24.043 357.468
41.3284 24.0566 357.504
41.3152 24.0498 357.422
41.3427 24.0705 357.77
41.3707 24.0816 358.062
41.3586 24.0497 357.838
41.3633 24.0525 357.841
41.3539 24.0538 357.813
41.3239 24.0424 357.556
41.3669 24.0786 357.951
41.33 24.0651 357.695
41.3286 24.0504 357.609
41.3107 24.0285 357.405
41.3086 24.0359 357.398
41.3739 24.0815 357.984
41.3335 24.0543 357.6
41.351 24.0678 357.804
41.363 24.0761 357.976
41.3428 24.0689 357.769
41.3479 24.0622 357.798
41.3151 24.0363 357.526
41.3197 24.045 357.549
41.2941 24.0219 357.283
41.2978 24.03 357.27
41.3161 24.0549 357.517
41.3255 24.0452 357.624
41.3529 24.0444 357.831
41.3265 24.0512 357.558
41.3314 24.0459 357.645
41.3491 24.0721 357.802
41.3075 24.0496 357.407
41.2636 24.0098 357
41.3313 24.056 357.612
41.3226 24.0604 357.529
41.3136 24.0508 357.441
41.3487 24.0664 357.748
41.3662 24.0724 357.874
41.3841 24.082 358.076
41.3681 24.0577 357.939
41.3686 24.0668 357.916
41.3187 24.0508 357.462
41.3444 24.0604 357.661
41.3281 24.0532 357.531
41.3245 24.0533 357.523
41.3092 24.0462 357.35
41.3294 24.057 357.555
41.3425 24.0719 357.712
41.3144 24.0503 357.425
41.2893 24.0267 357.172
41.3099 24.046 357.429
41.3595 24.0757 357.813
41.3712 24.0716 357.884
41.3202 24.0459 357.451
41.3097 24.0486 357.364
41.3469 24.0715 357.7
41.3809 24.0993 358.022
41.3411 24.0796 357.689
41.3082 24.0575 357.375
41.3291 24.0535 357.536
41.3278 24.0621 357.506
41.3141 24.0554 357.449
41.3888 24.0945 358.101
41.3666 24.0756 357.853
41.3563 24.0696 357.808
41.3492 24.0548 357.654
41.3568 24.0603 357.744
41.3856 24.0924 358.052
41.3088 24.0426 357.284
41.3145 24.0239 357.254
41.3475 24.059 357.643
41.325 24.0445 357.405
41.3786 24.083 357.988
41.3813 24.0768 357.981
41.3396 24.0631 357.526
41.3341 24.0552 357.449
41.364 24.0642 357.814
41.3311 24.0419 357.429
41.3514 24.0654 357.709
41.3363 24.0597 357.582
41.3182 24.0412 357.304
41.2803 24.0126 356.892
41.3303 24.0573 357.454
41.362 24.0747 357.82
41.3543 24.0718 357.768
41.3708 24.0784 357.932
41.338 24.0594 357.563
41.3366 24.0549 357.548
41.3552 24.0738 357.668
41.3832 24.0911 357.912
41.3325 24.0423 357.485
41.3596 24.0762 357.756
41.3708 24.0837 357.849
41.3721 24.085 357.876
41.3746 24.09 357.904
41.3391 24.0737 357.618
41.3564 24.0756 357.719
41.3648 24.0796 357.85
41.3615 24.0779 357.82
41.3578 24.0792 357.772
41.3578 24.0897 357.818
41.3895 24.0955 358.138
41.3624 24.0621 357.788
41.3722 24.081 357.894
41.3497 24.0591 357.582
41.3354 24.0489 357.452
41.3693 24.0741 357.847
41.318 24.0153 357.237
41.3384 24.0422 357.441
41.3577 24.0613 357.658
41.3296 24.0516 357.423
41.3142 24.0389 357.278
41.2865 24.0141 357.077
41.3388 24.0483 357.56
41.3139 24.0347 357.309
41.3263 24.0481 357.454
41.3113 24.0426 357.367
41.3391 24.065 357.678
41.3431 24.058 357.676
41.3384 24.0539 357.594
41.3478 24.0567 357.664
41.3647 24.0759 357.814
41.3371 24.0608 357.583
41.347 24.0649 357.687
41.3203 24.0475 357.432
41.3058 24.0167 357.291
41.3646 24.0854 357.868
41.408 24.1225 358.298
41.3535 24.0751 357.71
41.3309 24.0494 357.435
41.3209 24.048 357.39
41.324 24.061 357.506
41.3699 24.0903 357.905
41.3323 24.0733 357.553
41.3308 24.061 357.469
41.3208 24.0445 357.374
41.2974 24.0253 357.148
41.2695 24.0143 356.973
41.3045 24.0358 357.235
41.3093 24.0477 357.334
41.3318 24.0681 357.492
41.2794 24.0311 356.938
41.345 24.0655 357.653
41.3663 24.069 357.825
41.3264 24.0465 357.404
41.3526 24.0756 357.693
41.3239 24.0556 357.438
41.3666 24.0946 357.822
41.3241 24.0616 357.432
41.3313 24.0603 357.426
41.3534 24.075 357.738
41.2929 24.0264 357.11
41.2827 24.0242 356.949
41.3033 24.0411 357.148
41.3351 24.0613 357.483
41.3119 24.0263 357.179
41.3331 24.0403 357.349
41.3402 24.0426 357.408
41.3421 24.0463 357.419
41.3388 24.0445 357.385
41.3499 24.0625 357.587
41.3577 24.0729 357.656
41.3569 24.0649 357.654
41.3464 24.0478 357.473
41.3545 24.0578 357.547
41.3273 24.0419 357.245
41.3353 24.0437 357.333
41.3639 24.0637 357.637
41.3809 24.0692 357.82
41.3863 24.0824 357.883
41.3447 24.0569 357.466
41.3569 24.0649 357.619
41.3477 24.0562 357.517
41.3454 24.0587 357.478
41.3593 24.0581 357.588
41.3647 24.0625 357.653
41.3805 24.0788 357.835
41.3581 24.061 357.631
41.3653 24.0614 357.7
41.3578 24.0633 357.672
41.3404 24.0648 357.47
41.3901 24.0945 357.933
41.4022 24.0976 358.054
41.3992 24.0927 357.979
41.3441 24.0451 357.429
41.3764 24.0624 357.73
41.3481 24.046 357.464
41.3457 24.0606 357.442
41.3677 24.0586 357.655
