36.5713 -15.1947 243.764
36.571 -15.2013 243.799
36.5701 -15.1908 243.812
36.5705 -15.1917 243.816
36.5781 -15.1944 243.842
36.5864 -15.2006 243.947
36.5794 -15.21 243.915
36.571 -15.201 243.801
36.5601 -15.1924 243.712
36.5512 -15.1871 243.63
36.5857 -15.2086 243.903
36.6051 -15.223 244.09
36.5751 -15.2061 243.819
36.5761 -15.1962 243.819
36.571 -15.199 243.799
36.5741 -15.2007 243.845
36.5703 -15.192 243.793
36.5816 -15.1962 243.887
36.5801 -15.1999 243.885
36.5724 -15.1977 243.773
36.5679 -15.1866 243.76
36.5743 -15.1867 243.839
36.5767 -15.205 243.856
36.5749 -15.1967 243.788
36.594 -15.2051 243.989
36.5877 -15.2036 243.956
36.5723 -15.1972 243.818
36.5798 -15.2034 243.901
36.5688 -15.1855 243.769
36.5767 -15.1873 243.846
36.5467 -15.1773 243.543
36.5527 -15.1895 243.689
36.5598 -15.1855 243.716
36.5732 -15.1976 243.828
36.5616 -15.2032 243.746
36.5916 -15.2268 243.983
36.5711 -15.2046 243.797
36.5543 -15.1809 243.623
36.5591 -15.1873 243.684
36.5649 -15.1933 243.763
36.5742 -15.199 243.855
36.5606 -15.1828 243.726
36.5612 -15.1803 243.716
36.566 -15.1838 243.761
36.5665 -15.1924 243.734
36.5719 -15.1939 243.763
36.5702 -15.1941 243.781
36.5769 -15.2132 243.862
36.5768 -15.2054 243.858
36.5913 -15.2125 243.945
36.5948 -15.2048 243.993
36.594 -15.2213 244.011
36.5854 -15.2113 243.906
36.5884 -15.2109 243.926
36.5673 -15.2 243.729
36.5782 -15.2109 243.813
36.5801 -15.2081 243.819
36.5618 -15.1983 243.667
36.5587 -15.1975 243.642
36.5777 -15.2111 243.829
36.5721 -15.2103 243.798
36.5745 -15.2081 243.817
36.5777 -15.2149 243.866
36.598 -15.2326 244.057
36.5671 -15.2093 243.785
36.534 -15.1919 243.495
36.5609 -15.1979 243.711
36.5707 -15.1988 243.8
36.5771 -15.1965 243.852
36.5742 -15.2095 243.836
36.5887 -15.2161 243.943
36.5857 -15.2232 243.961
36.5878 -15.2246 243.941
36.5848 -15.2156 243.908
36.563 -15.2131 243.808
36.5839 -15.2205 243.984
36.5827 -15.2243 243.98
36.5817 -15.2286 243.997
36.591 -15.2311 244.043
36.6259 -15.2354 244.381
36.5941 -15.2288 244.076
36.5775 -15.2281 243.93
36.5843 -15.2282 244.027
36.5884 -15.2329 244.108
36.6023 -15.2374 244.185
36.5925 -15.2393 244.115
36.593 -15.2444 244.121
36.6015 -15.2491 244.193
36.5807 -15.234 244.035
36.5676 -15.2271 243.947
36.594 -15.2418 244.162
36.6164 -15.2587 244.359
36.6046 -15.2576 244.246
36.6068 -15.2559 244.275
36.5959 -15.2536 244.243
36.5876 -15.2498 244.192
36.6029 -15.2577 244.337
36.6175 -15.2674 244.512
36.6209 -15.2711 244.51
36.6151 -15.2676 244.451
36.6234 -15.2791 244.621
36.6585 -15.3032 245.011
36.6532 -15.3182 244.955
36.6667 -15.3442 245.134
36.6835 -15.351 245.294
36.6915 -15.3635 245.4
36.6773 -15.3564 245.34
36.6877 -15.3675 245.466
36.7099 -15.3814 245.707
36.7285 -15.4048 245.955
36.6819 -15.387 245.58
36.7106 -15.4174 245.927
36.7323 -15.4218 246.093
36.733 -15.4353 246.121
36.7319 -15.4233 246.137
36.7455 -15.4326 246.262
36.7521 -15.4451 246.317
36.7565 -15.4485 246.434
36.7583 -15.4522 246.445
36.7623 -15.4673 246.514
36.8012 -15.4816 246.853
36.8071 -15.4988 246.928
36.728 -15.4289 246.183
36.7037 -15.4275 245.949
36.6926 -15.4134 245.855
36.692 -15.4073 245.884
36.7175 -15.4241 246.081
36.7534 -15.4428 246.343
36.7311 -15.4434 246.149
36.7171 -15.4389 246.002
36.713 -15.4316 245.968
36.725 -15.4359 246.054
36.7448 -15.4479 246.285
36.7555 -15.4573 246.417
36.7542 -15.4575 246.368
36.7592 -15.4635 246.395
36.7653 -15.4675 246.454
36.777 -15.4739 246.555
36.7633 -15.4585 246.426
36.7431 -15.4404 246.231
36.7506 -15.4542 246.299
36.7701 -15.4855 246.506
36.7583 -15.4724 246.385
36.7462 -15.4594 246.271
36.7406 -15.4557 246.236
36.7084 -15.4163 245.932
36.7197 -15.4254 246.034
36.7171 -15.4267 245.964
36.7342 -15.4502 246.086
36.7197 -15.4282 245.953
36.7113 -15.4148 245.849
36.6961 -15.411 245.734
36.7007 -15.4111 245.751
36.6786 -15.3992 245.464
36.6974 -15.3893 245.605
36.6665 -15.3551 245.301
36.6963 -15.3709 245.59
36.7029 -15.3825 245.64
36.6858 -15.3727 245.481
36.6858 -15.3658 245.436
36.674 -15.3438 245.319
36.6669 -15.3402 245.256
36.673 -15.3553 245.285
36.6783 -15.3609 245.332
36.6648 -15.3447 245.204
36.6508 -15.3425 245.08
36.6622 -15.3491 245.162
36.672 -15.3518 245.246
36.6739 -15.3456 245.259
36.6805 -15.3589 245.29
36.6663 -15.3451 245.143
36.6366 -15.328 244.855
36.646 -15.3328 244.914
36.6544 -15.3269 244.982
36.6726 -15.3296 245.169
36.65 -15.3204 245.093
36.6493 -15.3242 244.977
36.6652 -15.33 245.007
36.6529 -15.3187 244.935
36.66 -15.3182 245.032
36.6235 -15.3006 244.681
36.6261 -15.299 244.635
36.6201 -15.2935 244.61
36.6183 -15.2882 244.59
36.6237 -15.2818 244.588
36.6134 -15.2704 244.434
36.5832 -15.2554 244.23
36.5783 -15.2443 244.191
36.5886 -15.249 244.289
36.6039 -15.2626 244.394
36.588 -15.2472 244.24
36.5925 -15.2489 244.276
36.608 -15.2507 244.331
36.592 -15.24 244.154
36.6054 -15.2551 244.271
36.6383 -15.2744 244.59
36.6243 -15.2609 244.43
36.6204 -15.2557 244.391
36.6229 -15.2522 244.339
36.6081 -15.2413 244.142
36.6312 -15.2521 244.376
36.5959 -15.2174 244.026
36.595 -15.2267 244.037
36.6128 -15.2368 244.188
36.6045 -15.229 244.105
36.5986 -15.2259 244.073
36.5977 -15.2217 244.039
36.6044 -15.2288 244.121
36.5922 -15.2228 244.025
36.6042 -15.2261 244.151
36.6066 -15.2247 244.154
36.5736 -15.2132 243.895
36.6004 -15.2249 244.097
36.6119 -15.2297 244.201
36.603 -15.2237 244.132
36.5917 -15.2268 244.05
36.5908 -15.2183 244.038
36.602 -15.2224 244.089
36.5902 -15.2208 243.991
36.6011 -15.2252 244.085
36.5887 -15.219 243.991
36.5969 -15.2182 244.062
36.6039 -15.2257 244.103
36.5903 -15.2236 244.004
36.5957 -15.2221 244.055
36.602 -15.2253 244.141
36.5874 -15.2162 244.017
36.6042 -15.223 244.123
36.5998 -15.22 244.107
36.6028 -15.2268 244.108
36.6015 -15.2174 244.079
36.5932 -15.2206 243.998
36.5998 -15.2186 244.064
36.5901 -15.2114 244.012
36.5924 -15.2184 244.029
36.5821 -15.2108 243.914
36.6019 -15.2275 244.095
36.5881 -15.2255 243.957
36.601 -15.2266 244.074
36.587 -15.2152 243.979
36.5866 -15.2141 243.971
36.6236 -15.2352 244.285
36.6139 -15.222 244.201
36.6037 -15.2232 244.142
36.6024 -15.2164 244.1
36.6097 -15.2297 244.167
36.5944 -15.2171 244.057
36.5999 -15.2169 244.078
36.626 -15.2183 244.286
36.5904 -15.2233 244.027
36.6023 -15.2261 244.111
36.6069 -15.2239 244.14
36.613 -15.2333 244.195
36.6097 -15.2271 244.19
36.5958 -15.2219 244.06
36.5483 -15.2065 243.678
36.5804 -15.2202 243.946
36.586 -15.2222 244.003
36.5936 -15.223 244.038
36.6067 -15.2319 244.161
36.61 -15.2238 244.167
36.5931 -15.2201 244.041
36.5977 -15.2218 244.049
36.598 -15.2254 244.013
36.5766 -15.2198 243.819
36.5696 -15.2088 243.8
36.583 -15.2197 243.905
36.5781 -15.2169 243.87
36.5824 -15.214 243.913
36.593 -15.2252 244.022
36.5814 -15.2191 243.91
36.5977 -15.2234 244.047
36.5916 -15.2205 243.985
36.5964 -15.2248 244.036
36.5878 -15.214 243.974
36.5853 -15.207 243.993
36.6026 -15.2187 244.115
36.6001 -15.2229 244.086
36.591 -15.2156 244.025
36.6005 -15.2272 244.112
36.6025 -15.2162 244.099
36.6248 -15.2269 244.242
36.6169 -15.2282 244.222
36.5842 -15.2199 243.943
36.6063 -15.2227 244.11
36.5979 -15.2186 244.02
36.5882 -15.2136 243.979
36.5786 -15.2194 243.938
36.5936 -15.2226 244.023
36.5982 -15.2253 244.067
36.5992 -15.2323 244.098
36.594 -15.2306 244.057
36.5888 -15.2146 243.984
36.5945 -15.2111 244.032
36.6027 -15.2231 244.098
36.5955 -15.2234 244.048
36.6218 -15.2362 244.249
36.6107 -15.2299 244.151
36.6026 -15.2353 244.097
36.5903 -15.2288 243.985
36.5928 -15.2193 244.011
36.5925 -15.2102 244.015
36.5793 -15.2129 243.927
36.5726 -15.2075 243.871
36.616 -15.2251 244.175
36.6026 -15.2239 244.073
36.6027 -15.2256 244.111
36.6074 -15.2289 244.173
36.6121 -15.2326 244.196
36.6138 -15.2338 244.236
36.6112 -15.2272 244.174
36.6027 -15.2298 244.096
36.608 -15.2243 244.137
36.6039 -15.2268 244.126
36.5997 -15.2183 244.082
36.5943 -15.2118 244.042
36.6135 -15.235 244.222
36.6182 -15.2462 244.324
36.6098 -15.2343 244.201
36.5975 -15.2255 244.045
36.5969 -15.2201 244.07
36.6247 -15.2384 244.33
36.5881 -15.2315 243.972
36.5901 -15.2199 244.008
36.5855 -15.2153 243.972
36.5815 -15.2138 243.944
36.5761 -15.2016 243.859
36.578 -15.1934 243.832
36.587 -15.2126 243.961
36.6005 -15.2323 244.084
36.6272 -15.2284 244.316
36.6025 -15.2267 244.085
36.6029 -15.23 244.107
36.5681 -15.2141 243.784
36.5842 -15.2201 243.923
36.5925 -15.2281 244.018
36.5946 -15.2259 244.013
36.6052 -15.232 244.106
36.6135 -15.2203 244.166
36.6162 -15.217 244.243
36.5976 -15.2208 244.06
36.5837 -15.2107 243.927
36.5891 -15.2082 243.969
36.5853 -15.2098 243.938
36.5881 -15.2134 243.942
36.6098 -15.2294 244.116
36.5615 -15.1117 243.673
36.6097 -14.8382 244.156
36.5811 -14.6848 243.877
36.582 -14.6229 243.939
36.5864 -14.5501 243.938
36.6142 -14.5463 244.172
36.6102 -14.5151 244.157
36.608 -14.472 244.145
36.6368 -14.4191 244.383
36.6186 -14.3529 244.219
36.6086 -14.3395 244.125
36.6165 -14.2509 244.189
36.615 -14.2096 244.178
36.5937 -14.1013 244.001
36.5997 -14.0321 244.051
36.5921 -13.9734 244.028
36.6285 -13.8349 244.272
36.6227 -13.6989 244.226
36.6164 -13.5984 244.156
36.6278 -13.5388 244.299
36.6365 -13.4465 244.383
36.6167 -13.297 244.202
36.616 -13.2514 244.208
36.636 -13.115 244.443
36.6371 -13.0606 244.404
36.6377 -13.0047 244.38
36.6205 -12.9244 244.252
36.6014 -12.8845 244.111
36.6243 -12.8682 244.28
36.6165 -12.7985 244.197
36.6046 -12.7405 244.085
36.5939 -12.6407 243.976
36.6227 -12.4968 244.262
36.6185 -12.3368 244.232
36.6454 -12.2556 244.448
36.6574 -12.1692 244.561
36.6475 -12.069 244.451
36.6402 -11.8203 244.418
36.6425 -11.6509 244.492
36.5934 -11.4166 244.005
36.6366 -11.338 244.421
36.637 -11.2745 244.366
36.6237 -11.2098 244.263
36.6292 -11.0013 244.335
36.6192 -10.811 244.273
36.6178 -10.7786 244.277
36.6289 -10.7413 244.316
36.6202 -10.6089 244.231
36.6697 -10.4368 244.686
36.6717 -10.3618 244.726
36.6606 -10.1767 244.637
36.6661 -10.0767 244.718
36.6605 -9.77374 244.613
36.6656 -9.5727 244.61
36.6431 -9.33769 244.482
36.643 -9.03803 244.504
36.6419 -8.88913 244.464
36.6866 -8.88093 244.866
36.687 -8.74373 244.845
36.6996 -8.66424 244.961
36.7038 -8.57556 245.002
36.6806 -8.5035 244.856
36.6713 -8.47069 244.771
36.6874 -8.46276 244.89
36.6794 -8.46278 244.834
36.6745 -8.44901 244.798
36.6787 -8.45425 244.8
36.6608 -8.36724 244.671
36.6918 -8.16453 244.983
36.6716 -8.11418 244.714
36.6506 -8.05439 244.536
36.6527 -8.02368 244.554
36.6572 -7.96897 244.608
36.6747 -7.85755 244.762
36.6687 -7.83267 244.717
36.6737 -7.8215 244.768
36.6708 -7.7854 244.738
36.6795 -7.73607 244.806
36.6771 -7.51112 244.757
36.6904 -7.45312 244.899
36.6935 -7.45793 244.915
36.6942 -7.4627 244.925
36.6879 -7.46448 244.86
36.6833 -7.46981 244.812
36.6867 -7.45681 244.832
36.6701 -7.44901 244.701
36.6799 -7.4505 244.754
36.6744 -7.45596 244.71
36.6707 -7.45121 244.705
36.6944 -7.45911 244.93
36.6869 -7.45212 244.868
36.6779 -7.44553 244.806
36.6731 -7.43667 244.761
36.681 -7.3861 244.859
36.6737 -7.35908 244.737
36.665 -7.33241 244.715
36.6868 -7.32064 244.871
36.6847 -7.29314 244.826
36.6839 -7.27742 244.866
36.6501 -7.25908 244.586
36.6764 -7.26876 244.791
36.6721 -7.27294 244.825
36.6687 -7.27464 244.783
36.6677 -7.27441 244.798
36.6686 -7.26989 244.776
36.6694 -7.27821 244.788
36.6604 -7.26376 244.675
36.6572 -7.26134 244.65
36.6724 -7.26985 244.764
36.6926 -7.27187 245.011
36.68 -7.26338 244.84
36.6758 -7.27641 244.796
36.6755 -7.2648 244.774
36.6909 -7.26376 244.938
36.6694 -7.25668 244.744
36.6507 -7.24717 244.63
36.6355 -7.22586 244.5
36.6323 -7.20502 244.447
36.6531 -7.17589 244.613
36.6668 -7.14891 244.725
36.6614 -7.14682 244.65
36.6492 -7.14455 244.543
36.662 -7.13823 244.653
36.6618 -7.1213 244.682
36.659 -7.11925 244.638
36.6586 -7.12265 244.652
36.6644 -7.1288 244.704
36.6557 -7.13127 244.642
36.6385 -7.12756 244.493
36.6303 -7.11318 244.408
36.6369 -7.11225 244.455
36.6683 -7.1147 244.724
36.6633 -7.10882 244.677
36.6811 -7.09173 244.827
36.6724 -7.08376 244.771
36.6708 -7.07419 244.748
36.6834 -7.08471 244.896
36.6702 -7.08263 244.794
36.6649 -7.06973 244.756
36.6663 -7.04394 244.762
36.6721 -7.0029 244.795
36.6553 -6.98946 244.617
36.6875 -7.00471 244.914
36.6454 -6.98749 244.528
36.6724 -7.00066 244.768
36.6619 -7.00809 244.689
36.673 -7.00933 244.786
36.6818 -7.00347 244.843
36.6797 -7.00118 244.807
36.6984 -7.00249 244.994
36.6771 -7.00094 244.796
36.6827 -7.00828 244.839
36.6705 -6.98077 244.747
36.6737 -6.94751 244.777
36.6752 -6.9429 244.784
36.6764 -6.93177 244.84
36.6762 -6.91725 244.818
36.6716 -6.88415 244.808
36.6711 -6.88109 244.79
36.6869 -6.88696 244.903
36.6872 -6.87764 244.915
36.704 -6.87824 245.073
36.6912 -6.88157 244.943
36.7029 -6.8791 245.073
36.6863 -6.86968 244.907
36.6989 -6.88292 245.037
36.6973 -6.87456 244.982
36.6848 -6.85844 244.903
36.6755 -6.79869 244.815
36.6688 -6.76914 244.785
36.6578 -6.76015 244.667
36.6491 -6.75778 244.605
36.6678 -6.76102 244.742
36.657 -6.69751 244.655
36.674 -6.6863 244.763
36.6571 -6.67922 244.674
36.6643 -6.68834 244.709
36.6706 -6.69377 244.73
36.6769 -6.69131 244.758
36.6789 -6.69068 244.798
36.6647 -6.67115 244.646
36.6466 -6.65133 244.517
36.6615 -6.65238 244.628
36.6825 -6.65683 244.83
36.6844 -6.65378 244.789
36.6821 -6.65259 244.824
36.6775 -6.65105 244.76
36.6745 -6.63601 244.723
36.6763 -6.64388 244.763
36.6869 -6.6588 244.821
36.6739 -6.6463 244.741
36.6776 -6.6392 244.793
36.6654 -6.65637 244.651
36.6646 -6.65317 244.663
36.6679 -6.6482 244.647
36.6748 -6.65192 244.686
36.6761 -6.64116 244.719
36.6987 -6.65674 244.936
36.6899 -6.65329 244.843
36.6782 -6.65123 244.738
36.6697 -6.63761 244.649
36.6653 -6.64497 244.589
36.6846 -6.64328 244.782
36.6989 -6.64823 244.937
36.6803 -6.64982 244.771
36.6992 -6.66604 244.929
36.6976 -6.65906 244.89
36.6389 -6.64459 244.355
36.6973 -6.645 244.82
36.6769 -6.65106 244.697
36.6804 -6.65173 244.719
36.6919 -6.65789 244.813
36.6873 -6.64763 244.792
36.7075 -6.65 244.974
36.6878 -6.63677 244.778
36.6662 -6.6395 244.578
36.6559 -6.63876 244.51
36.6635 -6.641 244.602
36.6567 -6.62942 244.553
36.6762 -6.63873 244.683
36.6804 -6.64751 244.729
36.685 -6.6536 244.728
36.6795 -6.63618 244.692
36.6662 -6.64324 244.579
36.6827 -6.64003 244.729
36.688 -6.64184 244.814
36.6614 -6.63822 244.581
36.6505 -6.63724 244.453
36.662 -6.6334 244.552
36.6722 -6.64167 244.632
36.6787 -6.64511 244.683
36.6933 -6.65068 244.809
36.6769 -6.64436 244.675
36.6779 -6.64813 244.722
36.6918 -6.64686 244.821
36.6828 -6.63697 244.748
36.695 -6.64375 244.85
36.6792 -6.6451 244.71
36.6736 -6.63764 244.651
36.6599 -6.64026 244.551
36.647 -6.63928 244.398
36.6622 -6.66071 244.564
36.6752 -6.65498 244.684
36.6638 -6.65203 244.571
36.6844 -6.64596 244.773
36.694 -6.64341 244.856
36.6851 -6.64324 244.773
36.6835 -6.64317 244.756
36.6799 -6.64534 244.689
36.6497 -6.64178 244.386
36.6686 -6.63684 244.588
36.6534 -6.63265 244.472
36.6695 -6.63925 244.634
36.6849 -6.65565 244.77
36.6618 -6.63952 244.558
36.6487 -6.65532 244.438
36.6859 -6.64775 244.771
36.697 -6.64404 244.872
36.6872 -6.63915 244.786
36.6942 -6.63537 244.839
36.7047 -6.6452 244.888
36.689 -6.64734 244.78
36.68 -6.63876 244.695
36.6785 -6.65611 244.69
36.6775 -6.6501 244.684
36.682 -6.64653 244.742
36.6758 -6.64054 244.634
36.6831 -6.6393 244.715
36.6873 -6.65105 244.774
36.6794 -6.64952 244.71
36.6725 -6.6484 244.645
36.6662 -6.64365 244.61
36.6854 -6.64516 244.744
36.704 -6.64792 244.92
36.6807 -6.63934 244.688
36.6533 -6.63366 244.475
36.6633 -6.63759 244.538
36.6701 -6.63023 244.593
36.687 -6.64036 244.762
36.7086 -6.65096 244.989
36.687 -6.64589 244.777
36.6847 -6.63944 244.74
36.6755 -6.6468 244.668
36.6598 -6.63882 244.537
36.6875 -6.64186 244.755
36.6857 -6.64159 244.767
36.6997 -6.6361 244.896
36.7105 -6.63992 244.996
36.7044 -6.64471 244.963
36.6796 -6.6402 244.758
36.6827 -6.63039 244.761
36.6781 -6.63583 244.709
36.6803 -6.63926 244.766
36.69 -6.63514 244.864
36.6603 -6.63134 244.54
36.6709 -6.63993 244.612
36.6862 -6.64448 244.787
36.6885 -6.64559 244.815
36.6973 -6.64755 244.87
36.694 -6.64831 244.814
36.6837 -6.63978 244.753
36.6563 -6.62452 244.518
36.6879 -6.64249 244.77
36.6772 -6.64015 244.698
36.6665 -6.6402 244.576
36.6828 -6.64513 244.734
36.682 -6.64539 244.719
36.6658 -6.64746 244.587
36.6673 -6.63344 244.605
36.6784 -6.64132 244.688
36.6907 -6.64169 244.761
36.6912 -6.64139 244.778
36.677 -6.63538 244.672
36.666 -6.63256 244.596
36.6863 -6.63912 244.746
36.6724 -6.64321 244.665
36.6711 -6.64741 244.643
36.6938 -6.65723 244.885
36.6906 -6.65499 244.82
36.6939 -6.65012 244.86
36.6858 -6.63801 244.775
36.6814 -6.62476 244.744
36.7004 -6.64017 244.883
36.7032 -6.63265 244.871
36.6924 -6.63418 244.794
36.6681 -6.64191 244.609
36.6704 -6.63809 244.622
36.679 -6.6377 244.7
36.6839 -6.63691 244.743
36.6669 -6.63578 244.63
36.6781 -6.63823 244.716
36.6745 -6.64335 244.679
36.6771 -6.63221 244.707
36.6663 -6.64643 244.601
36.6766 -6.64732 244.706
36.6731 -6.63091 244.685
36.6505 -6.63287 244.508
36.6768 -6.64043 244.726
36.6898 -6.6476 244.808
36.7075 -6.65983 244.927
36.6877 -6.64975 244.77
36.6636 -6.64405 244.559
36.6868 -6.64158 244.747
36.704 -6.64445 244.948
36.6876 -6.64668 244.797
36.6885 -6.65038 244.828
36.6939 -6.6455 244.823
36.6795 -6.63812 244.718
36.6754 -6.63461 244.691
36.6946 -6.63571 244.836
36.6672 -6.62994 244.586
36.6907 -6.64251 244.806
36.6797 -6.64289 244.724
36.6549 -6.64094 244.5
36.6635 -6.63273 244.556
36.6814 -6.63976 244.708
36.6924 -6.65709 244.816
36.6898 -6.65153 244.768
36.6856 -6.64635 244.746
36.6839 -6.64059 244.74
36.6882 -6.64406 244.789
36.6899 -6.64985 244.807
36.6931 -6.64472 244.84
36.7047 -6.64555 244.938
36.6907 -6.64725 244.813
36.6734 -6.6413 244.656
36.6845 -6.64719 244.726
36.6795 -6.64688 244.695
36.6878 -6.64863 244.79
36.6883 -6.65191 244.811
36.6958 -6.65384 244.837
36.7084 -6.65053 244.907
36.6876 -6.64016 244.758
36.6889 -6.63399 244.825
36.6875 -6.64693 244.76
36.6841 -6.63687 244.689
36.6738 -6.64656 244.643
36.6821 -6.66099 244.688
36.6872 -6.64317 244.734
36.7059 -6.65028 244.945
36.691 -6.64607 244.804
36.6736 -6.63964 244.651
36.6794 -6.63827 244.723
36.6785 -6.63898 244.747
36.6808 -6.64075 244.719
36.689 -6.64168 244.796
36.6786 -6.63665 244.704
36.6795 -6.63705 244.696
36.6788 -6.62588 244.672
36.6884 -6.64224 244.732
36.681 -6.63889 244.678
36.6826 -6.63613 244.7
36.676 -6.63902 244.657
36.6633 -6.64126 244.56
36.6841 -6.66472 244.753
36.6787 -6.64374 244.703
36.6642 -6.64302 244.557
36.6628 -6.64648 244.549
36.6685 -6.64339 244.591
36.679 -6.63278 244.674
36.6828 -6.64085 244.722
36.6644 -6.64241 244.566
36.6996 -6.63876 244.872
36.7156 -6.65271 244.981
36.7035 -6.64726 244.883
36.6936 -6.64403 244.823
36.6782 -6.64089 244.67
36.6661 -6.63934 244.577
36.6863 -6.64894 244.723
36.6909 -6.6431 244.763
36.6915 -6.63913 244.8
36.677 -6.62911 244.661
36.6786 -6.63188 244.676
36.6804 -6.64803 244.67
36.6669 -6.63555 244.564
36.6632 -6.63089 244.541
36.6788 -6.64259 244.676
36.6728 -6.64572 244.598
36.69 -6.65708 244.748
36.7096 -6.67037 244.926
36.666 -6.64397 244.571
36.6728 -6.64582 244.625
36.6831 -6.6502 244.723
36.6775 -6.64169 244.698
36.6723 -6.64017 244.624
36.6894 -6.63956 244.77
36.6916 -6.63947 244.795
36.7034 -6.6485 244.907
36.6722 -6.63992 244.593
36.6603 -6.64158 244.523
36.6753 -6.6409 244.668
36.6879 -6.64457 244.769
36.7004 -6.64453 244.884
36.6989 -6.6474 244.881
36.7033 -6.63756 244.894
36.6879 -6.64728 244.766
36.6894 -6.64456 244.751
36.7023 -6.64687 244.852
36.7016 -6.64153 244.884
36.6924 -6.63378 244.802
36.704 -6.63995 244.906
36.7054 -6.64591 244.961
36.6919 -6.64299 244.8
36.6953 -6.64571 244.795
36.6927 -6.64067 244.813
36.6917 -6.64208 244.815
36.6981 -6.63936 244.841
36.7019 -6.64141 244.871
36.6797 -6.63783 244.682
36.6543 -6.63336 244.452
36.6529 -6.63487 244.431
36.6686 -6.64757 244.562
36.6718 -6.63751 244.615
36.686 -6.6312 244.748
36.6787 -6.63869 244.678
36.693 -6.64854 244.826
36.7123 -6.64336 244.96
36.6913 -6.64318 244.822
36.693 -6.63966 244.818
36.6878 -6.64145 244.731
36.7022 -6.65533 244.872
36.691 -6.66139 244.78
36.7049 -6.65516 244.898
36.6952 -6.65677 244.801
36.6932 -6.64364 244.815
36.6897 -6.64181 244.751
36.6964 -6.64645 244.84
36.6764 -6.63469 244.684
36.6681 -6.64364 244.563
36.7099 -6.64714 244.932
36.7051 -6.6488 244.922
36.7162 -6.64759 245.041
36.7066 -6.64098 244.935
36.7082 -6.65034 244.983
36.6997 -6.64623 244.906
36.6949 -6.64444 244.832
36.6759 -6.6447 244.673
36.6801 -6.6565 244.723
36.6805 -6.64455 244.714
36.6708 -6.63887 244.602
36.6506 -6.64392 244.439
36.6773 -6.64367 244.64
36.6734 -6.64816 244.609
36.6649 -6.64909 244.537
36.6605 -6.64137 244.513
36.6648 -6.637 244.555
36.7011 -6.64335 244.843
36.6793 -6.62646 244.648
36.6916 -6.60029 244.732
36.6742 -6.47617 244.614
36.6626 -6.45468 244.486
36.653 -6.43514 244.397
36.6653 -6.41223 244.52
36.6937 -6.38821 244.786
36.6981 -6.3086 244.812
36.7235 -6.27153 245.047
36.7028 -6.22216 244.858
36.6859 -6.20279 244.714
36.6843 -6.17988 244.709
36.6873 -6.16153 244.695
36.6872 -6.16899 244.742
36.6715 -6.17148 244.64
36.7005 -6.16268 244.853
36.6962 -6.13981 244.778
36.6831 -6.10412 244.683
36.6977 -6.03083 244.845
36.686 -6.00953 244.728
36.7012 -5.9869 244.882
36.6892 -5.94948 244.737
36.6894 -5.91228 244.71
36.6749 -5.80361 244.59
36.6856 -5.71996 244.711
36.6747 -5.7058 244.579
36.6624 -5.68495 244.45
36.6986 -5.64607 244.837
36.6831 -5.51445 244.674
36.6713 -5.45757 244.564
36.686 -5.32902 244.732
36.6753 -5.21426 244.612
36.6771 -5.19008 244.665
36.6824 -5.1243 244.692
36.691 -5.09647 244.754
36.6918 -5.0348 244.76
36.7098 -4.89321 244.927
36.7047 -4.83385 244.881
36.6968 -4.70804 244.783
36.7122 -4.62792 244.952
36.7025 -4.57328 244.9
36.7177 -4.52037 245.008
36.692 -4.44814 244.738
36.72 -4.37172 245.005
36.7204 -4.12174 245.008
36.7217 -3.88392 245.028
36.7387 -3.81199 245.16
36.7104 -3.70917 244.916
36.7156 -3.5485 244.96
36.7138 -3.47724 244.975
36.7371 -3.35242 245.185
36.7436 -3.31053 245.238
36.7219 -3.27617 245.015
36.7275 -3.21632 245.049
36.6929 -3.15708 244.757
36.7064 -3.0684 244.881
36.7078 -2.9749 244.923
36.7082 -2.92927 244.886
36.7104 -2.8751 244.935
36.7114 -2.83649 244.949
36.7274 -2.6945 245.063
36.6988 -2.61296 244.788
36.7065 -2.40455 244.882
36.7237 -2.34051 244.985
36.7485 -2.18463 245.212
36.735 -2.08944 245.124
36.7459 -1.94213 245.291
36.7421 -1.86236 245.228
36.7313 -1.75277 245.123
36.7455 -1.71684 245.241
36.7457 -1.63973 245.26
36.7385 -1.58775 245.21
36.7691 -1.43115 245.466
36.7483 -1.3298 245.272
36.7658 -1.23201 245.415
36.7456 -1.19209 245.241
36.7404 -1.13114 245.18
36.7677 -0.986826 245.425
36.7693 -0.825668 245.46
36.7811 -0.744747 245.482
36.7442 -0.696896 245.168
36.7353 -0.545959 245.139
36.7431 -0.496775 245.195
36.7596 -0.397661 245.357
36.7488 -0.345448 245.239
36.7673 -0.286674 245.37
36.7809 -0.169174 245.533
36.8007 -0.0411301 245.698
36.769 0.0452461 245.419
36.7993 0.0921288 245.713
36.7745 0.230129 245.506
36.7853 0.444126 245.572
36.7878 0.549097 245.606
36.7892 0.659817 245.616
36.7917 0.829678 245.657
36.7975 0.888186 245.701
36.788 0.996628 245.611
36.8026 1.20031 245.699
36.8048 1.31341 245.687
36.8017 1.50685 245.69
36.7789 1.59866 245.538
36.8011 1.6449 245.696
36.7835 1.7743 245.534
36.8154 1.93289 245.833
36.8329 2.01375 246.004
36.8165 2.08412 245.832
36.801 2.15536 245.695
36.7831 2.2036 245.544
36.7824 2.24208 245.547
36.8026 2.31889 245.701
36.7729 2.35295 245.478
36.8042 2.38182 245.701
36.8134 2.4053 245.806
36.812 2.45181 245.769
36.8334 2.50938 246.004
36.8289 2.54645 245.931
36.8202 2.63794 245.869
36.8113 2.70634 245.788
36.8082 2.79821 245.74
36.7977 2.87679 245.687
36.8102 2.90053 245.791
36.8052 2.97539 245.728
36.8183 3.09353 245.823
36.797 3.1568 245.664
36.827 3.22421 245.911
36.8248 3.31311 245.885
36.8022 3.3972 245.69
36.8145 3.41542 245.821
36.8127 3.46143 245.805
36.7999 3.48856 245.668
36.7938 3.51863 245.585
36.8067 3.59722 245.713
36.8366 3.64425 246.028
36.8369 3.6974 246.011
36.8473 3.72237 246.065
36.8326 3.74707 245.946
36.8268 3.77747 245.918
36.8335 3.82135 245.978
36.8291 3.84313 245.948
36.818 3.84328 245.87
36.8402 3.88308 246.099
36.8369 3.89348 246.015
36.8347 3.89489 245.98
36.8304 3.91504 245.929
36.8003 3.91087 245.643
36.8056 3.91879 245.706
36.8168 3.9288 245.79
36.7991 3.93304 245.633
36.8331 3.92933 245.925
36.8091 3.92343 245.717
36.7925 3.91809 245.584
36.8324 3.93186 245.931
36.8472 3.93892 246.098
36.8333 3.93038 245.949
36.8145 3.92595 245.762
36.816 3.92912 245.783
36.8111 3.92299 245.722
36.8179 3.93366 245.796
36.8207 3.91759 245.828
36.8243 3.92257 245.826
36.8393 3.92838 245.943
36.8126 3.93184 245.737
36.816 3.92914 245.739
36.8163 3.9306 245.735
36.818 3.92053 245.753
36.8215 3.92079 245.789
36.8397 3.92976 245.963
36.839 3.93944 245.972
36.8161 3.93017 245.727
36.8132 3.92762 245.683
36.8036 3.92339 245.576
36.8074 3.92812 245.644
36.8228 3.92556 245.794
36.8177 3.92469 245.745
36.8236 3.9268 245.85
36.8175 3.92771 245.723
36.8467 3.92782 245.987
36.8366 3.94036 245.908
36.833 3.94192 245.889
36.8155 3.92876 245.757
36.8215 3.91798 245.822
36.8197 3.92525 245.768
36.8295 3.91862 245.833
36.8224 3.91845 245.805
36.7873 3.92924 245.491
36.811 3.9279 245.686
36.8164 3.92412 245.72
36.8213 3.92531 245.794
36.8479 3.93086 246.039
36.8357 3.92818 245.92
36.8215 3.92099 245.801
36.8125 3.92201 245.723
36.8237 3.91818 245.818
36.8243 3.9196 245.842
36.8255 3.91529 245.864
36.8281 3.91687 245.878
36.8428 3.92147 246.037
36.8327 3.9119 245.965
36.8221 3.90522 245.868
36.8327 3.91239 245.963
36.8227 3.91077 245.84
36.824 3.91169 245.878
36.8447 3.91616 246.07
36.8299 3.91756 245.939
36.8474 3.92012 246.088
36.8485 3.93003 246.092
36.8528 3.93764 246.15
36.8621 3.92487 246.199
36.8554 3.92406 246.073
36.8403 3.92113 246.011
36.8368 3.92483 245.997
36.8405 3.92371 246.01
36.8506 3.92267 246.104
36.8854 3.92176 246.344
36.8987 3.92656 246.373
36.9405 3.91633 246.463
37.0443 3.91029 246.917
37.0623 3.89561 246.751
37.0603 3.89828 246.327
37.1149 3.88348 246.112
37.3683 3.89547 247.671
37.2916 3.87424 246.984
37.2041 3.87147 246.363
37.2523 3.87722 246.883
37.233 3.87652 246.702
37.2756 3.88485 246.94
37.2069 3.86465 246.414
37.0261 3.88139 245.212
36.6161 3.85646 243.639
36.8772 3.9212 246.368
36.8981 3.90899 246.471
36.9009 3.90544 246.379
36.8781 3.89532 246.121
36.8697 3.90139 246.069
36.8623 3.9103 245.987
36.8625 3.9079 246.022
36.8379 3.90281 245.794
36.8222 3.91262 245.683
36.8072 3.90969 245.606
36.8308 3.91511 245.771
36.8177 3.92459 245.651
36.8335 3.91878 245.752
36.8508 3.91426 245.899
36.8371 3.91916 245.808
36.8241 3.90717 245.756
36.8362 3.91208 245.788
36.8315 3.9103 245.732
36.8363 3.91044 245.84
36.8363 3.91068 245.845
36.8315 3.9042 245.804
36.8222 3.90064 245.709
36.8268 3.90384 245.73
36.8284 3.8982 245.762
36.8335 3.89902 245.818
36.8306 3.89948 245.81
36.8297 3.90659 245.77
36.8331 3.91265 245.781
36.8367 3.90898 245.847
36.8531 3.90911 246.013
36.8584 3.90278 246.045
36.8552 3.90421 246.031
36.8476 3.90707 245.951
36.8285 3.90675 245.749
36.8574 3.91145 246.013
36.8614 3.9059 246.042
36.8481 3.90453 245.951
36.8622 3.89945 246.074
36.8434 3.90547 245.891
36.8521 3.91212 245.956
36.873 3.91498 246.157
36.8922 3.90613 246.368
36.8662 3.90619 246.112
36.8529 3.89414 245.992
36.8637 3.89844 246.074
36.8372 3.89291 245.843
36.8418 3.88951 245.891
36.8514 3.88933 245.968
36.853 3.89686 245.994
36.8477 3.89818 245.927
36.8389 3.89783 245.858
36.8208 3.89536 245.711
36.8237 3.90017 245.753
36.8428 3.90097 245.922
36.8354 3.89475 245.844
36.8345 3.89671 245.849
36.8414 3.89956 245.904
36.8538 3.91565 246.032
36.8788 3.91625 246.237
36.873 3.91684 246.178
36.8707 3.91422 246.186
36.884 3.90463 246.342
36.8698 3.89964 246.203
36.8584 3.89963 246.119
36.8637 3.9068 246.142
36.8525 3.90679 246.042
36.8517 3.90486 246.044
36.8549 3.90425 246.103
36.8441 3.89953 245.965
36.8361 3.89771 245.883
36.8305 3.89307 245.887
36.8334 3.88969 245.922
36.8507 3.89188 246.034
36.8889 3.89358 246.364
36.8851 3.90127 246.363
36.877 3.90147 246.274
36.8642 3.90725 246.19
36.8486 3.91089 246.071
36.8615 3.91312 246.152
36.8595 3.90755 246.111
36.8706 3.90957 246.22
36.87 3.90608 246.194
36.8611 3.89835 246.088
36.8557 3.89551 246.029
36.857 3.91134 246.076
36.8687 3.90749 246.171
36.8561 3.89067 246.032
36.8774 3.8949 246.259
36.8874 3.90587 246.334
36.9112 3.91263 246.565
36.8942 3.89168 246.381
36.8825 3.89712 246.32
36.863 3.90079 246.091
36.8728 3.90038 246.163
36.8625 3.9045 246.05
36.8866 3.90279 246.268
36.8578 3.90595 246.003
36.8485 3.90481 245.91
36.8555 3.91097 245.977
36.8569 3.91533 246.017
36.8605 3.92519 245.994
36.8602 3.91668 245.993
36.8451 3.90856 245.864
36.8548 3.90897 245.93
36.8294 3.91631 245.704
36.8419 3.91225 245.853
36.8458 3.91503 245.852
36.8544 3.91568 245.918
36.8397 3.91854 245.808
36.8585 3.91685 245.987
36.8578 3.91671 245.945
36.8408 3.91574 245.784
36.8113 3.90835 245.565
36.8247 3.9189 245.76
36.8366 3.91177 245.776
36.8261 3.91425 245.722
36.822 3.91446 245.641
36.8041 3.90918 245.472
36.8153 3.90369 245.569
36.8317 3.90326 245.708
36.8305 3.90594 245.67
36.8271 3.90831 245.659
36.8354 3.91212 245.769
36.8175 3.90518 245.646
36.8196 3.91525 245.634
36.8364 3.92466 245.775
36.8386 3.91852 245.8
36.8353 3.91564 245.751
36.8307 3.91266 245.724
36.8227 3.91555 245.668
36.8222 3.90646 245.653
36.828 3.91416 245.697
36.823 3.90781 245.669
36.8276 3.90233 245.706
36.8217 3.90362 245.649
36.8424 3.9171 245.836
36.8386 3.92114 245.798
36.8563 3.92596 245.943
36.8389 3.91782 245.787
36.8362 3.90631 245.775
36.8531 3.92873 245.951
36.8451 3.91078 245.852
36.8428 3.91492 245.832
36.831 3.91762 245.732
36.8399 3.91264 245.807
36.8335 3.91594 245.767
36.8357 3.90904 245.76
36.8409 3.90514 245.799
36.8422 3.90171 245.825
36.8521 3.90351 245.923
36.8446 3.90575 245.834
36.8351 3.91591 245.737
36.8498 3.91503 245.882
36.8511 3.90747 245.903
36.8356 3.9093 245.768
36.8381 3.9134 245.757
36.8392 3.90587 245.778
36.8198 3.90096 245.611
36.837 3.90902 245.75
36.8619 3.9082 245.979
36.8565 3.90406 245.935
36.8483 3.90975 245.863
36.8411 3.89198 245.797
36.8262 3.89841 245.611
36.8281 3.90323 245.657
36.8411 3.90237 245.8
36.8308 3.91591 245.712
36.8321 3.90182 245.713
36.845 3.91514 245.831
36.8359 3.91431 245.742
36.8315 3.90879 245.701
36.8188 3.9178 245.581
36.8498 3.94247 245.913
36.8173 4.05371 245.628
36.8246 4.07635 245.647
36.8366 4.10402 245.713
36.8525 4.14451 245.879
36.8412 4.18751 245.803
36.8175 4.24038 245.554
36.8389 4.24029 245.749
36.8255 4.23861 245.666
36.8291 4.24796 245.683
36.8271 4.27421 245.665
36.835 4.29802 245.737
36.8393 4.33049 245.779
36.8438 4.35093 245.828
36.8388 4.35239 245.754
36.8384 4.3584 245.809
36.8231 4.37025 245.645
36.852 4.38005 245.874
36.8495 4.37965 245.867
36.8678 4.38785 246.047
36.862 4.41171 245.989
36.8671 4.44699 246.052
36.8492 4.49167 245.866
36.8266 4.51872 245.669
36.8421 4.53469 245.818
36.8295 4.54012 245.702
36.8399 4.55218 245.794
36.8758 4.56108 246.115
36.8387 4.56493 245.803
36.8534 4.57825 245.921
36.821 4.61628 245.616
36.8418 4.63923 245.797
36.8453 4.69291 245.813
36.8549 4.72342 245.874
36.8586 4.76666 245.959
36.8496 4.81239 245.895
36.8565 4.87682 245.959
36.8501 4.92963 245.834
36.8488 4.95657 245.796
36.8713 4.99163 246.05
36.8715 5.08273 246.049
36.8976 5.12065 246.263
36.8464 5.27164 245.763
36.8852 5.37201 246.078
36.8785 5.43246 246.065
36.8659 5.57952 246.006
36.888 5.71904 246.168
36.8832 5.77081 246.122
36.8974 5.85089 246.284
36.862 5.92097 245.948
36.8539 5.99907 245.875
36.8483 6.16605 245.814
36.8565 6.33046 245.884
36.8803 6.46979 246.087
36.88 6.5302 246.045
36.8878 6.65472 246.136
36.8772 6.71013 246.047
36.8855 6.78975 246.141
36.8914 6.87028 246.179
36.8614 6.90525 245.93
36.865 6.95954 245.933
36.8613 6.97882 245.9
36.8729 7.0309 245.99
36.8684 7.07402 245.933
36.886 7.15628 246.08
36.9426 7.29996 246.603
36.9123 7.32618 246.305
36.8848 7.4011 246.064
36.8855 7.48047 246.042
36.8731 7.74788 245.97
36.8775 8.00373 245.991
36.8952 8.13225 246.175
36.9111 8.41635 246.257
36.8856 8.5574 246.067
36.9016 8.83177 246.204
36.904 8.89804 246.24
36.9149 9.00922 246.318
36.9178 9.03504 246.37
36.9205 9.07393 246.408
36.9274 9.09345 246.453
36.9251 9.09628 246.452
36.9189 9.11106 246.399
36.9212 9.12316 246.426
36.9409 9.17316 246.56
36.9446 9.24468 246.586
36.9266 9.32079 246.43
36.925 9.41758 246.406
36.9345 9.54166 246.466
36.9123 9.61213 246.255
36.9375 9.67327 246.514
36.9509 9.73748 246.629
36.9042 9.79661 246.216
36.9287 9.84714 246.45
36.9495 9.87746 246.675
36.9343 9.96342 246.5
36.9435 10.04 246.562
36.942 10.0867 246.574
36.9301 10.1178 246.512
36.9429 10.136 246.554
36.9433 10.177 246.554
36.9187 10.2588 246.34
36.9435 10.3362 246.551
36.9458 10.4151 246.575
36.9624 10.5552 246.749
36.9701 10.658 246.782
36.9401 10.7367 246.527
36.9663 10.797 246.749
36.9359 10.8726 246.441
36.9549 10.9038 246.622
36.9164 10.9624 246.285
36.9336 11.0306 246.438
36.9494 11.2247 246.531
36.9657 11.3605 246.715
37.0124 11.6225 247.107
36.9865 11.6853 246.882
37.0031 11.8552 247.022
36.9902 11.954 246.947
36.999 12.0642 247.028
36.9865 12.0793 246.896
36.9763 12.0984 246.798
36.9736 12.1471 246.799
36.9561 12.1807 246.668
36.9754 12.2242 246.801
37.0007 12.2958 247.016
36.9522 12.3232 246.627
36.9525 12.4467 246.606
36.9816 12.669 246.833
36.9971 12.8917 247.017
36.9989 12.944 246.994
37.0005 13.0663 247.009
37.0059 13.1211 247.055
36.9596 13.2424 246.676
36.9929 13.3233 246.971
36.9922 13.3635 246.94
36.9813 13.3539 246.823
36.9747 13.3448 246.785
36.9768 13.344 246.76
36.9681 13.3428 246.692
36.976 13.361 246.761
36.9828 13.3743 246.809
36.9995 13.4328 246.949
37.0046 13.4576 246.969
36.9928 13.4761 246.898
36.9984 13.499 246.993
36.9754 13.5593 246.697
37.0075 13.6524 246.99
36.9959 13.6711 246.889
36.9916 13.6922 246.864
36.9789 13.6982 246.746
36.9763 13.7143 246.706
37.0037 13.7506 246.964
37.0323 13.8203 247.225
37.0321 13.844 247.199
37.0244 13.8769 247.151
37.0193 13.8935 247.093
37.0199 13.8992 247.076
37.0089 13.9071 246.971
37.0009 13.9185 246.932
37.0209 13.93 247.074
36.9831 13.9103 246.786
37.0179 13.9302 247.063
37.0151 13.9371 247.091
37.006 13.9383 247.011
36.9903 13.9411 246.862
37.0112 13.9529 247.066
37.0116 13.953 247.075
36.9971 13.9469 246.958
36.985 13.9382 246.848
36.999 13.9336 246.943
37.0111 13.9368 247.052
36.9928 13.9335 246.916
36.9685 13.924 246.745
37.0014 13.9466 246.984
37.0046 13.9281 246.987
37.0006 13.932 246.95
36.9992 13.9358 246.929
37.0092 13.9453 247.022
36.995 13.9407 246.898
36.9931 13.9401 246.863
37.0049 13.954 246.969
36.9994 13.9491 246.941
36.9962 13.9434 246.931
36.9942 13.949 246.885
37.0098 13.9579 247.047
37.0096 13.9475 247.055
36.9766 13.9454 246.751
36.9839 13.9492 246.818
36.995 13.9482 246.915
37.0079 13.9512 247.029
37.0253 13.9608 247.201
37.0164 13.9542 247.1
37.017 13.9506 247.067
37.008 13.9464 247.007
37.0149 13.9555 247.064
37.0169 13.9484 247.107
37.0197 13.9451 247.124
37.0042 13.9437 246.992
36.9883 13.9412 246.856
37.0163 13.9581 247.118
37.0082 13.9516 247.034
36.9988 13.9461 246.956
36.9987 13.9443 246.936
37.0179 13.9651 247.135
36.9929 13.9439 246.925
36.9932 13.934 246.93
36.9998 13.9444 247.007
37.0062 13.9471 247.042
37.0126 13.9494 247.154
37.0091 13.9455 247.127
37.0206 13.935 247.225
37.0101 13.9464 247.156
37.0072 13.9461 247.129
37.0036 13.937 247.099
37.0162 13.9412 247.202
37.0144 13.9369 247.184
37.0142 13.9349 247.203
37.0365 13.9398 247.372
37.0412 13.9441 247.403
37.0458 13.9442 247.49
37.0193 13.9318 247.277
37.0315 13.9388 247.361
37.0335 13.9357 247.376
37.0032 13.923 247.151
37.0189 13.9245 247.281
37.0219 13.9282 247.273
37.0417 13.9342 247.428
37.0373 13.9353 247.393
37.0315 13.9341 247.354
37.0206 13.9335 247.269
37.0092 13.9403 247.172
37.0368 13.9478 247.385
37.0532 13.966 247.525
37.0356 13.9518 247.385
37.0303 13.9443 247.354
37.0325 13.9448 247.352
37.0384 13.9417 247.422
37.0354 13.943 247.355
37.0355 13.9409 247.348
37.0388 13.9412 247.392
37.0238 13.9403 247.249
37.0095 13.94 247.129
37.0058 13.9373 247.097
37.0307 13.9516 247.325
37.0178 13.945 247.221
37.0093 13.9411 247.132
37.0077 13.9436 247.128
37.02 13.9407 247.206
37.0242 13.9378 247.228
37.0259 13.9459 247.23
37.0112 13.9349 247.08
37.027 13.9452 247.262
37.0209 13.9381 247.211
37.0275 13.9455 247.213
37.0103 13.9639 247.107
37.0082 13.9536 247.098
37.0071 13.9565 247.052
37.0152 13.9586 247.133
37.0244 13.9476 247.204
36.9936 13.9422 246.939
36.9779 13.9369 246.83
36.9956 13.9459 247.005
37.0078 13.9432 247.072
37.0295 13.9555 247.247
37.0171 13.9551 247.168
36.9959 13.9498 246.965
37.0197 13.9443 247.154
37.0214 13.9442 247.147
37.0283 13.9392 247.216
37.0198 13.9473 247.171
37.0009 13.9436 247.014
37.0105 13.9533 247.12
37.0267 13.9602 247.252
37.0155 13.9548 247.145
36.987 13.9354 246.915
37.0072 13.949 247.057
37.0189 13.9444 247.144
37.0053 13.9378 247.058
37.0033 13.9382 247.016
37.0144 13.9436 247.152
37.0147 13.9453 247.168
37.0262 13.9513 247.248
37.0232 13.9502 247.235
37.0207 13.9537 247.176
37.0193 13.9508 247.138
37.0303 13.9585 247.263
37.0226 13.9495 247.208
37.039 13.9568 247.341
37.0505 13.9743 247.433
37.0442 13.9558 247.385
37.0074 13.9409 247.079
37.0079 13.937 247.077
37.0128 13.9264 247.096
37.0204 13.9403 247.184
37.0188 13.9398 247.174
37.0203 13.9421 247.17
37.0302 13.9514 247.266
37.0249 13.947 247.254
37.0386 13.947 247.391
37.023 13.9409 247.223
37.0325 13.9456 247.291
37.0238 13.9419 247.219
37.0418 13.9634 247.426
37.0331 13.9515 247.302
37.017 13.9423 247.164
37.0212 13.9465 247.202
36.9987 13.935 246.994
37.004 13.9335 247.072
37.0036 13.9378 247.078
36.9924 13.925 246.952
37.0033 13.9256 247.007
37.0003 13.9418 247.01
37.009 13.9443 247.079
36.9958 13.9366 246.965
37.0072 13.9291 247.06
36.9963 13.9424 246.961
37.0196 13.9537 247.157
37.015 13.943 247.109
37.024 13.9453 247.192
37.0274 13.9447 247.256
37.021 13.9447 247.221
37.0368 13.9609 247.373
37.0174 13.9476 247.167
37.024 13.9542 247.208
36.9967 13.9414 246.956
37.0059 13.9357 247.05
36.9887 13.9248 246.894
37.0191 13.9442 247.158
37.026 13.9551 247.214
37.0223 13.9554 247.19
37.0444 13.9609 247.382
37.0297 13.9451 247.229
37.0067 13.9323 246.996
37.0274 13.9464 247.199
37.0225 13.9463 247.216
37.023 13.9409 247.181
37.019 13.9277 247.167
37.0327 13.939 247.291
37.0358 13.9447 247.331
37.0407 13.9518 247.393
37.0267 13.946 247.285
37.0391 13.9556 247.36
37.0304 13.93 247.285
37.0163 13.9224 247.158
37.0065 13.9196 247.066
36.9919 13.9222 246.948
36.9806 13.9282 246.84
36.9958 13.9404 246.988
37.006 13.936 247.071
37.0254 13.9458 247.216
37.0244 13.9389 247.205
37.027 13.9362 247.281
37.0084 13.928 247.143
37.0264 13.9451 247.256
37.0402 13.9612 247.366
37.0331 13.9421 247.318
37.0112 13.9395 247.116
37.0116 13.9391 247.154
37.0244 13.946 247.28
37.0311 13.952 247.335
37.0261 13.9507 247.296
37.0272 13.9557 247.286
37.0324 13.9542 247.337
37.0136 13.9453 247.213
37.0264 13.9517 247.338
37.0382 13.9536 247.388
37.0222 13.9414 247.21
37.022 13.9397 247.276
37.0336 13.9437 247.356
37.04 13.9518 247.39
37.0165 13.9406 247.238
37.0274 13.9445 247.276
37.028 13.9472 247.277
37 13.9266 247.046
37.0149 13.9281 247.172
37.0273 13.9415 247.299
37.0201 13.9426 247.267
37.024 13.9416 247.282
37.0133 13.9312 247.167
37.0237 13.9412 247.296
37.0192 13.9349 247.263
37.0266 13.9421 247.346
37.0321 13.9379 247.381
37.0249 13.9406 247.356
37.0166 13.9397 247.32
37.0239 13.9349 247.346
37.0619 13.9539 247.693
37.0507 13.9499 247.583
37.0494 13.9584 247.599
37.0412 13.9432 247.525
37.0128 13.9265 247.252
37.049 13.9479 247.553
37.0429 13.9524 247.545
37.0686 13.9597 247.739
37.0977 13.9679 248.001
37.059 13.9492 247.673
37.0375 13.9369 247.511
37.0624 13.9529 247.746
37.0324 13.9353 247.448
37.0355 13.9398 247.468
37.0421 13.9434 247.522
37.0501 13.9508 247.56
37.0312 13.947 247.428
37.032 13.944 247.441
37.0444 13.9557 247.525
37.0373 13.95 247.456
37.0416 13.9522 247.496
37.0402 13.9471 247.49
37.0459 13.9364 247.54
37.0353 13.9336 247.398
37.0557 13.9568 247.604
37.0512 13.9467 247.56
37.0337 13.9354 247.45
37.044 13.9469 247.503
37.0556 13.9584 247.579
37.0604 13.9668 247.635
37.0585 13.9585 247.598
37.0437 13.9514 247.482
37.021 13.9406 247.284
37.0528 13.9591 247.519
37.0194 13.9469 247.274
37.0225 13.9427 247.297
37.0242 13.9328 247.302
37.0315 13.9549 247.349
37.048 13.9589 247.491
37.0285 13.9555 247.284
37.0125 13.9357 247.152
37.0113 13.937 247.129
37.0206 13.952 247.196
37.0089 13.9544 247.1
37.0198 13.9506 247.218
37.0343 13.9631 247.298
37.0485 13.9616 247.386
37.0388 13.9613 247.309
37.0366 13.9564 247.3
37.0185 13.9527 247.12
37.0109 13.9542 247.082
37.0116 13.9487 247.055
37.0146 13.9593 247.112
37.0055 13.9498 247.013
36.9875 13.9442 246.81
37.0081 13.9492 247.016
37.0261 13.951 247.185
37.015 13.9496 247.079
37.0273 13.9523 247.172
37.0229 13.9464 247.12
37.0008 13.9592 246.976
36.9961 13.9566 246.925
36.9965 13.949 246.914
36.9882 13.9459 246.855
36.9775 13.9422 246.8
37.0157 13.9641 247.091
37.0083 13.9659 247.049
37.0003 13.963 246.967
36.9957 13.9498 246.925
37.0027 13.9509 246.975
37.0253 13.9524 247.158
37.0383 14.037 247.244
36.9973 14.1626 246.896
37.0145 14.2002 247.03
36.9946 14.2051 246.893
37.0115 14.2532 247.014
37.0196 14.3009 247.093
37.0033 14.2938 246.953
36.9944 14.3223 246.89
36.9876 14.3153 246.813
36.9857 14.3034 246.793
36.976 14.3027 246.73
36.9829 14.3118 246.802
37.0042 14.3172 246.97
36.9957 14.3063 246.883
36.9873 14.3093 246.832
36.9966 14.3202 246.926
36.9875 14.3158 246.846
36.9831 14.3267 246.806
37.0025 14.3216 246.977
36.9958 14.3094 246.922
36.9982 14.3241 246.949
36.974 14.3274 246.744
36.9809 14.364 246.787
37.0006 14.3999 246.969
37.0134 14.432 247.05
37.0135 14.4578 247.067
37.0131 14.4856 247.072
37.0312 14.5265 247.217
37.0254 14.5584 247.17
37.0243 14.6055 247.158
37.0126 14.6263 247.053
37.0284 14.6375 247.155
37.0174 14.6708 247.083
37.019 14.7021 247.097
37.0037 14.7529 246.971
37.0075 14.8107 246.987
37.0022 14.8664 246.913
37.0204 15.0366 247.115
37.014 15.1377 247.037
36.9908 15.2678 246.852
37.0111 15.4069 246.979
37.0426 15.6283 247.288
37.0227 15.7015 247.115
37.0238 15.7848 247.111
37.0264 15.8411 247.133
37.0522 15.9332 247.35
37.03 16.0519 247.17
37.0356 16.1125 247.244
37.0388 16.1422 247.243
37.0509 16.1641 247.34
37.0449 16.1766 247.297
37.0443 16.2224 247.318
37.0425 16.2519 247.297
37.0429 16.2811 247.29
37.0512 16.3146 247.321
37.0153 16.3578 247.041
37.0407 16.4936 247.259
37.0528 16.599 247.369
37.047 16.8229 247.281
37.0597 16.8873 247.376
37.0741 17.0651 247.474
37.0516 17.1231 247.322
37.0551 17.2236 247.391
37.0735 17.4687 247.483
37.0593 17.6148 247.381
37.0757 17.6447 247.505
37.0834 17.6916 247.544
37.0885 17.7388 247.61
37.0671 17.7355 247.408
37.0546 17.7375 247.306
37.0628 17.7535 247.411
37.0632 17.773 247.444
37.0636 17.7901 247.431
37.063 17.8094 247.431
37.0873 17.8914 247.573
37.0687 18.0252 247.401
37.0605 18.1297 247.346
37.0702 18.2371 247.422
37.0805 18.3412 247.479
37.0836 18.5502 247.515
37.1013 18.6745 247.669
37.0997 18.9278 247.694
37.0898 19.0903 247.581
37.0877 19.362 247.546
37.1073 19.4442 247.7
37.1189 19.602 247.808
37.1158 19.6481 247.777
37.1152 19.794 247.775
37.1168 19.8832 247.798
37.1203 19.9806 247.838
37.1106 20.127 247.74
37.1307 20.1884 247.942
37.1363 20.2791 247.949
37.0892 20.3882 247.525
37.1278 20.5169 247.887
37.143 20.6607 248.013
37.1444 20.7687 247.987
37.1395 20.8479 247.963
37.1304 21.0703 247.925
37.1379 21.1988 247.982
37.1613 21.3261 248.123
37.1086 21.5111 247.667
37.1611 21.632 248.131
37.1511 21.7597 248.034
37.1477 21.8156 248.042
37.1557 21.8771 248.103
37.1604 21.9112 248.131
37.192 22.0513 248.408
37.1736 22.1136 248.269
37.1605 22.1338 248.144
37.1608 22.1882 248.195
37.1865 22.2256 248.452
37.2167 22.3244 248.756
37.211 22.4701 248.879
37.234 22.5572 249.131
37.2524 22.6561 249.381
37.2373 22.6799 249.319
