42.0014 -20.9954 336.946
41.969 -20.9689 336.653
41.9564 -20.9542 336.549
41.9853 -20.9773 336.877
41.9673 -20.9775 336.682
41.9711 -20.963 336.757
41.9548 -20.9493 336.568
41.9458 -20.9562 336.449
41.9724 -20.9755 336.675
42.0026 -20.968 336.916
41.9778 -20.9621 336.714
41.9779 -20.9786 336.757
42.0069 -20.9949 336.988
42.0176 -20.9978 337.042
41.9763 -20.9723 336.712
41.9839 -20.9677 336.772
41.9605 -20.956 336.571
42.0043 -20.9845 336.976
42.0204 -20.9928 337.089
41.9932 -20.979 336.841
42.0253 -20.9941 337.154
41.9578 -20.9726 336.551
41.9638 -20.9732 336.644
42.019 -21.0049 337.183
42.0038 -20.9941 336.979
41.9733 -20.9771 336.69
41.9693 -20.9693 336.664
41.936 -20.9572 336.305
41.9456 -20.9524 336.417
41.9425 -20.9609 336.383
41.9404 -20.9514 336.414
41.9605 -20.9463 336.557
41.957 -20.9604 336.568
41.976 -20.9662 336.708
41.9993 -20.9795 336.925
42.0048 -20.987 337.011
41.9568 -20.9522 336.496
41.985 -20.9658 336.755
41.9865 -20.9652 336.813
41.9874 -20.9809 336.808
41.9539 -20.9779 336.505
41.9629 -20.9659 336.591
41.9693 -20.9667 336.631
41.9933 -20.984 336.794
41.9753 -20.9745 336.674
42.0002 -20.9794 336.931
42.0079 -20.9835 336.998
41.9832 -20.9639 336.827
41.9689 -20.96 336.647
41.9542 -20.9536 336.477
41.9788 -20.9749 336.733
41.9912 -20.9838 336.868
42.0157 -20.9836 337.059
42.0034 -20.9775 337.002
41.9768 -20.9801 336.767
41.9882 -20.9903 336.908
41.984 -20.982 336.833
41.9625 -20.9714 336.619
41.9689 -20.9679 336.657
41.9784 -20.9743 336.781
41.9597 -20.9645 336.582
41.9388 -20.959 336.38
41.9544 -20.9709 336.535
41.958 -20.9702 336.555
41.9654 -20.9839 336.7
41.9446 -20.9671 336.437
41.9623 -20.9798 336.568
41.978 -20.9945 336.717
41.9733 -20.982 336.693
41.9692 -20.9819 336.632
41.9471 -20.9653 336.452
41.9418 -20.9649 336.372
41.9425 -20.9576 336.408
41.9938 -20.9892 336.865
41.9545 -20.9593 336.494
41.9696 -20.9748 336.629
41.9485 -20.9469 336.432
41.9571 -20.95 336.516
41.9623 -20.9734 336.53
41.9454 -20.9532 336.401
41.9502 -20.9641 336.5
42.011 -20.9953 337.02
41.9775 -20.98 336.693
41.9324 -20.9682 336.362
41.9521 -20.9691 336.503
42.0237 -21.0036 337.082
42.0027 -20.9977 336.943
42.0191 -21.0145 337.107
41.9997 -20.9975 336.946
41.9897 -20.9801 336.827
41.9669 -20.9895 336.68
41.9807 -20.9884 336.831
41.977 -20.9876 336.743
41.9466 -20.9645 336.373
41.969 -20.9848 336.695
41.9517 -20.9748 336.586
41.9816 -20.9907 336.794
41.9784 -20.9975 336.881
41.9989 -21.0029 337.013
42.0183 -21.0195 337.221
41.9797 -21.0096 336.971
41.9686 -21.0089 336.892
41.9762 -21.0138 336.952
41.9522 -21.008 336.741
41.9717 -21.0213 336.934
41.9421 -21.0113 336.69
41.9937 -21.0495 337.224
41.9748 -21.0446 337.019
41.9534 -21.0352 336.874
41.9376 -21.0286 336.767
41.9428 -21.0244 336.744
41.941 -21.0258 336.722
41.9614 -21.0291 336.891
42.0005 -21.05 337.249
41.9246 -21.0191 336.586
41.8922 -21.0075 336.29
41.9541 -21.0443 336.876
41.9919 -21.0662 337.256
41.9656 -21.057 337.029
41.9307 -21.0497 336.769
41.9357 -21.0564 336.83
41.9429 -21.0539 336.929
41.9232 -21.052 336.813
41.8973 -21.0446 336.656
41.9167 -21.0552 336.794
41.9191 -21.0689 336.802
41.9377 -21.0937 337.055
41.9584 -21.1159 337.277
41.9205 -21.1034 336.911
41.8911 -21.0952 336.744
41.8919 -21.1038 336.782
41.9055 -21.1209 336.987
41.89 -21.1197 336.884
41.867 -21.1249 336.7
41.8642 -21.1196 336.676
41.8738 -21.14 336.843
41.8595 -21.1329 336.795
41.8491 -21.1135 336.669
41.8568 -21.1319 336.728
41.9895 -21.2164 337.893
42.0254 -21.2533 338.28
42.0457 -21.2687 338.485
42.0472 -21.2661 338.522
41.9044 -21.1152 337.023
41.914 -21.1346 337.065
41.8875 -21.129 336.885
41.8748 -21.1261 336.776
41.8852 -21.1549 336.876
41.893 -21.1571 336.953
41.8738 -21.1532 336.858
41.8861 -21.1569 336.992
41.9127 -21.1773 337.258
41.9295 -21.1919 337.452
41.8994 -21.1846 337.24
41.8708 -21.1753 336.956
41.8802 -21.1699 337.074
41.8798 -21.1761 337.098
41.8867 -21.1927 337.176
41.8336 -21.159 336.677
41.8329 -21.1679 336.746
41.844 -21.1662 336.798
41.825 -21.1532 336.643
41.8537 -21.1925 336.946
41.8208 -21.1697 336.656
41.8391 -21.1762 336.802
41.8258 -21.1908 336.785
41.8149 -21.1834 336.636
41.8316 -21.1901 336.805
41.8286 -21.1851 336.776
41.8488 -21.2076 337.024
41.8707 -21.2183 337.176
41.9001 -21.2403 337.486
41.8666 -21.2176 337.187
41.875 -21.2341 337.266
41.8664 -21.2207 337.16
41.877 -21.2258 337.277
41.8609 -21.2299 337.118
41.8298 -21.2213 336.872
41.802 -21.1961 336.642
41.8383 -21.2299 336.999
41.8442 -21.2302 337.024
41.7997 -21.2182 336.657
41.8266 -21.2157 336.838
41.8763 -21.2259 337.226
41.8653 -21.2226 337.118
41.8965 -21.2548 337.411
41.8715 -21.2262 337.21
41.8503 -21.2089 337.011
41.8548 -21.2081 337.041
41.829 -21.2011 336.846
41.8494 -21.1996 337.029
41.8343 -21.1787 336.894
41.8144 -21.1766 336.685
41.7965 -21.1681 336.533
41.8333 -21.1788 336.814
41.8295 -21.1716 336.744
41.8409 -21.1793 336.82
41.8517 -21.175 336.91
41.8751 -21.1954 337.127
41.9198 -21.2017 337.423
41.9074 -21.1846 337.346
41.8947 -21.1784 337.228
41.9311 -21.1968 337.509
41.8919 -21.1646 337.159
41.8946 -21.1706 337.181
41.902 -21.1731 337.197
41.9236 -21.1693 337.347
41.9118 -21.1658 337.264
41.9294 -21.1821 337.375
41.9634 -21.2111 337.649
41.893 -21.1583 337.011
41.8826 -21.1419 336.953
41.9034 -21.1558 337.095
41.8737 -21.15 336.821
41.897 -21.1606 336.988
41.9039 -21.1583 337.035
41.8943 -21.1498 337.009
41.9349 -21.1764 337.382
41.8908 -21.14 336.953
41.9379 -21.1621 337.411
41.8901 -21.143 336.977
41.8849 -21.1333 336.888
41.8686 -21.1125 336.734
41.879 -21.1145 336.793
41.9007 -21.129 336.989
41.9202 -21.1482 337.162
41.9111 -21.1396 337.084
41.8892 -21.129 336.876
41.9026 -21.1193 336.991
41.8829 -21.104 336.846
41.8733 -21.1055 336.746
41.847 -21.0917 336.521
41.8378 -21.0759 336.419
41.8431 -21.0914 336.451
41.8699 -21.1008 336.655
41.9059 -21.1138 336.933
41.8796 -21.0864 336.696
41.8732 -21.0837 336.637
41.8802 -21.0961 336.651
41.9008 -21.1115 336.88
41.9232 -21.1217 337.088
41.9459 -21.122 337.266
41.9579 -21.1217 337.291
41.9444 -21.1098 337.182
41.9377 -21.1256 337.131
41.9415 -21.1187 337.198
41.9174 -21.0966 336.928
41.9085 -21.0863 336.872
41.9333 -21.0827 337.026
41.9415 -21.0952 337.106
41.9658 -21.0948 337.307
41.9847 -21.1095 337.488
41.9582 -21.0853 337.219
41.9552 -21.0734 337.162
41.9726 -21.0925 337.34
41.9529 -21.0833 337.145
41.9314 -21.0705 336.887
41.9323 -21.0626 336.973
41.9547 -21.0637 337.052
42.026 -21.0905 337.615
41.9665 -21.0613 337.128
41.9682 -21.0571 337.118
41.9448 -21.0475 336.884
41.9201 -21.0258 336.632
41.9441 -21.0407 336.819
41.9543 -21.051 336.895
41.9508 -21.0468 336.868
41.9411 -21.046 336.812
41.9255 -21.0257 336.656
41.9779 -21.0677 337.161
41.968 -21.0415 337.024
41.9798 -21.0409 337.113
41.9924 -21.0612 337.263
41.9678 -21.0499 337.019
41.9698 -21.0519 337.055
41.9481 -21.0349 336.829
41.9747 -21.03 337.081
41.952 -21.0214 336.858
41.9278 -21.0227 336.596
41.9612 -21.0389 336.947
41.9489 -21.0417 336.778
41.9933 -21.0564 337.225
41.9618 -21.039 336.958
41.9734 -21.0438 337.135
41.9876 -21.052 337.142
41.9975 -21.0505 337.281
41.9731 -21.0277 336.998
41.9971 -21.0497 337.258
41.989 -21.0431 337.155
42.0004 -21.0434 337.304
41.9844 -21.0463 337.123
41.9925 -21.0416 337.17
42.0017 -21.0572 337.276
41.9877 -21.0584 337.121
41.9922 -21.0608 337.131
41.9629 -21.0357 336.864
41.9804 -21.0452 337.059
41.9792 -21.0449 337.046
41.9817 -21.0358 337.073
41.9675 -21.0258 336.906
41.9778 -21.0322 336.992
41.9719 -21.031 336.995
41.9515 -21.0186 336.82
42.0097 -21.0484 337.326
41.9901 -21.0377 337.117
41.99 -21.0269 337.089
41.9993 -21.0334 337.198
41.9815 -21.0315 337.038
41.9797 -21.0327 337.044
41.983 -21.0252 337.047
41.9521 -21.0154 336.794
41.9756 -21.0229 337.007
41.9721 -21.0261 336.955
41.9673 -21.0225 336.881
41.9506 -21.0136 336.729
41.9649 -21.0174 336.825
41.9668 -21.0186 336.886
41.9791 -21.0319 337.025
41.9837 -21.034 337.039
42.0038 -21.0433 337.246
41.9981 -21.0408 337.183
41.962 -21.0172 336.839
41.9654 -21.0206 336.89
41.9694 -21.0273 336.997
41.9724 -21.0298 336.987
41.9788 -21.0343 337.001
41.9605 -21.0254 336.846
41.9428 -21.0202 336.679
41.9421 -20.9988 336.678
41.9791 -21.0124 337.016
41.9832 -21.0227 337.058
42.0277 -21.0493 337.484
41.9915 -21.0361 337.158
41.966 -21.0152 336.826
42.009 -21.0298 337.288
42.0089 -21.0379 337.324
42.0062 -21.0289 337.19
42.0056 -21.0336 337.16
41.9454 -21.0086 336.663
41.9739 -21.0237 336.994
41.9928 -21.0433 337.127
42.0071 -21.0531 337.251
42.0095 -21.0447 337.286
41.9891 -21.0319 337.061
41.9857 -21.029 337.049
41.9713 -21.0184 336.862
41.9869 -21.0316 337.021
41.9843 -21.0215 337.013
41.9925 -21.0418 337.077
41.998 -21.0536 337.129
42.0183 -21.0517 337.348
42.0138 -21.048 337.297
41.9947 -21.038 337.119
41.9672 -21.0261 336.92
41.9771 -21.0385 336.988
41.9831 -21.0421 337.042
41.9603 -21.028 336.83
41.9368 -21.0109 336.585
41.9694 -21.0346 336.92
41.9773 -21.04 337.009
41.9832 -21.059 336.995
41.9915 -21.0883 337.078
41.9704 -21.0841 336.875
41.9516 -21.0719 336.724
41.9301 -21.0457 336.581
41.9759 -21.05 336.979
41.9224 -20.9735 336.523
41.9664 -20.8246 336.891
41.961 -20.7521 336.852
41.9645 -20.7041 336.877
41.9928 -20.6652 337.105
41.9935 -20.6097 337.124
42.0197 -20.5958 337.336
42.0254 -20.4397 337.408
42.0146 -20.3647 337.355
42.0188 -20.2416 337.47
42.0273 -20.1741 337.52
42.0465 -20.1291 337.714
42.0144 -19.9595 337.408
42.0187 -19.8946 337.475
41.9996 -19.8368 337.291
42.0179 -19.8043 337.383
42.0066 -19.7158 337.326
42.0109 -19.6093 337.36
41.9991 -19.5014 337.308
41.9847 -19.3174 337.175
42.0392 -19.2442 337.702
42.0401 -19.1289 337.721
42.0636 -18.9261 337.888
42.0618 -18.877 337.879
42.0481 -18.7103 337.842
42.0395 -18.6412 337.733
41.9994 -18.504 337.294
42.0525 -18.4046 337.876
41.9967 -18.2036 337.378
42.0659 -17.9459 337.973
42.0243 -17.8319 337.598
42.026 -17.7717 337.61
42.0711 -17.6799 338.057
42.0951 -17.5997 338.263
42.0991 -17.5098 338.224
42.0716 -17.3099 338.019
42.066 -17.2003 337.974
42.0998 -17.1671 338.318
42.0793 -16.9608 338.101
42.0429 -16.8107 337.792
42.1018 -16.6954 338.329
42.1173 -16.4089 338.434
42.0693 -16.296 337.987
42.0665 -16.0622 338.017
42.0843 -15.9333 338.143
42.0947 -15.8126 338.278
42.1004 -15.6424 338.306
42.1471 -15.5631 338.701
42.1128 -15.4521 338.449
42.0997 -15.2372 338.293
42.117 -15.1277 338.493
42.0913 -15.0231 338.226
42.1405 -14.8973 338.675
42.1147 -14.817 338.457
42.0984 -14.6927 338.257
42.0999 -14.625 338.299
42.0759 -14.5659 338.056
42.0586 -14.5128 337.912
42.0905 -14.5052 338.216
42.0921 -14.4791 338.206
42.0934 -14.4419 338.241
42.0882 -14.4061 338.196
42.1277 -14.4064 338.495
42.0916 -14.3848 338.179
42.0905 -14.357 338.165
42.0973 -14.3275 338.254
42.1212 -14.2623 338.47
42.111 -14.1531 338.409
42.0917 -14.1122 338.2
42.0698 -13.9831 337.949
42.0907 -13.9086 338.152
42.15 -13.8156 338.664
42.0778 -13.5919 337.977
42.0191 -13.5263 337.44
42.078 -13.486 338.012
42.0673 -13.3905 337.903
42.0905 -13.3348 338.083
42.104 -13.3094 338.239
42.1022 -13.2997 338.212
42.1493 -13.3087 338.658
42.1085 -13.2479 338.332
42.1183 -13.1594 338.401
42.1222 -13.1531 338.429
42.121 -13.1606 338.44
42.1464 -13.1574 338.688
42.1526 -13.1728 338.725
42.1174 -13.1525 338.391
42.0959 -13.1594 338.223
42.0754 -13.0828 338.024
42.1234 -13.0533 338.462
42.1019 -13.0018 338.216
42.109 -12.9854 338.278
42.1448 -12.9191 338.614
42.0738 -12.8297 337.988
42.1012 -12.6402 338.224
42.0921 -12.5186 338.183
42.108 -12.5224 338.356
42.0285 -12.4546 337.572
42.0617 -12.4611 337.89
42.0991 -12.4464 338.236
42.1121 -12.4368 338.328
42.1192 -12.4311 338.403
42.0811 -12.4235 338.014
42.1357 -12.4451 338.424
42.0973 -12.4406 338.174
42.1223 -12.4573 338.434
42.0718 -12.4449 337.951
42.1111 -12.4573 338.282
42.0967 -12.461 338.16
42.1023 -12.4752 338.244
42.0795 -12.4647 337.978
42.0537 -12.4631 337.696
42.1244 -12.4554 338.364
42.1394 -12.4333 338.544
42.1257 -12.3893 338.447
42.1106 -12.3532 338.367
42.0986 -12.3526 338.104
42.0398 -12.3149 337.584
42.106 -12.3385 338.193
42.1258 -12.3606 338.412
42.1397 -12.3582 338.483
42.0914 -12.3293 338.048
42.0761 -12.3329 337.959
42.0674 -12.3377 337.876
42.0936 -12.3453 338.122
42.0931 -12.3172 338.105
42.105 -12.2859 338.208
42.0848 -12.2505 338.073
42.0981 -12.2513 338.171
42.0839 -12.247 338.003
42.0342 -12.1999 337.597
42.0768 -12.1889 337.953
42.0446 -12.1731 337.614
42.0589 -12.1355 337.772
42.0614 -12.1399 337.871
42.0481 -12.122 337.84
42.0592 -12.0364 337.835
42.0713 -11.9799 338.024
42.0872 -11.9857 338.154
42.0746 -11.9674 338.089
42.0631 -11.9683 337.936
42.0606 -11.9664 337.872
42.0508 -11.96 337.812
42.0739 -11.9659 338.062
42.082 -11.9748 338.105
42.0892 -11.9736 338.088
42.1075 -11.9676 338.258
42.1144 -11.9552 338.327
42.0529 -11.9135 337.757
42.083 -11.926 338.085
42.0934 -11.8789 338.112
42.0987 -11.8586 338.202
42.1192 -11.8368 338.405
42.0916 -11.8142 338.152
42.1541 -11.8261 338.683
42.0977 -11.8087 338.174
42.1014 -11.789 338.259
42.1227 -11.7899 338.495
42.1336 -11.787 338.56
42.1377 -11.7807 338.592
42.1422 -11.7962 338.645
42.1321 -11.7976 338.597
42.1275 -11.7925 338.562
42.1328 -11.7969 338.634
42.116 -11.786 338.439
42.1238 -11.7846 338.515
42.105 -11.784 338.345
42.104 -11.7853 338.342
42.0914 -11.7814 338.162
42.0959 -11.7765 338.163
42.0974 -11.775 338.241
42.1222 -11.7887 338.462
42.0893 -11.7862 338.232
42.1127 -11.8071 338.421
42.0897 -11.7821 338.187
42.1031 -11.7975 338.314
42.1176 -11.8023 338.477
42.1007 -11.8031 338.366
42.1117 -11.797 338.42
42.137 -11.7969 338.641
42.111 -11.7858 338.391
42.0835 -11.7887 338.163
42.1166 -11.7973 338.459
42.1299 -11.8035 338.53
42.0923 -11.7921 338.212
42.1101 -11.8014 338.518
42.1092 -11.7902 338.411
42.1198 -11.7856 338.468
42.1196 -11.784 338.507
42.1048 -11.7696 338.379
42.0813 -11.7943 338.168
42.0649 -11.8049 338.033
42.0784 -11.7973 338.102
42.0712 -11.7757 338.047
42.0705 -11.7755 338.041
42.077 -11.7785 338.136
42.0967 -11.7788 338.292
42.0914 -11.788 338.248
42.1059 -11.8101 338.375
42.099 -11.7978 338.347
42.1352 -11.8219 338.687
42.1465 -11.8218 338.76
42.1224 -11.8072 338.553
42.0927 -11.7897 338.307
42.1338 -11.8057 338.645
42.1184 -11.8161 338.488
42.104 -11.7968 338.394
42.1388 -11.8037 338.737
42.1083 -11.8062 338.417
42.1005 -11.8136 338.322
42.1081 -11.8092 338.427
42.1091 -11.7944 338.46
42.0812 -11.7915 338.244
42.1156 -11.814 338.562
42.1014 -11.8038 338.367
42.1315 -11.8233 338.703
42.0947 -11.8156 338.386
42.0725 -11.8048 338.153
42.0889 -11.8096 338.349
42.0866 -11.8051 338.363
42.1082 -11.8131 338.553
42.1173 -11.8322 338.646
42.0846 -11.8116 338.37
42.1046 -11.823 338.539
42.0806 -11.8047 338.29
42.0861 -11.8146 338.391
42.1205 -11.8246 338.637
42.0718 -11.8132 338.194
42.0751 -11.8145 338.257
42.0779 -11.8328 338.337
42.0883 -11.8216 338.333
42.0864 -11.8107 338.335
42.103 -11.8284 338.513
42.1003 -11.8292 338.486
42.0923 -11.8232 338.387
42.0883 -11.8338 338.384
42.1142 -11.8299 338.611
42.1165 -11.8203 338.572
42.1237 -11.8189 338.651
42.1312 -11.8139 338.699
42.0869 -11.8019 338.333
42.0966 -11.8069 338.448
42.0971 -11.8128 338.444
42.1186 -11.8263 338.651
42.1067 -11.8176 338.562
42.0758 -11.807 338.282
42.1174 -11.8294 338.657
42.1143 -11.8187 338.601
42.098 -11.8118 338.464
41.9993 -11.7855 337.599
42.0801 -11.8081 338.293
42.1092 -11.8235 338.566
42.1031 -11.8182 338.509
42.0916 -11.8187 338.374
42.0794 -11.8153 338.237
42.094 -11.8188 338.446
42.094 -11.8178 338.388
42.0961 -11.8095 338.415
42.1072 -11.8156 338.472
42.1273 -11.8224 338.671
42.1043 -11.8218 338.423
42.0866 -11.8135 338.305
42.0937 -11.8216 338.364
42.077 -11.8125 338.226
42.0931 -11.8112 338.373
42.1088 -11.8162 338.515
42.0687 -11.8026 338.208
42.1051 -11.8107 338.474
42.0662 -11.7851 338.099
42.0669 -11.7921 338.131
42.0992 -11.8141 338.432
42.1006 -11.801 338.443
42.0812 -11.8068 338.315
42.0858 -11.8225 338.332
42.1 -11.8157 338.449
42.0869 -11.8135 338.34
42.0633 -11.8113 338.088
42.0922 -11.8221 338.425
42.087 -11.8164 338.361
42.0935 -11.816 338.412
42.093 -11.8207 338.414
42.1027 -11.8213 338.538
42.0994 -11.8218 338.505
42.1131 -11.825 338.61
42.143 -11.832 338.83
42.149 -11.8393 338.857
42.1272 -11.8309 338.674
42.1616 -11.8479 339.083
42.136 -11.8355 338.784
42.1171 -11.8296 338.603
42.1172 -11.8245 338.6
42.1091 -11.8269 338.585
42.0994 -11.8228 338.465
42.0955 -11.8289 338.459
42.0767 -11.8193 338.332
42.0864 -11.8224 338.39
42.097 -11.827 338.429
42.085 -11.8217 338.32
42.1091 -11.8248 338.583
42.105 -11.817 338.53
42.0978 -11.8183 338.501
42.0163 -11.8041 337.855
42.0795 -11.8285 338.334
42.1043 -11.8437 338.554
42.1136 -11.8501 338.634
42.1143 -11.8361 338.674
42.1143 -11.8513 338.683
42.1348 -11.8361 338.911
42.1249 -11.8434 338.901
42.1236 -11.8541 338.836
42.1035 -11.8478 338.639
42.0756 -11.8433 338.412
42.0862 -11.8312 338.497
42.0941 -11.8257 338.585
42.08 -11.8365 338.462
42.0452 -11.8336 338.16
42.1137 -11.8643 338.768
42.0606 -11.8511 338.286
42.078 -11.8427 338.469
42.0752 -11.8432 338.452
42.0771 -11.8395 338.416
42.0907 -11.8517 338.573
42.0386 -11.8359 338.136
42.0339 -11.8476 338.14
42.0385 -11.836 338.165
42.0662 -11.8389 338.398
42.081 -11.8479 338.533
42.0733 -11.8554 338.489
42.1153 -11.8735 338.86
42.0976 -11.8755 338.736
42.0787 -11.8675 338.533
42.0663 -11.864 338.427
42.0711 -11.8523 338.448
42.0952 -11.8475 338.645
42.1046 -11.8585 338.717
42.0961 -11.8672 338.637
42.1075 -11.8567 338.773
42.0757 -11.8684 338.557
42.0654 -11.8562 338.435
42.1099 -11.8679 338.826
42.1323 -11.8853 339.029
42.0562 -11.8566 338.335
42.0899 -11.8652 338.627
42.1071 -11.857 338.79
42.0832 -11.8466 338.604
42.0691 -11.8562 338.459
42.0918 -11.8663 338.658
42.128 -11.8638 339.04
42.1177 -11.8766 338.863
42.1274 -11.8796 338.946
42.0927 -11.8697 338.613
42.0926 -11.8841 338.694
42.098 -11.8742 338.727
42.0844 -11.8701 338.603
42.0877 -11.8695 338.606
42.0572 -11.8711 338.319
42.0268 -11.8519 338.065
42.0328 -11.8481 338.168
42.0447 -11.8582 338.238
42.0775 -11.8665 338.566
42.0692 -11.8587 338.46
42.0513 -11.8674 338.272
42.1076 -11.8805 338.783
42.1246 -11.8658 338.877
42.1087 -11.8764 338.768
42.1363 -11.8814 339.059
42.1021 -11.8674 338.696
42.074 -11.8601 338.453
42.0872 -11.8499 338.555
42.0903 -11.8494 338.547
42.1047 -11.8558 338.694
42.1302 -11.8591 338.919
42.0895 -11.8478 338.492
42.0766 -11.8556 338.358
42.0763 -11.8539 338.362
42.0957 -11.8396 338.491
42.1097 -11.8404 338.596
42.1008 -11.8336 338.479
42.0871 -11.8195 338.376
42.1068 -11.8459 338.559
42.1105 -11.8208 338.533
42.0919 -11.8255 338.388
42.1059 -11.8286 338.528
42.1219 -11.8338 338.687
42.1191 -11.8165 338.615
42.1364 -11.8147 338.719
42.0993 -11.8092 338.372
42.0757 -11.8053 338.16
42.0726 -11.8028 338.1
42.0732 -11.8071 338.135
42.0771 -11.797 338.128
42.1163 -11.8132 338.428
42.1285 -11.8255 338.595
42.1377 -11.8172 338.694
42.1348 -11.7979 338.693
42.0945 -11.7901 338.269
42.1008 -11.7944 338.327
42.1103 -11.8085 338.409
42.1195 -11.7972 338.473
42.1209 -11.7871 338.481
42.0972 -11.7899 338.271
42.1119 -11.7894 338.425
42.1037 -11.8016 338.391
42.1164 -11.8173 338.469
42.115 -11.7972 338.434
42.1086 -11.7783 338.378
42.1276 -11.8036 338.539
42.1332 -11.8174 338.596
42.1255 -11.8004 338.506
42.1192 -11.7843 338.444
42.111 -11.776 338.361
42.0694 -11.7569 338.07
42.0878 -11.75 338.171
42.1049 -11.7509 338.307
42.1023 -11.7533 338.297
42.0889 -11.7458 338.207
42.1023 -11.7468 338.296
42.0957 -11.7413 338.251
42.1086 -11.7523 338.33
42.0916 -11.7524 338.201
42.118 -11.7571 338.454
42.1011 -11.7152 338.214
42.0847 -11.6513 338.095
42.1194 -11.5782 338.404
42.1213 -11.5145 338.402
42.1456 -11.4458 338.67
42.1293 -11.2895 338.465
42.1169 -11.1536 338.401
42.1432 -11.068 338.57
42.1283 -11.0461 338.486
42.126 -10.9168 338.506
42.1368 -10.6881 338.663
42.1151 -10.5984 338.454
42.1231 -10.5036 338.546
42.1553 -10.4711 338.81
42.1093 -10.3903 338.386
42.129 -10.3549 338.591
42.1401 -10.3376 338.643
42.1221 -10.3133 338.495
42.0764 -10.2873 338.129
42.1013 -10.2588 338.332
42.1224 -10.2122 338.447
42.1321 -10.1699 338.563
42.1459 -10.088 338.724
42.1089 -9.94397 338.349
42.124 -9.74205 338.532
42.16 -9.63487 338.805
42.1193 -9.52997 338.445
42.1513 -9.35086 338.804
42.107 -9.26027 338.36
42.1394 -9.16802 338.639
42.1308 -8.993 338.576
42.1321 -8.89009 338.553
42.1095 -8.78653 338.308
42.1075 -8.70364 338.29
42.1055 -8.6349 338.329
42.0961 -8.59935 338.199
42.0972 -8.57006 338.182
42.1101 -8.55355 338.321
42.1317 -8.53848 338.535
42.1051 -8.52348 338.311
42.1258 -8.52395 338.515
42.1101 -8.51334 338.316
42.1678 -8.52645 338.846
42.1223 -8.48503 338.439
42.1098 -8.45188 338.342
42.1113 -8.37162 338.399
42.1042 -8.22327 338.29
42.1256 -8.15815 338.479
42.1597 -8.06632 338.783
42.1161 -7.97557 338.337
42.1245 -7.87011 338.456
42.1084 -7.77394 338.255
42.1442 -7.52476 338.706
42.1623 -7.29435 338.783
42.1745 -7.23806 338.923
42.1435 -7.12419 338.622
42.122 -7.0404 338.468
42.1239 -6.93295 338.451
42.1114 -6.76204 338.318
42.122 -6.67402 338.431
42.1957 -6.48568 339.155
42.1712 -6.40381 338.913
42.1532 -6.29201 338.775
42.1433 -6.22898 338.67
42.163 -6.16632 338.823
42.1708 -6.05514 338.884
42.1779 -5.97905 338.924
42.1465 -5.89013 338.654
42.1398 -5.78067 338.624
42.171 -5.73021 338.908
42.1396 -5.67178 338.632
42.1636 -5.56193 338.803
42.164 -5.52419 338.789
42.1235 -5.45518 338.437
42.1441 -5.36436 338.67
42.1735 -5.26514 338.844
42.1587 -5.14955 338.715
42.1577 -5.05933 338.647
42.1238 -4.99217 338.421
42.1518 -4.87135 338.67
42.164 -4.82978 338.816
42.2101 -4.75038 339.165
42.2255 -4.6438 339.338
42.2006 -4.5598 339.124
42.1641 -4.4967 338.883
42.1663 -4.36029 338.88
42.1796 -4.27159 339.009
42.2076 -4.22417 339.21
42.1972 -4.18803 339.083
42.201 -4.14083 339.099
42.18 -4.09816 338.978
42.1649 -4.06145 338.801
42.1379 -4.04178 338.494
42.1703 -3.99991 338.779
42.2045 -3.97449 339.106
42.2381 -3.8503 339.453
42.1999 -3.78582 339.133
42.1742 -3.70131 338.863
42.1752 -3.66793 338.894
42.1645 -3.61446 338.783
42.1557 -3.55809 338.68
42.1943 -3.45521 339.03
42.224 -3.39445 339.373
42.2228 -3.33681 339.36
42.2399 -3.30396 339.497
42.2112 -3.26257 339.203
42.1939 -3.23429 339.01
42.1876 -3.20997 338.969
42.1587 -3.14275 338.727
42.163 -3.14352 338.763
42.1624 -3.13626 338.813
42.1818 -3.1352 338.98
42.2263 -3.14548 339.358
42.229 -3.14265 339.362
42.192 -3.13245 339.01
42.2039 -3.11272 339.133
42.2074 -2.94996 339.19
42.1907 -2.83906 339.017
42.21 -2.58783 339.223
42.2224 -2.5343 339.304
42.2736 -2.50033 339.772
42.2317 -2.47157 339.381
42.2407 -2.37848 339.537
42.2403 -2.30407 339.492
42.2157 -2.21969 339.218
42.2447 -2.18406 339.51
42.2335 -2.13954 339.395
42.2412 -2.13914 339.473
42.2542 -2.14193 339.602
42.2633 -2.13067 339.733
42.2198 -2.11529 339.33
42.2414 -2.12196 339.499
42.2597 -2.13403 339.721
42.2171 -2.12362 339.354
42.1919 -2.10979 339.143
42.2196 -2.12385 339.301
42.2239 -2.1359 339.325
42.2089 -2.13794 339.187
42.2498 -2.13998 339.542
42.2155 -2.13267 339.239
42.2112 -2.12848 339.255
42.2404 -2.12981 339.476
42.2029 -2.13607 339.17
42.2262 -2.12828 339.357
42.2123 -2.13592 339.271
42.2444 -2.13719 339.498
42.2052 -2.13688 339.2
42.2408 -2.12778 339.492
42.2642 -2.12725 339.651
42.2379 -2.12254 339.434
42.2654 -2.12395 339.671
42.2182 -2.12565 339.318
42.251 -2.13467 339.631
42.2453 -2.12853 339.544
42.2241 -2.14241 339.339
42.2479 -2.14389 339.575
42.2689 -2.14027 339.754
42.239 -2.13427 339.471
42.231 -2.13956 339.402
42.2261 -2.13096 339.358
42.2229 -2.13018 339.336
42.2374 -2.13565 339.468
42.226 -2.13584 339.424
42.2293 -2.12787 339.415
42.2298 -2.12494 339.436
42.2134 -2.12723 339.26
42.2104 -2.13586 339.252
42.2263 -2.13382 339.36
42.2553 -2.1296 339.636
42.2025 -2.12839 339.142
42.215 -2.13618 339.284
42.2139 -2.12818 339.279
42.2308 -2.13805 339.433
42.2157 -2.14003 339.289
42.1939 -2.12741 339.131
42.2153 -2.13977 339.293
42.2592 -2.14596 339.673
42.2365 -2.14441 339.462
42.24 -2.14844 339.58
42.2116 -2.13707 339.274
42.2105 -2.15016 339.256
42.2508 -2.14558 339.61
42.2497 -2.14221 339.632
42.2349 -2.14637 339.468
42.2453 -2.14576 339.553
42.248 -2.14068 339.607
42.253 -2.14813 339.647
42.2519 -2.14874 339.623
42.2224 -2.14559 339.407
42.2729 -2.14445 339.835
42.2722 -2.15414 339.807
42.2539 -2.1486 339.645
42.2371 -2.15145 339.439
42.2402 -2.14601 339.483
42.2625 -2.1428 339.717
42.2227 -2.137 339.363
42.2088 -2.14017 339.244
42.2345 -2.14131 339.503
42.2552 -2.1335 339.687
42.2267 -2.13559 339.425
42.1873 -2.13681 339.115
42.2112 -2.14255 339.327
42.1896 -2.14582 339.113
42.204 -2.16247 339.246
42.2344 -2.1447 339.586
42.2568 -2.15815 339.734
42.2481 -2.13929 339.658
42.2679 -2.14725 339.859
42.2461 -2.14656 339.661
42.2536 -2.1437 339.732
42.2306 -2.14436 339.546
42.217 -2.14441 339.421
42.2267 -2.15104 339.501
42.2619 -2.15389 339.821
42.2488 -2.16132 339.654
42.2701 -2.15093 339.904
42.2453 -2.15877 339.69
42.2326 -2.16042 339.563
42.2244 -2.14971 339.49
42.1973 -2.15729 339.249
42.2045 -2.17072 339.351
42.2286 -2.1677 339.517
42.2198 -2.15873 339.467
42.2089 -2.15638 339.342
42.2253 -2.16114 339.513
42.2213 -2.15711 339.46
42.2034 -2.16415 339.332
42.2182 -2.16356 339.472
42.2174 -2.15988 339.473
42.1878 -2.15314 339.199
42.1915 -2.16016 339.306
42.2227 -2.15407 339.551
42.2053 -2.15935 339.392
42.2143 -2.15808 339.378
42.2321 -2.16682 339.574
42.2141 -2.16051 339.446
42.2259 -2.16018 339.596
42.2266 -2.16277 339.569
42.2184 -2.15871 339.516
42.205 -2.15492 339.397
42.1999 -2.15699 339.363
42.2039 -2.16399 339.372
42.1957 -2.17774 339.304
42.2341 -2.17555 339.602
42.2098 -2.1591 339.46
42.2459 -2.16063 339.741
42.2027 -2.15961 339.38
42.2497 -2.16259 339.742
42.2593 -2.17117 339.877
42.2359 -2.16147 339.692
42.2133 -2.16523 339.433
42.2298 -2.15617 339.622
42.2367 -2.17905 339.673
42.2172 -2.1807 339.515
42.2057 -2.17936 339.412
42.2115 -2.16217 339.475
42.206 -2.16928 339.406
42.2249 -2.17204 339.538
42.2605 -2.1742 339.873
42.2464 -2.17238 339.75
42.2182 -2.16998 339.524
42.2401 -2.17274 339.668
42.2051 -2.17347 339.387
42.2029 -2.17081 339.377
42.2267 -2.16568 339.601
42.2199 -2.17146 339.543
42.2037 -2.18287 339.427
42.2247 -2.18113 339.596
42.2298 -2.18167 339.661
42.2305 -2.19056 339.63
42.2508 -2.17733 339.789
42.1931 -2.16966 339.312
42.18 -2.16972 339.196
42.2146 -2.18 339.489
42.2472 -2.17119 339.884
42.2222 -2.16594 339.626
42.1921 -2.16123 339.358
42.2072 -2.16182 339.507
42.2258 -2.16584 339.669
42.2181 -2.16797 339.57
42.2428 -2.16866 339.782
42.2392 -2.17658 339.795
42.2116 -2.18737 339.582
42.2343 -2.18108 339.803
42.2237 -2.17932 339.678
42.2118 -2.17493 339.578
42.2428 -2.17455 339.835
42.2205 -2.16846 339.656
42.2494 -2.1792 339.941
42.2137 -2.18168 339.581
42.2019 -2.17307 339.504
42.2191 -2.17294 339.649
42.2438 -2.17931 339.842
42.2151 -2.1698 339.626
42.2328 -2.17176 339.781
42.2562 -2.18164 339.962
42.2157 -2.18397 339.577
42.2356 -2.18627 339.721
42.2132 -2.18179 339.47
42.2149 -2.1842 339.547
42.2158 -2.181 339.599
42.22 -2.17966 339.621
42.2401 -2.18365 339.801
42.2269 -2.17283 339.708
42.2015 -2.17654 339.463
42.2191 -2.17169 339.652
42.2418 -2.17554 339.865
42.252 -2.18191 339.958
42.2093 -2.18713 339.468
42.2343 -2.1867 339.721
42.2275 -2.18424 339.663
42.2346 -2.1788 339.751
42.2115 -2.18161 339.512
42.2003 -2.17841 339.384
42.1968 -2.18274 339.38
42.225 -2.18301 339.601
42.2338 -2.19357 339.725
42.2371 -2.18195 339.775
42.2762 -2.17483 340.011
42.2381 -2.17651 339.729
42.2316 -2.17783 339.708
42.2214 -2.1805 339.658
42.2042 -2.18163 339.456
42.1973 -2.17714 339.393
42.1952 -2.1738 339.388
42.242 -2.19824 339.847
42.2177 -2.19839 339.635
42.2405 -2.18932 339.812
42.2151 -2.16742 339.512
42.2414 -2.17118 339.837
42.2072 -2.18394 339.506
42.2266 -2.17893 339.689
42.222 -2.17086 339.64
42.2484 -2.17338 339.855
42.2561 -2.18158 339.913
42.2161 -2.17501 339.576
42.2589 -2.17444 339.985
42.2356 -2.19467 339.713
42.2651 -2.16824 340.033
42.2308 -2.16664 339.736
42.226 -2.17583 339.668
42.2228 -2.17361 339.658
42.2213 -2.16998 339.62
42.2109 -2.16685 339.546
42.1947 -2.16316 339.449
42.1999 -2.17638 339.46
42.1908 -2.19026 339.353
42.1954 -2.18102 339.364
42.1596 -2.16587 339.058
42.1911 -2.16471 339.302
42.2112 -2.1902 339.497
42.1954 -2.1764 339.361
42.2134 -2.17724 339.523
42.2134 -2.16603 339.527
42.1964 -2.16595 339.36
42.1964 -2.1668 339.366
42.2003 -2.18135 339.415
42.1877 -2.17112 339.227
42.1986 -2.18483 339.371
42.2604 -2.18412 339.921
42.2267 -2.18349 339.651
42.223 -2.17636 339.614
42.2417 -2.178 339.817
42.197 -2.16693 339.437
42.2077 -2.16439 339.556
42.2172 -2.17458 339.523
42.2116 -2.17577 339.485
42.2269 -2.18058 339.665
42.2145 -2.18429 339.544
42.1958 -2.17804 339.349
42.2052 -2.16885 339.429
42.2318 -2.17287 339.676
42.2168 -2.17823 339.527
42.2218 -2.17639 339.583
42.23 -2.16755 339.662
42.2529 -2.17233 339.806
42.1987 -2.17432 339.403
42.2178 -2.17966 339.513
42.2635 -2.18208 339.948
42.2325 -2.17214 339.66
42.2279 -2.17494 339.548
42.2065 -2.16732 339.431
42.222 -2.16063 339.596
42.2072 -2.16021 339.435
42.2237 -2.16629 339.562
42.2086 -2.17037 339.443
42.212 -2.18589 339.509
42.2207 -2.18587 339.525
42.2487 -2.18234 339.797
42.2579 -2.17991 339.88
42.2619 -2.16996 339.962
42.246 -2.17493 339.803
42.2175 -2.18724 339.569
42.2617 -2.18328 339.977
42.2422 -2.17597 339.767
42.2276 -2.16867 339.642
42.2278 -2.1755 339.661
42.2401 -2.16931 339.739
42.3185 -2.17492 340.447
42.2531 -2.1705 339.828
42.2197 -2.16843 339.505
42.2505 -2.15734 339.803
42.1911 -2.15983 339.3
42.2006 -2.16099 339.345
42.2039 -2.1593 339.368
42.2247 -2.17385 339.573
42.2128 -2.16042 339.432
42.2162 -2.15989 339.428
42.2 -2.16901 339.269
42.1856 -2.16488 339.19
42.2156 -2.16666 339.401
42.2094 -2.15568 339.316
42.208 -2.1607 339.305
42.2173 -2.16319 339.335
42.2691 -2.15991 339.854
42.2409 -2.14861 339.563
42.2717 -2.14833 339.903
42.251 -2.15338 339.692
42.2642 -2.13926 339.848
42.2591 -2.14908 339.752
42.2433 -2.15825 339.611
42.2355 -2.17066 339.556
42.2247 -2.1643 339.498
42.2308 -2.14869 339.512
42.2814 -2.15535 339.953
42.2502 -2.14238 339.694
42.2757 -2.15065 339.962
42.2479 -2.14681 339.675
42.1968 -2.14207 339.19
42.2608 -2.13794 339.751
42.2281 -2.13174 339.497
42.2675 -2.12252 339.813
42.2302 -2.11172 339.481
42.2451 -2.11792 339.656
42.2667 -2.12995 339.861
42.2331 -2.12131 339.53
42.2427 -2.12483 339.628
42.2532 -2.12897 339.67
42.2313 -2.12757 339.455
42.2365 -2.13356 339.497
42.2358 -2.09874 339.499
42.2652 -2.07232 339.785
42.2631 -2.05282 339.783
42.2407 -2.03653 339.551
42.2325 -2.04982 339.53
42.2345 -2.04467 339.48
42.1999 -2.0103 339.124
42.2202 -1.95317 339.333
42.2289 -1.90212 339.436
42.2443 -1.85985 339.607
42.259 -1.82508 339.742
42.2684 -1.78725 339.802
42.2545 -1.72721 339.691
42.2597 -1.70623 339.757
42.2084 -1.69791 339.276
42.2395 -1.67745 339.578
42.2283 -1.65236 339.523
42.2197 -1.56844 339.304
42.2337 -1.52776 339.556
42.2626 -1.4963 339.826
42.2573 -1.44292 339.782
42.2445 -1.36046 339.666
42.2411 -1.30319 339.624
42.2503 -1.10222 339.684
42.2777 -1.04311 339.831
42.2699 -0.991962 339.778
42.2934 -0.850536 339.977
42.2405 -0.678555 339.556
42.2593 -0.610931 339.732
42.2029 -0.534893 339.188
42.2206 -0.416943 339.395
42.2567 -0.328667 339.657
42.2538 -0.252861 339.692
42.2648 -0.208328 339.809
42.2721 -0.120373 339.919
42.2755 0.00181198 339.939
42.3018 0.0394402 340.165
42.308 0.0720634 340.207
42.3115 0.165192 340.238
42.2949 0.307625 340.081
42.2929 0.346451 340.027
42.2741 0.390144 339.898
42.2598 0.413704 339.778
42.3247 0.434418 340.389
42.3614 0.486542 340.802
42.325 0.577625 340.398
42.3134 0.628529 340.276
42.3194 0.684307 340.36
42.2695 0.742199 339.918
42.3035 0.822762 340.183
42.2855 0.88414 340.079
42.3178 1.04317 340.358
42.2874 1.1277 340.102
42.3134 1.33651 340.336
42.3589 1.43861 340.737
42.3274 1.54173 340.45
42.3037 1.82386 340.232
42.3131 1.90623 340.306
42.316 2.03585 340.375
42.355 2.05915 340.688
42.3363 2.125 340.513
42.3501 2.24755 340.639
42.3226 2.40813 340.441
42.3342 2.4877 340.556
42.3493 2.53358 340.705
42.3239 2.59209 340.475
42.3882 2.66358 341.06
42.3704 2.69273 340.85
42.3319 2.74742 340.515
42.3241 2.79441 340.435
42.3334 2.83065 340.544
42.3484 2.97485 340.677
42.3129 3.05358 340.395
42.316 3.30545 340.346
42.356 3.43225 340.73
42.3403 3.66545 340.641
42.3484 3.78225 340.763
42.4057 3.89551 341.281
42.3657 3.97075 340.875
42.3495 4.16657 340.662
42.3521 4.26915 340.726
42.3206 4.41026 340.449
42.3913 4.45159 341.068
42.363 4.47537 340.809
42.3779 4.48235 340.921
42.3863 4.52977 341.027
42.386 4.59341 341.07
42.3726 4.65294 340.895
42.3791 4.66228 340.95
42.3501 4.68057 340.689
42.3314 4.71468 340.583
42.3604 4.78893 340.81
42.3995 4.86092 341.14
42.3908 4.93851 341.083
42.3825 5.12148 340.989
42.363 5.26548 340.776
42.3603 5.36414 340.809
42.3608 5.44669 340.771
42.4278 5.67019 341.378
42.3956 5.74136 341.091
42.3495 5.82685 340.661
42.4009 5.98332 341.121
42.4138 6.01349 341.293
42.4122 5.9964 341.281
42.4403 6.0116 341.579
42.4088 6.00641 341.23
42.4184 6.01157 341.299
42.4176 6.00476 341.285
42.4386 6.00712 341.485
42.3958 6.0412 341.082
42.3852 6.08253 340.967
42.387 6.1146 340.997
42.3761 6.12758 340.884
42.387 6.1692 340.92
42.4007 6.19344 341.051
42.4047 6.23005 341.121
42.4262 6.3758 341.362
42.3926 6.42484 341.028
42.3954 6.45196 341.053
42.3685 6.47199 340.791
42.3657 6.47743 340.774
42.3923 6.50919 341.012
42.4146 6.54424 341.223
42.389 6.5528 340.962
42.3819 6.55847 340.928
42.3929 6.54684 341.02
42.3852 6.53114 340.974
42.4112 6.5508 341.2
42.4082 6.5295 341.154
42.3955 6.55782 341.071
42.3751 6.57089 340.915
42.3911 6.57693 340.99
42.3834 6.58135 340.973
42.3904 6.61035 340.941
42.4078 6.65766 341.091
42.4192 6.69712 341.186
42.4438 6.73966 341.421
42.4232 6.77169 341.266
42.336 6.80212 340.446
42.3716 6.87344 340.811
42.4141 6.94322 341.196
42.4072 7.02235 341.159
42.4118 7.05527 341.218
42.3851 7.10508 340.942
42.4215 7.13269 341.301
42.3909 7.1958 341.004
42.3683 7.22809 340.743
42.377 7.24963 340.921
42.4042 7.26261 341.108
42.3965 7.26888 341.029
42.422 7.2757 341.306
42.4013 7.27905 341.098
42.3941 7.28234 341.073
42.3854 7.30223 340.958
42.4118 7.33161 341.16
42.419 7.35189 341.281
42.3806 7.36006 340.951
42.3823 7.37828 340.866
42.3427 7.38005 340.457
42.383 7.39807 340.82
42.4369 7.43333 341.355
42.3702 7.47019 340.75
42.3474 7.49958 340.569
42.3649 7.61374 340.733
42.3752 7.64621 340.855
42.3906 7.66532 341.016
42.422 7.68425 341.263
42.4176 7.69196 341.208
42.3861 7.69209 340.907
42.3857 7.70265 340.946
42.398 7.72517 340.928
42.4382 7.76883 341.333
42.4491 7.82512 341.435
42.3885 7.83348 340.976
42.43 7.97915 341.342
42.4458 8.04288 341.479
42.4771 8.09983 341.799
42.4042 8.06876 341.107
42.3819 8.08302 340.913
42.4123 8.09449 341.174
42.426 8.09136 341.27
42.4217 8.10172 341.266
42.4107 8.11209 341.209
42.4022 8.11592 341.098
42.3928 8.12412 341.012
42.4107 8.1175 341.179
42.4587 8.1222 341.607
42.4386 8.1202 341.434
42.4256 8.1121 341.341
42.4124 8.11871 341.201
42.4386 8.12663 341.463
42.444 8.13202 341.493
42.4217 8.12721 341.313
42.3965 8.11594 341.089
42.391 8.10899 341.023
42.3882 8.09688 340.996
42.3875 8.09041 340.985
42.3976 8.10898 341.099
42.3691 8.11008 340.813
42.3911 8.11067 341.029
42.4097 8.10908 341.234
42.4007 8.11159 341.153
42.366 8.10046 340.815
42.3924 8.10101 341.077
42.3962 8.09367 341.095
42.3839 8.09839 340.993
42.4113 8.09266 341.27
42.3971 8.08543 341.11
42.3822 8.08134 340.977
42.3804 8.10842 340.992
42.3822 8.09756 341.096
42.3933 8.09546 341.139
42.425 8.09734 341.428
42.4046 8.09452 341.229
42.4183 8.0947 341.378
42.4013 8.09601 341.27
42.3918 8.08369 341.198
42.4182 8.09201 341.438
42.4323 8.10627 341.586
42.3925 8.07545 341.21
42.3788 8.09222 341.097
42.4276 8.09431 341.555
42.4453 8.08551 341.775
42.4078 8.07782 341.433
42.3742 8.07386 341.145
42.3671 8.07932 341.059
42.3549 8.08437 340.925
42.3858 8.07183 341.207
42.3254 8.04711 340.684
42.3571 8.06684 340.979
42.3371 8.06737 340.826
42.3131 8.05537 340.553
42.3535 8.06346 340.958
42.3619 8.06734 341.026
42.338 8.06371 340.803
42.3446 8.07339 340.871
42.3807 8.07766 341.227
42.3571 8.07045 340.971
42.4052 8.07126 341.413
42.3966 8.07695 341.333
42.3806 8.06982 341.221
42.4048 8.08154 341.39
42.4145 8.07444 341.445
42.4008 8.06931 341.331
42.4024 8.06791 341.386
42.3928 8.06884 341.287
42.3692 8.05712 341.029
42.3845 8.04354 341.202
42.3871 8.04364 341.219
42.3817 8.04781 341.146
42.3846 8.04095 341.187
42.3615 8.04078 340.928
42.4007 8.14128 341.352
42.436 8.48396 341.696
42.3668 8.51705 341.029
42.3872 8.52028 341.21
42.4064 8.51717 341.411
42.3921 8.53029 341.263
42.3627 8.52438 340.989
42.3991 8.5294 341.331
42.4087 8.53363 341.399
42.4118 8.53531 341.405
42.4087 8.53261 341.393
42.3726 8.52359 341.047
42.376 8.52695 341.135
42.4005 8.52971 341.307
42.3966 8.52908 341.262
42.4342 8.52575 341.641
42.4353 8.51486 341.637
42.4077 8.52353 341.379
42.4202 8.53617 341.563
42.4092 8.52449 341.399
42.4092 8.52553 341.378
42.3964 8.52238 341.262
42.394 8.51847 341.206
42.3638 8.51754 340.984
42.3666 8.51019 341.06
42.3926 8.5196 341.269
42.4148 8.5205 341.483
42.4019 8.52061 341.288
42.398 8.51653 341.245
42.4072 8.52441 341.363
42.3814 8.51221 341.115
42.4004 8.51953 341.313
42.4062 8.52845 341.394
42.3719 8.52348 341.022
42.3718 8.50561 340.983
42.3913 8.51829 341.226
42.4291 8.52659 341.638
42.4122 8.53026 341.459
42.3866 8.52216 341.229
42.4399 8.54401 341.722
42.4348 8.53784 341.697
42.4241 8.52867 341.614
42.4217 8.52 341.647
42.4176 8.53008 341.59
42.4064 8.52617 341.495
42.3929 8.52822 341.36
42.3919 8.52708 341.382
42.3765 8.52386 341.253
42.4251 8.531 341.771
42.3587 8.5058 341.195
42.3652 8.49109 341.21
42.3725 8.50158 341.353
42.3538 8.50525 341.272
42.3647 8.50985 341.361
42.352 8.49782 341.255
42.3654 8.50174 341.373
42.3698 8.50044 341.452
42.3657 8.48876 341.444
42.3697 8.47874 341.587
42.3711 8.48504 341.565
42.3814 8.49438 341.699
42.361 8.47468 341.524
42.3315 8.46457 341.268
42.3522 8.46528 341.494
42.3809 8.47174 341.838
42.362 8.43589 341.648
42.4099 8.44796 342.134
42.3889 8.43768 342.036
42.3633 8.42316 341.785
42.3358 8.41429 341.525
42.3308 8.41345 341.572
42.292 8.40343 341.237
42.3022 8.40038 341.35
42.3613 8.40254 341.948
42.3247 8.39144 341.744
42.3629 8.39462 342.081
42.4163 8.38861 342.615
42.3868 8.38441 342.349
42.3229 8.36604 341.831
42.3611 8.36213 342.244
42.4124 8.34744 342.85
42.4115 8.32092 342.966
42.4581 8.28622 343.636
42.6184 8.25058 345.276
42.6566 8.20137 345.795
42.6678 8.20927 345.969
42.6483 8.17165 345.825
42.6976 8.17641 346.315
42.6252 8.19415 345.699
42.5991 8.14796 345.433
42.5791 8.08344 345.33
42.6796 8.07476 346.31
42.691 8.07826 346.392
42.6468 8.09785 346.004
42.6905 8.12829 346.38
42.719 8.12702 346.572
42.7235 8.12077 346.65
42.6879 8.08187 346.299
42.696 8.03843 346.467
42.6767 8.09725 346.215
42.7169 8.13634 346.682
42.7222 8.14292 346.584
42.7245 8.11647 346.594
42.6991 8.11674 346.441
42.7818 8.15142 347.192
42.7714 8.15223 347.084
42.7926 8.12809 347.321
42.7986 8.10711 347.471
42.7785 8.10508 347.222
42.7385 8.10422 346.836
42.7008 8.07611 346.58
42.6794 8.03033 346.236
42.6799 7.99756 346.274
42.7256 7.97338 346.703
42.7296 7.94416 346.633
42.7469 7.89556 346.806
42.829 7.89893 347.609
42.8285 7.91584 347.641
42.789 7.92039 347.338
42.7488 7.90607 346.861
42.7107 7.88449 346.484
42.7145 7.85674 346.52
42.7206 7.83138 346.622
42.7267 7.87139 346.675
42.7322 7.90436 346.737
42.6715 7.90246 346.164
42.7063 7.87923 346.496
42.7517 7.87538 346.978
42.7431 7.87307 346.884
42.7639 7.89062 347.029
42.8052 7.90191 347.405
42.7406 7.86263 346.787
42.7158 7.86599 346.588
42.6946 7.859 346.351
42.6792 7.87244 346.178
42.6898 7.90123 346.264
42.7024 7.90909 346.379
42.6777 7.91509 346.111
42.629 7.90833 345.647
42.6399 7.91863 345.689
42.725 7.92363 346.457
42.6953 7.92835 346.163
42.7197 7.93367 346.403
42.7061 8.01048 346.265
42.6574 8.15717 345.743
42.5938 8.1492 345.155
42.5676 8.15055 345
42.6769 8.17287 345.902
42.7137 8.1561 346.337
42.739 8.14192 346.575
42.745 8.12361 346.604
42.7291 7.97296 346.441
42.6751 7.91857 345.943
42.6705 7.92994 345.89
42.5811 7.93452 345.157
42.6139 7.75177 345.383
42.6754 7.62514 345.931
42.7783 7.42365 346.893
42.762 7.39306 346.654
42.7023 7.3788 346.072
42.7112 7.38406 346.167
42.6895 7.37621 345.891
42.6763 7.39117 345.881
42.673 7.30021 345.853
42.6623 7.29134 345.717
42.6267 7.28716 345.259
42.6057 7.2556 345.116
42.6189 7.17091 345.233
42.5976 6.91067 345.133
42.5332 6.84354 344.393
42.5098 6.6643 344.134
42.482 6.64268 343.847
42.5676 6.51176 344.742
42.5729 6.39958 344.885
42.5901 6.32446 345.123
42.527 6.28181 344.372
42.542 6.26145 344.736
42.5736 6.29227 344.858
42.4495 6.30839 343.626
42.4106 6.29851 343.272
42.4413 6.28431 343.579
42.5 6.31178 344.173
42.5733 6.31429 344.907
42.4954 6.31499 344.134
42.4766 6.29972 343.827
42.482 6.30184 343.912
42.4865 6.32148 343.961
42.4805 6.3117 343.857
42.4865 6.33296 343.92
42.5281 6.34767 344.322
42.5146 6.31977 344.252
42.5253 6.31593 344.382
42.5671 6.33005 344.846
42.5311 6.31689 344.446
42.5497 6.30632 344.566
42.5649 6.3273 344.725
42.5315 6.325 344.533
42.5322 6.32289 344.479
42.606 6.32274 345.268
42.5722 6.31763 344.972
42.5292 6.31536 344.57
42.5229 6.31093 344.457
42.431 6.2714 343.592
42.4627 6.30085 343.89
42.5566 6.28429 344.842
42.4997 6.26854 344.286
42.5287 6.28038 344.551
42.515 6.27269 344.26
42.5223 6.25744 344.396
42.5164 6.25054 344.345
42.5152 6.25577 344.469
42.5152 6.26497 344.434
42.4987 6.26633 344.294
42.5014 6.26688 344.235
42.5555 6.24387 344.762
42.5745 6.24784 345.037
42.6071 6.24567 345.376
42.5796 6.24734 345.168
42.5404 6.24899 344.817
42.5581 6.24367 344.978
42.5616 6.23489 345.127
42.5795 6.21918 345.181
42.6134 6.24134 345.537
42.6658 6.25248 345.955
42.6824 6.23446 346.19
42.6706 6.21689 346.114
42.6795 6.22916 346.179
42.6901 6.25312 346.167
42.7419 6.25632 346.584
42.6619 6.25298 345.776
42.6009 6.25286 345.165
42.7337 6.29484 346.374
42.6069 6.293 345.258
42.6141 6.30381 345.227
42.63 6.30698 345.359
42.6702 6.31759 345.658
42.6331 6.29581 345.22
42.6101 6.31358 344.927
42.6289 6.33163 345.139
42.6204 6.34521 344.997
42.5833 6.34349 344.66
42.5577 6.39483 344.366
42.5359 6.41587 344.025
42.5357 6.42895 343.977
42.4985 6.42878 343.655
42.4913 6.43596 343.499
42.4696 6.44547 343.2
42.4605 6.45492 343.004
42.4759 6.46325 343.121
42.4174 6.4711 342.47
42.4015 6.48661 342.261
42.3562 6.51561 341.825
42.3119 6.53859 341.379
42.3474 6.5473 341.65
42.3198 6.54082 341.439
42.2661 6.53733 340.883
42.246 6.53976 340.724
42.2772 6.55471 340.973
42.2765 6.54152 341.013
42.2939 6.54587 341.104
42.3332 6.55753 341.452
42.3392 6.55999 341.526
42.3102 6.56872 341.131
42.2884 6.556 340.977
42.2939 6.54815 341.09
42.288 6.55581 340.98
42.3114 6.56635 341.241
42.2699 6.55282 340.874
42.2955 6.56263 341.133
42.2917 6.56053 341.062
42.3132 6.55053 341.198
42.3279 6.56548 341.354
42.327 6.55765 341.352
42.3218 6.57107 341.29
42.3447 6.57469 341.516
42.3094 6.56528 341.204
42.244 6.55893 340.665
42.2884 6.56706 340.96
42.2811 6.58015 340.918
42.2784 6.57375 340.899
42.311 6.57681 341.179
42.2776 6.56255 340.914
42.3167 6.55953 341.307
42.3059 6.57417 341.182
42.3162 6.58545 341.259
42.324 6.57039 341.331
42.3678 6.58708 341.679
42.3744 6.56101 341.734
42.3446 6.55817 341.461
42.3255 6.55773 341.309
42.3148 6.58312 341.293
42.3014 6.58926 341.037
42.3199 6.59814 341.161
42.3114 6.59853 341.119
42.3175 6.58198 341.206
42.3307 6.5625 341.319
42.2816 6.55118 340.949
42.3076 6.57099 341.148
42.3333 6.57227 341.392
42.3236 6.56046 341.236
42.3389 6.57311 341.381
42.3429 6.57831 341.45
42.3077 6.57465 341.078
42.3247 6.582 341.249
42.3367 6.56017 341.402
42.3392 6.57226 341.386
42.3781 6.58602 341.758
42.3583 6.5925 341.536
42.3608 6.57377 341.546
42.3218 6.57027 341.226
42.3456 6.5766 341.406
42.3394 6.57541 341.39
42.3194 6.56957 341.18
42.3072 6.58071 341.063
42.3368 6.58774 341.349
42.344 6.5741 341.411
42.3088 6.57471 341.129
42.2927 6.58426 340.977
42.295 6.56838 341.026
42.2907 6.56435 340.953
42.2822 6.56452 340.893
42.3005 6.57054 341.086
42.2869 6.57071 341.014
42.2386 6.58038 340.588
42.269 6.54269 340.98
42.2899 6.54505 341.105
42.3324 6.53127 341.553
42.2862 6.51906 341.165
42.2497 6.51696 340.861
42.2799 6.51745 341.159
42.2524 6.50727 340.943
42.2131 6.50917 340.648
42.2455 6.50951 340.866
42.2591 6.5162 341.046
42.2599 6.49022 341.053
42.2516 6.49462 340.924
42.2571 6.50215 340.939
42.2516 6.48317 340.916
42.235 6.46827 340.772
42.2664 6.47984 341.072
42.2819 6.50356 341.26
42.2778 6.5111 341.219
42.2726 6.51258 341.216
42.2783 6.50868 341.222
42.255 6.49971 341.081
42.2687 6.50286 341.119
42.2538 6.49808 340.966
42.2706 6.5197 341.137
42.2619 6.51958 341.086
42.2553 6.49781 340.981
42.3023 6.49635 341.351
42.2636 6.50504 340.974
42.2766 6.52073 341.157
42.252 6.51985 340.902
42.2877 6.5186 341.269
42.2728 6.50476 341.098
42.2874 6.51519 341.297
42.2739 6.52267 341.117
42.319 6.5076 341.502
42.2885 6.50265 341.209
42.2728 6.48592 341.08
42.2728 6.50634 341.041
42.2562 6.5204 340.946
42.2662 6.511 340.997
42.2522 6.51302 340.864
42.2456 6.50795 340.765
42.2783 6.50313 341.105
42.2825 6.51876 341.169
42.2918 6.51965 341.319
42.2831 6.51995 341.155
42.2807 6.52481 341.149
42.2635 6.53431 340.957
42.2784 6.52269 341.117
42.2868 6.52669 341.179
42.2831 6.53066 341.164
42.3007 6.53605 341.305
42.2987 6.54006 341.298
42.3183 6.53774 341.497
42.3077 6.54525 341.45
42.2905 6.54926 341.213
42.2964 6.53017 341.243
42.2794 6.52876 341.069
42.3179 6.53763 341.412
42.3184 6.5322 341.366
42.3805 6.54593 341.945
42.3147 6.5413 341.396
42.3446 6.54445 341.742
42.3265 6.54369 341.557
42.3108 6.55104 341.348
42.2761 6.5439 341.029
42.2642 6.53392 340.934
42.2963 6.5554 341.247
42.3157 6.55398 341.369
42.2918 6.54578 341.165
42.2819 6.5188 341.065
42.3124 6.53223 341.346
42.32 6.53507 341.454
42.3157 6.5413 341.48
42.2699 6.53341 341.015
42.2753 6.54068 341.036
42.2925 6.55048 341.309
42.2831 6.5457 341.176
42.2632 6.52298 340.948
42.2603 6.53428 340.942
42.2678 6.52962 340.997
42.2801 6.53091 341.092
42.3065 6.54095 341.34
42.3197 6.54677 341.475
42.3474 6.55767 341.781
42.3247 6.54926 341.526
42.3361 6.54013 341.598
42.3166 6.54777 341.378
42.321 6.55112 341.453
42.3108 6.55396 341.334
42.325 6.56581 341.509
42.3178 6.54827 341.398
42.3468 6.54745 341.608
42.31 6.54321 341.231
42.3254 6.54118 341.402
42.2661 6.53832 340.869
42.2678 6.53508 340.861
42.2834 6.54316 341.013
42.302 6.55861 341.151
42.3024 6.55014 341.15
42.3425 6.5472 341.514
42.3389 6.5598 341.468
42.3003 6.54638 341.178
42.3285 6.55106 341.397
42.3431 6.54137 341.508
42.3453 6.55904 341.541
42.3015 6.55884 341.182
42.3182 6.52649 341.281
42.3008 6.54665 341.179
42.3068 6.51659 341.233
42.3067 6.52634 341.234
42.2965 6.53725 341.09
42.2618 6.52961 340.793
42.2658 6.53667 340.79
42.3027 6.55828 341.134
42.2966 6.55125 341
42.3436 6.5533 341.48
42.3489 6.55653 341.552
42.301 6.55801 341.096
42.2919 6.54844 340.986
42.3064 6.53616 341.205
42.3244 6.56307 341.292
42.3513 6.56287 341.495
42.3372 6.55601 341.393
42.349 6.56172 341.45
42.3899 6.57174 341.884
42.3758 6.57505 341.795
42.3507 6.58346 341.591
42.3879 6.59248 341.977
42.3691 6.5933 341.722
42.35 6.5796 341.513
42.3726 6.57608 341.81
42.35 6.55453 341.596
42.3402 6.55227 341.47
42.3024 6.55377 341.123
42.3108 6.54119 341.201
42.3058 6.53459 341.213
42.3199 6.55777 341.263
42.3324 6.56841 341.345
42.3122 6.55783 341.132
42.2536 6.55711 340.641
42.2781 6.56543 340.848
42.3525 6.59255 341.616
42.3311 6.57258 341.297
42.3482 6.58285 341.46
42.3394 6.58377 341.359
42.339 6.58215 341.321
42.3366 6.5738 341.319
42.3716 6.58129 341.698
42.3345 6.58379 341.324
42.3289 6.57988 341.263
42.3629 6.60522 341.548
42.3763 6.6174 341.611
42.3561 6.60754 341.406
42.3281 6.59946 341.148
42.3594 6.60587 341.365
42.3055 6.59343 340.895
42.3151 6.61517 340.927
42.3107 6.61994 340.841
42.332 6.62657 341.053
42.3358 6.62782 341.085
42.3121 6.61953 340.829
42.3297 6.62169 340.937
42.3833 6.64021 341.398
42.398 6.64449 341.569
42.3455 6.64053 341.04
42.3358 6.62573 340.918
42.4022 6.64045 341.534
42.4162 6.65507 341.667
42.3888 6.66883 341.378
42.3484 6.66767 341.031
42.3581 6.66632 341.034
42.3994 6.66072 341.399
42.3989 6.65995 341.362
42.4291 6.66119 341.675
42.4015 6.68501 341.437
42.3996 6.67647 341.38
42.3571 6.66666 340.985
42.3581 6.66222 340.977
42.3665 6.67812 341.115
42.3573 6.67215 341.009
42.3644 6.68781 341.034
42.3939 6.68694 341.202
42.4011 6.69406 341.34
42.4016 6.6917 341.323
42.3704 6.67875 341.023
42.4131 6.71151 341.517
42.3936 6.69582 341.294
42.336 6.66479 340.719
42.3593 6.6875 340.88
42.3725 6.6936 340.998
42.3665 6.6767 340.93
42.3672 6.66024 340.942
42.3826 6.68598 341.135
42.4007 6.7056 341.354
42.3836 6.69747 341.139
42.3917 6.69992 341.202
42.3667 6.70351 340.93
42.3452 6.69755 340.744
42.4362 6.71208 341.64
42.3411 6.6768 340.651
42.3428 6.68947 340.73
42.4149 6.70578 341.447
42.3831 6.69661 341.101
42.4104 6.68816 341.333
42.3406 6.69686 340.743
42.3388 6.85685 340.795
42.4062 7.22491 341.334
42.412 7.39275 341.375
42.4111 7.61301 341.355
42.4189 7.71297 341.433
42.4435 7.92844 341.691
42.4411 7.98425 341.66
42.4134 8.05466 341.386
42.4557 8.12166 341.777
42.4213 8.16999 341.405
42.4637 8.212 341.852
42.415 8.21308 341.414
42.4448 8.19873 341.67
42.4412 8.20843 341.625
42.415 8.20216 341.391
42.4245 8.19498 341.517
42.4272 8.19595 341.559
42.4153 8.19577 341.377
42.4366 8.19852 341.592
42.4147 8.20374 341.39
42.4486 8.20822 341.695
42.4288 8.37602 341.568
42.4119 8.61753 341.475
42.4716 8.74354 341.979
42.4855 8.86036 342.076
42.4947 9.13819 342.212
42.4207 9.214 341.47
42.4334 9.33297 341.56
42.4376 9.53988 341.604
42.4041 9.73464 341.278
42.3666 9.84174 340.946
42.4086 10.0962 341.289
42.4212 10.2197 341.359
42.4435 10.3469 341.592
42.4165 10.4808 341.364
42.4296 10.5752 341.463
42.426 10.6285 341.446
42.4151 10.6611 341.302
42.4232 10.6942 341.381
42.4639 10.7388 341.757
42.4682 10.7667 341.869
42.4678 10.8114 341.806
42.476 10.8627 341.773
42.4676 10.9054 341.859
42.4528 10.9814 341.638
42.4409 11.0925 341.539
42.4736 11.1787 341.904
42.4612 11.2099 341.678
42.4874 11.3115 341.884
42.4677 11.3754 341.742
42.5403 11.5904 342.354
42.4683 11.7784 341.768
42.4626 11.91 341.72
42.4266 12.0071 341.35
42.4459 12.2751 341.503
42.4842 12.4327 341.869
42.4532 12.546 341.579
42.4556 12.7568 341.597
42.4911 12.8506 341.88
42.4744 12.9127 341.701
42.4327 12.9943 341.316
42.3963 13.0853 340.994
42.4475 13.1491 341.47
42.469 13.1868 341.648
42.4711 13.1928 341.727
42.4825 13.2057 341.8
42.5148 13.2141 342.085
42.4852 13.2111 341.757
42.4607 13.2094 341.625
42.4429 13.2145 341.444
42.4394 13.2226 341.369
42.4549 13.238 341.517
42.5216 13.2606 342.163
42.4857 13.2539 341.806
42.4824 13.2845 341.833
42.5177 13.3927 342.075
42.4752 13.4085 341.713
42.4737 13.5233 341.723
42.4516 13.5566 341.558
42.4803 13.6626 341.728
42.4928 13.7195 341.941
42.4936 13.8003 341.954
42.4946 13.8754 341.949
42.4962 13.8973 341.907
42.5279 13.9427 342.27
42.4905 13.9187 341.921
42.453 13.9041 341.56
42.4501 13.9353 341.524
42.5232 13.9766 342.21
42.5065 13.9532 341.979
42.4935 13.9474 341.875
42.5296 13.9643 342.199
42.5075 13.9408 341.973
42.4868 13.9865 341.82
42.527 14.1068 342.219
42.5341 14.1844 342.297
42.5152 14.4086 342.147
42.4924 14.5181 341.863
42.486 14.7726 341.754
42.501 14.8948 341.886
42.5228 15.0309 342.128
42.4768 15.0355 341.737
42.511 15.062 342.024
42.5366 15.0682 342.245
42.4844 15.0502 341.845
42.4884 15.0329 341.818
42.4971 15.035 341.917
42.527 15.0496 342.164
42.4957 15.0436 341.896
42.4953 15.0443 341.912
42.4523 15.0222 341.511
42.4831 15.0391 341.776
42.4885 15.0465 341.847
42.4906 15.0393 341.848
42.5145 15.0463 342.1
42.5172 15.0509 342.096
42.5297 15.0463 342.229
42.5242 15.0441 342.12
42.4708 15.0217 341.65
42.491 15.0308 341.837
42.5084 15.0494 342.042
42.4859 15.042 341.87
42.547 15.0599 342.342
42.4933 15.0398 341.859
42.5092 15.0612 342.013
42.5342 15.0699 342.256
42.5157 15.0697 342.175
42.468 15.0344 341.675
42.4876 15.031 341.8
42.4947 15.0308 341.831
42.5224 15.0607 342.199
42.5073 15.0615 342.03
42.4853 15.057 341.818
42.4971 15.0474 341.959
42.4953 15.0329 341.931
42.4953 15.0357 341.94
42.5351 15.048 342.297
42.5142 15.0421 342.115
42.494 15.0369 341.974
42.4795 15.0257 341.768
42.4673 15.0234 341.611
42.4886 15.0437 341.899
42.4918 15.0472 342.016
42.4995 15.0482 342.049
42.5093 15.0492 342.147
42.476 15.0248 341.862
42.525 15.0349 342.283
42.4975 15.0167 342.082
42.4751 15.0215 341.793
42.5142 15.023 342.164
42.5575 15.0603 342.671
42.5139 15.0328 342.242
42.4823 15.012 341.914
42.4688 15.007 341.8
42.5568 15.0465 342.661
42.5155 15.0299 342.358
42.4556 14.9918 341.883
42.4932 15.008 342.222
42.4519 14.9901 341.876
42.4697 15.0028 342.071
42.4922 15.0112 342.24
42.4654 15.0051 341.953
42.4539 14.9963 341.895
42.4765 15.0088 342.098
42.4677 15.0049 342.067
42.4421 15.0011 341.844
42.4525 15.0047 341.906
42.4702 15.0069 342.048
42.4671 15.001 342.009
42.4791 15.0052 342.091
42.5087 15.0145 342.389
42.4589 14.9861 341.901
42.4249 14.9553 341.594
42.4359 14.9685 341.735
42.4611 14.9833 341.955
42.4342 14.9767 341.704
42.4109 14.9526 341.487
42.4052 14.9696 341.454
42.4459 14.9842 341.876
42.4708 14.9865 342.102
42.4417 14.9625 341.871
42.4465 14.9753 341.91
42.476 15.0134 342.185
42.4876 15.0052 342.245
42.4276 14.9711 341.688
42.4454 14.9772 341.923
42.4504 14.9883 341.994
42.4558 14.9928 341.963
42.4333 14.9912 341.759
42.4339 14.9868 341.787
42.5424 15.025 342.785
42.5253 15.0128 342.653
42.4638 14.9894 342.094
42.4883 15.0088 342.278
42.5051 15.0074 342.426
42.4665 14.9803 342.09
42.539 15.0263 342.764
42.4963 15.0071 342.369
42.4848 15.0027 342.264
42.4454 14.9905 341.825
42.465 14.9942 342.002
42.4136 14.982 341.61
42.4031 14.9784 341.627
42.431 14.9798 341.698
42.4551 14.9949 341.972
42.4527 14.9859 341.922
42.469 14.9865 342.061
42.3974 14.9632 341.478
42.4494 14.9889 341.992
42.444 14.981 341.917
42.4236 14.9753 341.753
42.4513 14.9773 341.988
42.4695 14.9905 342.114
42.4245 14.982 341.696
42.458 14.9805 342.009
42.4695 14.9926 342.142
42.4898 14.9986 342.337
42.4966 14.9996 342.332
42.4799 14.9954 342.223
42.4746 15.0104 342.182
42.4368 15.0061 341.846
42.4359 15.0009 341.793
42.3889 15.0071 341.319
42.4291 15.0567 341.683
42.4628 15.0952 342.002
42.4475 15.0943 341.882
42.4497 15.0978 341.856
42.4335 15.0921 341.736
42.4392 15.0842 341.743
42.459 15.1117 341.945
42.4622 15.1063 341.944
42.4611 15.1084 341.951
42.4558 15.1173 341.918
42.4503 15.1016 341.889
42.5094 15.1332 342.52
42.4613 15.1067 342.047
42.4734 15.1185 342.127
42.4797 15.1027 342.11
42.4942 15.1086 342.253
42.512 15.1209 342.483
42.5359 15.1388 342.759
42.5201 15.1233 342.578
42.5044 15.1197 342.428
42.4782 15.1145 342.208
42.5334 15.1269 342.776
42.4668 15.101 342.153
42.4301 15.0847 341.903
42.4444 15.0925 341.966
42.4362 15.0907 341.853
42.4567 15.0944 342.102
42.4751 15.086 342.356
42.4607 15.0896 342.225
42.4653 15.1076 342.351
42.4597 15.0832 342.286
42.4624 15.0815 342.301
42.4576 15.0939 342.281
42.4544 15.1011 342.287
42.4367 15.0804 342.143
42.4123 15.0577 341.943
42.4109 15.0679 341.902
42.4254 15.0723 342.041
42.4276 15.0766 342.145
42.4468 15.0961 342.301
42.418 15.0793 342.039
42.4591 15.0898 342.36
42.4411 15.0883 342.337
42.4478 15.0739 342.42
42.3975 15.052 341.793
42.4512 15.0756 342.284
42.441 15.0849 342.219
42.4554 15.0881 342.33
42.4327 15.0813 342.119
42.4423 15.0833 342.202
42.4375 15.0751 342.11
42.4718 15.0916 342.487
42.4148 15.0755 341.987
42.4543 15.0848 342.315
42.4237 15.0568 341.98
42.4327 15.0626 342.047
42.4179 15.0612 341.931
42.3995 15.0535 341.762
42.4237 15.0769 341.978
42.4389 15.0816 342.041
42.4105 15.0706 341.826
42.3897 15.0701 341.635
42.4158 15.071 341.844
42.4219 15.0665 341.887
42.4231 15.0591 341.939
42.4264 15.0665 341.965
42.4328 15.0717 342.034
42.4295 15.054 341.954
42.427 15.0592 341.968
42.4424 15.0781 342.097
42.4263 15.0832 341.932
42.4633 15.0808 342.308
42.4735 15.0894 342.396
42.4213 15.0652 341.973
42.4311 15.0753 341.985
42.3621 15.0553 341.38
42.4179 15.0699 341.85
42.4562 15.0738 342.157
42.4342 15.0753 341.979
42.4382 15.0713 342.016
42.4499 15.0765 342.096
42.4114 15.0578 341.774
42.4168 15.0617 341.803
42.4364 15.0631 342.038
42.4327 15.0624 342.007
42.4456 15.0807 342.153
42.4593 15.0944 342.264
42.4594 15.0981 342.245
42.4293 15.0618 341.933
42.4254 15.0623 341.875
42.4437 15.0652 342.103
42.4699 15.0764 342.369
42.4833 15.0801 342.497
42.4934 15.0887 342.602
42.4904 15.0872 342.521
42.4785 15.0792 342.408
42.4596 15.0694 342.227
42.4355 15.0586 342.057
42.4366 15.051 342.058
42.482 15.0623 342.548
42.4801 15.0655 342.516
42.4855 15.099 342.587
42.477 15.0824 342.46
42.4825 15.0874 342.536
42.428 15.067 342.046
42.5027 15.0896 342.704
42.447 15.0681 342.21
42.3891 15.0489 341.681
42.4437 15.0801 342.146
42.458 15.0827 342.28
42.4212 15.057 341.903
42.4282 15.0621 342.033
42.4736 15.0847 342.381
42.4565 15.0954 342.194
42.4877 15.1172 342.493
42.4829 15.1065 342.429
42.4202 15.0795 341.828
42.3942 15.0619 341.564
42.4385 15.0788 341.988
42.4398 15.0598 342.017
42.4151 15.0528 341.843
42.4163 15.0774 341.922
42.4575 15.0977 342.174
42.4702 15.0881 342.315
42.4566 15.0906 342.196
42.4451 15.0801 342.117
42.3979 15.0644 341.667
42.4467 15.0826 342.027
42.4643 15.0882 342.187
42.4435 15.0693 342.043
42.4805 15.0871 342.432
42.4695 15.0899 342.368
42.4921 15.1152 342.473
42.4704 15.1045 342.352
42.4566 15.0919 342.154
42.4338 15.1019 341.905
42.4687 15.1098 342.22
42.4727 15.0959 342.331
42.4795 15.1103 342.368
42.4403 15.0972 342.077
42.4436 15.1035 342.045
42.4437 15.0978 342.052
42.4634 15.1034 342.227
42.4641 15.1115 342.181
42.4291 15.0957 341.885
42.4274 15.0931 341.882
42.3984 15.0724 341.521
42.3936 15.0649 341.498
42.4218 15.079 341.744
42.4433 15.0873 341.948
42.4096 15.0836 341.633
42.4508 15.0948 342.008
42.4356 15.0947 341.854
42.4327 15.0884 341.865
42.4378 15.0937 341.87
42.4845 15.1156 342.254
42.4917 15.1114 342.323
42.4969 15.1009 342.437
42.5387 15.124 342.829
42.4831 15.0941 342.333
42.4583 15.1008 342.058
42.4349 15.0937 341.846
42.4863 15.1205 342.322
42.5019 15.1171 342.42
42.4961 15.1124 342.371
42.437 15.0982 341.861
42.4984 15.1114 342.463
42.4647 15.1074 342.166
42.4777 15.1185 342.192
42.4787 15.122 342.269
42.4562 15.1143 342.099
42.4371 15.0972 341.941
42.4881 15.1231 342.285
42.4511 15.1914 341.843
42.4601 15.2589 341.973
42.4792 15.3506 342.238
42.4895 15.3825 342.266
42.4639 15.3962 342.054
42.4752 15.405 342.157
42.4867 15.4028 342.257
42.465 15.4142 342.106
42.4739 15.4517 342.181
42.496 15.4941 342.394
42.5494 15.5585 342.854
42.5225 15.6278 342.631
42.5379 15.6938 342.729
42.4503 15.691 341.934
42.3665 15.6745 341.161
42.4671 15.7204 342.068
42.4583 15.7261 341.975
42.4682 15.7374 342.044
42.5108 15.835 342.489
42.4856 15.8896 342.2
42.5059 15.9599 342.405
42.4792 16.0733 342.173
42.4751 16.1988 342.081
42.5186 16.312 342.474
42.4577 16.3384 341.938
42.419 16.3471 341.539
42.4245 16.4704 341.609
42.4686 16.559 341.956
42.5037 16.6634 342.372
42.5147 16.7361 342.432
42.4621 16.7778 341.927
42.4667 16.9021 342.034
42.4386 16.9586 341.784
42.4962 17.0752 342.26
42.5293 17.2338 342.501
42.468 17.3117 341.988
42.4399 17.3523 341.807
42.4849 17.5483 342.104
42.4791 17.6581 342.054
42.4752 17.7104 342.075
42.4932 17.7628 342.212
42.5224 17.8987 342.555
42.505 17.8828 342.437
42.4846 17.8949 342.141
42.4617 17.931 341.888
42.432 17.9489 341.646
42.4357 17.9698 341.662
42.4362 17.9939 341.697
42.4446 18.0243 341.703
42.455 18.1452 341.86
42.4405 18.1671 341.728
42.4647 18.3283 341.969
42.5132 18.3947 342.39
42.539 18.4875 342.601
42.5375 18.6254 342.607
42.5157 18.6902 342.414
42.4828 18.7342 342.199
42.4881 18.7761 342.234
42.4764 18.8137 342.058
42.5177 18.9497 342.528
42.4638 19.0712 341.978
42.4871 19.1601 342.171
42.483 19.3067 342.22
42.5205 19.4127 342.496
42.515 19.5773 342.379
42.4694 19.5917 342.003
42.4933 19.6842 342.296
42.4924 19.8346 342.308
42.4878 19.9093 342.158
42.5046 19.9868 342.334
42.5292 20.1281 342.493
42.5371 20.2105 342.569
42.5537 20.4286 342.805
42.5184 20.5281 342.472
42.5431 20.7846 342.718
42.5986 20.9193 343.23
42.609 21.0383 343.237
42.5629 21.108 342.861
42.5801 21.2921 343.047
42.5802 21.3929 343.04
42.5214 21.5582 342.415
42.569 21.7082 342.93
42.5602 21.8837 342.871
42.5726 21.9925 342.958
42.606 22.1099 343.226
42.4935 22.1751 342.332
42.573 22.398 342.949
42.6031 22.5038 343.225
42.6199 22.6112 343.37
42.6397 22.7014 343.636
42.6176 22.7882 343.377
42.5866 22.8215 343.057
42.5373 22.8538 342.635
42.5722 22.8952 342.911
42.6238 22.9515 343.382
42.6156 23.0019 343.391
42.6448 23.0679 343.645
42.533 23.0288 342.689
42.6412 23.0977 343.556
42.6464 23.1506 343.633
42.6623 23.2096 343.836
42.5793 23.1875 343.028
42.5439 23.1853 342.686
42.6176 23.308 343.36
42.6305 23.3829 343.464
42.6569 23.4416 343.767
42.61 23.4636 343.322
42.6283 23.5171 343.481
42.6143 23.5523 343.388
42.6375 23.6725 343.575
42.6289 23.7285 343.55
42.6398 23.8609 343.642
42.6452 23.9015 343.645
42.6859 23.9645 343.923
42.6516 24.009 343.648
42.6457 24.0446 343.623
42.6836 24.0868 344.006
42.6491 24.1389 343.77
42.6103 24.1522 343.381
42.616 24.166 343.362
42.6707 24.2107 343.901
42.6568 24.2124 343.753
42.6755 24.2225 343.937
42.6594 24.2381 343.759
42.6393 24.2798 343.548
42.6915 24.3214 344.053
42.7044 24.3646 344.184
42.6764 24.3616 343.894
42.691 24.4573 344.019
42.6685 24.5858 343.855
42.7489 24.712 344.636
42.7177 24.7524 344.3
42.6559 24.7489 343.618
42.7315 24.8722 344.396
42.7595 24.9593 344.673
42.7231 25.087 344.431
42.6849 25.1503 344.053
42.7126 25.2286 344.317
42.7172 25.2474 344.315
42.7275 25.256 344.341
42.6869 25.2403 343.979
42.7346 25.2677 344.421
42.75 25.3138 344.636
42.7041 25.3041 344.24
42.6248 25.2707 343.478
42.6769 25.3327 343.949
42.756 25.3986 344.619
42.7019 25.36 344.16
42.7221 25.3738 344.34
42.6448 25.3263 343.569
42.6416 25.3427 343.605
42.6924 25.4032 344.015
42.7194 25.4509 344.361
42.7357 25.4529 344.497
42.7351 25.4448 344.484
42.744 25.4696 344.633
42.7021 25.4447 344.215
42.7175 25.4499 344.349
42.7692 25.4781 344.795
42.7135 25.4355 344.231
42.7592 25.4928 344.781
42.7213 25.4695 344.418
42.6598 25.4408 343.765
42.6944 25.5199 344.054
42.7185 25.7478 344.3
42.6853 25.8185 344.007
42.6873 25.9363 344.017
42.6788 25.982 343.901
42.7351 26.1114 344.421
42.742 26.1093 344.545
42.7377 26.1179 344.532
42.7382 26.1182 344.498
42.7752 26.1605 344.81
42.7236 26.1212 344.393
42.7129 26.1009 344.346
42.7416 26.1389 344.585
42.7441 26.1419 344.564
42.7196 26.1231 344.308
42.7366 26.1297 344.456
42.6982 26.1029 344.134
42.6316 26.0596 343.544
42.6678 26.0874 343.866
42.6854 26.0944 344.069
42.6749 26.0853 343.938
42.7212 26.1006 344.328
42.7106 26.1079 344.252
42.6886 26.0959 344.088
42.7319 26.1359 344.463
42.7142 26.1145 344.32
42.7193 26.1014 344.389
42.711 26.0958 344.371
42.7111 26.1193 344.283
42.7389 26.1321 344.53
42.7346 26.1491 344.53
42.7148 26.1101 344.301
42.7319 26.1265 344.508
42.7171 26.1266 344.373
42.6988 26.1254 344.209
42.7168 26.1377 344.418
42.6976 26.1266 344.216
42.6614 26.111 343.872
42.6961 26.1445 344.238
42.7656 26.1616 344.762
42.7548 26.1582 344.68
42.7131 26.1283 344.334
42.7762 26.1874 344.889
42.764 26.1937 344.78
42.7182 26.1646 344.344
42.7022 26.1664 344.211
42.6862 26.1508 344.044
42.7034 26.1608 344.252
42.7414 26.1877 344.545
42.7323 26.1778 344.466
42.7347 26.185 344.468
42.7258 26.1652 344.352
42.7085 26.1616 344.24
42.6976 26.1585 344.193
42.7497 26.1896 344.584
42.769 26.2024 344.768
42.7627 26.1941 344.717
42.765 26.1947 344.746
42.7326 26.1757 344.465
42.7234 26.1746 344.415
42.7221 26.1686 344.377
42.7119 26.1536 344.338
42.734 26.1527 344.469
42.7431 26.1675 344.521
42.7131 26.1468 344.208
42.7251 26.1473 344.337
42.6451 26.1084 343.658
42.645 26.1133 343.704
42.6795 26.1427 343.979
42.7216 26.1668 344.412
42.7128 26.1595 344.297
42.6926 26.1537 344.175
42.7265 26.1675 344.458
42.7581 26.1796 344.754
42.728 26.1622 344.443
42.7039 26.136 344.181
42.6976 26.1413 344.215
42.6468 26.1164 343.856
42.6455 26.1111 343.795
42.6163 26.0802 343.507
42.6108 26.0912 343.456
42.6432 26.1106 343.777
42.6505 26.1187 343.822
42.6571 26.1156 343.89
42.7047 26.1385 344.386
42.715 26.1289 344.572
42.6518 26.1028 343.93
42.6394 26.0866 343.866
42.6735 26.1052 344.204
42.7146 26.1451 344.69
42.694 26.1086 344.52
42.7113 26.1037 344.762
42.7301 26.1186 344.891
42.72 26.1247 344.744
42.6954 26.1061 344.523
42.7154 26.116 344.768
42.6603 26.0666 344.205
42.6493 26.0653 344.154
42.6824 26.0927 344.432
42.7018 26.0957 344.576
42.6813 26.0894 344.446
42.6453 26.0732 344.211
42.67 26.0892 344.388
42.6426 26.0799 344.081
42.6657 26.0855 344.226
42.6848 26.0959 344.408
42.6958 26.1327 344.497
42.782 26.1633 345.194
42.7733 26.1597 345.084
42.7324 26.1207 344.688
42.7039 26.1215 344.507
42.673 26.0822 344.169
42.7325 26.1496 344.668
42.6602 26.081 343.93
42.7181 26.1277 344.526
42.7032 26.1189 344.442
42.7365 26.1501 344.687
42.6897 26.0959 344.196
42.7139 26.1427 344.386
42.7489 26.1676 344.721
42.7086 26.1453 344.329
42.7637 26.1897 344.797
42.6756 26.1381 344.036
42.6937 26.1527 344.228
42.6888 26.1435 344.096
42.675 26.1333 343.986
42.6607 26.1251 343.784
42.6709 26.1188 343.842
42.6926 26.1453 344.017
42.7116 26.1733 344.219
42.7045 26.1588 344.088
42.6921 26.1607 343.994
42.7045 26.1676 344.095
42.6727 26.1234 343.807
42.7025 26.1499 344.06
42.739 26.1842 344.39
42.6958 26.1386 343.966
42.6791 26.1276 343.829
42.7222 26.1665 344.209
42.7514 26.1846 344.482
42.7569 26.1912 344.545
42.7737 26.204 344.674
42.7298 26.1843 344.285
42.7261 26.1927 344.283
42.6871 26.1523 343.882
42.6827 26.145 343.875
42.7018 26.1574 344.032
42.6907 26.1471 343.954
42.7288 26.185 344.291
42.7104 26.1561 344.105
42.6938 26.1519 343.939
42.7214 26.1805 344.201
42.7185 26.1682 344.169
42.7118 26.1586 344.047
42.7019 26.167 343.974
42.7552 26.2178 344.573
42.7116 26.1716 344.156
42.7204 26.176 344.274
42.696 26.1747 344.017
42.7088 26.1679 344.086
42.7196 26.1878 344.22
42.7288 26.1981 344.331
42.7012 26.1719 344.059
42.71 26.1759 344.147
42.7248 26.1909 344.259
42.7287 26.2033 344.334
42.726 26.203 344.267
42.7029 26.1783 344.034
42.7423 26.1959 344.415
42.7458 26.1934 344.503
42.761 26.2118 344.648
42.7588 26.2258 344.7
42.7256 26.1915 344.316
42.6943 26.1435 343.981
42.7078 26.1582 344.115
42.6768 26.1309 343.822
42.6882 26.1347 343.911
42.7186 26.1574 344.187
42.7255 26.188 344.31
42.6619 26.1374 343.727
42.6705 26.1363 343.769
42.6923 26.1344 343.994
42.7052 26.1615 344.097
42.7113 26.1663 344.178
42.6927 26.1543 344.033
42.7324 26.187 344.399
42.741 26.1834 344.449
42.7318 26.1854 344.358
42.7463 26.2018 344.448
42.7545 26.1981 344.529
42.7557 26.1957 344.539
42.7525 26.1948 344.6
42.7903 26.2197 344.919
42.7677 26.2222 344.846
42.7525 26.1923 344.651
42.7528 26.1956 344.655
42.7903 26.2168 345.002
42.7426 26.1887 344.591
42.7308 26.1805 344.483
42.7669 26.2078 344.848
42.7788 26.2254 344.984
42.7442 26.2032 344.583
42.7752 26.2133 344.882
42.7465 26.1871 344.694
42.7588 26.1833 344.712
42.7421 26.1565 344.53
42.7486 26.1619 344.567
42.7416 26.1567 344.518
42.7901 26.1945 344.904
42.7908 26.2103 344.967
42.7748 26.2063 344.782
42.7807 26.2129 344.838
42.7325 26.1796 344.425
42.7384 26.1717 344.503
42.7572 26.1986 344.652
42.7878 26.2367 344.953
42.7554 26.2018 344.603
42.731 26.1729 344.431
42.7663 26.2061 344.748
42.7505 26.1952 344.622
42.7313 26.1817 344.438
42.7389 26.1856 344.478
42.784 26.2148 344.846
42.7746 26.2211 344.856
42.7687 26.21 344.765
42.7288 26.1813 344.404
42.7771 26.208 344.847
42.7536 26.193 344.649
42.7478 26.2044 344.643
42.7218 26.1797 344.384
42.6824 26.1423 343.879
42.7065 26.1618 344.183
42.6879 26.152 344.015
42.7133 26.172 344.28
42.7048 26.1712 344.204
42.7094 26.1741 344.281
42.7163 26.1783 344.298
42.7218 26.1756 344.275
42.737 26.1838 344.437
42.7148 26.1784 344.32
42.7172 26.1715 344.275
42.7389 26.1802 344.45
42.7492 26.1996 344.611
42.7021 26.1578 344.127
42.7486 26.1825 344.499
42.764 26.183 344.695
42.7379 26.1852 344.428
42.7213 26.1677 344.279
42.7301 26.175 344.331
42.7705 26.213 344.783
42.7654 26.1901 344.657
42.7554 26.1829 344.614
42.7676 26.2121 344.697
42.7499 26.2069 344.509
42.693 26.1572 344.025
42.7467 26.1841 344.489
42.7241 26.1805 344.274
42.6886 26.1576 343.932
42.7013 26.1586 343.986
42.6935 26.1473 343.963
42.7357 26.2011 344.348
42.7253 26.2029 344.307
42.7163 26.1923 344.214
42.7069 26.1843 344.157
42.7515 26.2099 344.542
42.7503 26.2076 344.507
42.7439 26.1972 344.412
42.6982 26.1729 344.027
42.6815 26.1658 343.877
42.6652 26.1597 343.779
42.6864 26.17 343.921
42.6376 26.14 343.44
42.6971 26.1723 343.949
42.6846 26.1502 343.837
42.7037 26.1685 343.989
42.7244 26.1747 344.216
42.6969 26.1621 343.921
42.6857 26.1607 343.859
42.7072 26.176 344.046
42.7241 26.1799 344.171
42.7455 26.195 344.375
42.7547 26.1976 344.504
42.7196 26.1622 344.076
42.7045 26.1803 344.038
42.7248 26.1975 344.237
42.7466 26.2124 344.432
42.7193 26.2014 344.227
42.6771 26.1748 343.847
42.6915 26.1883 343.973
42.6944 26.1802 343.933
42.7326 26.2169 344.361
42.7426 26.2002 344.443
42.7426 26.2211 344.423
42.6935 26.1731 343.916
42.7209 26.1935 344.207
42.7101 26.1814 344.081
42.7249 26.1851 344.268
42.7172 26.1899 344.191
42.7138 26.1725 344.15
42.6773 26.1343 343.795
42.6932 26.159 343.953
42.7273 26.1969 344.3
42.7411 26.2014 344.37
42.7608 26.2341 344.548
42.7509 26.2124 344.433
42.7577 26.2184 344.557
42.7573 26.2156 344.515
42.7496 26.2112 344.443
42.7272 26.196 344.237
42.7685 26.2213 344.649
42.6842 26.1595 343.784
42.7195 26.1908 344.123
42.7403 26.2095 344.363
42.7501 26.2111 344.467
42.7406 26.2111 344.342
42.7204 26.1959 344.128
42.7076 26.1747 344.008
42.7256 26.1721 344.206
42.7046 26.1917 343.97
42.7337 26.2662 344.197
42.72 26.3131 344.153
42.7674 26.4613 344.604
42.7386 26.5109 344.249
42.7503 26.6371 344.362
42.765 26.8754 344.496
42.7907 27.0087 344.756
42.7603 27.0711 344.576
42.7636 27.1616 344.557
42.7217 27.1806 344.273
42.76 27.2406 344.602
42.7375 27.2669 344.321
42.7613 27.3389 344.551
42.7893 27.4845 344.773
42.8222 27.5657 345.094
42.7595 27.5834 344.517
42.75 27.6222 344.449
42.7796 27.6391 344.659
42.7799 27.6449 344.658
42.7859 27.6965 344.779
42.8304 27.7469 345.192
42.8345 27.7606 345.202
42.8142 27.7539 344.956
42.8251 27.8736 345.14
42.8454 27.999 345.482
42.8426 28.0365 345.345
42.7984 28.1467 344.979
42.7949 28.2057 344.893
42.8288 28.2944 345.152
42.8286 28.3761 345.168
42.8499 28.5428 345.397
42.859 28.6446 345.4
42.8556 28.7802 345.422
42.8198 28.8534 345.12
42.805 28.8922 344.974
