38.8976 -18.6587 291.822
38.8894 -18.6514 291.745
38.885 -18.644 291.69
38.9043 -18.6604 291.87
38.8893 -18.6541 291.725
38.8825 -18.6569 291.677
38.8909 -18.6532 291.739
38.8783 -18.6481 291.641
38.8843 -18.6488 291.717
38.8886 -18.6541 291.772
38.8758 -18.6495 291.64
38.874 -18.6471 291.612
38.8769 -18.6472 291.639
38.8675 -18.6397 291.565
38.8877 -18.6462 291.721
38.8901 -18.6484 291.73
38.8908 -18.6548 291.75
38.8782 -18.6504 291.661
38.8916 -18.6599 291.772
38.8857 -18.6536 291.706
38.8695 -18.6445 291.561
38.8901 -18.6578 291.748
38.8911 -18.6578 291.741
38.8711 -18.646 291.575
38.8737 -18.6421 291.569
38.8742 -18.6372 291.59
38.8786 -18.654 291.66
38.9087 -18.6659 291.933
38.9001 -18.6617 291.834
38.8879 -18.6554 291.733
38.883 -18.6503 291.69
38.8773 -18.6568 291.631
38.8923 -18.6581 291.741
38.9055 -18.6597 291.865
38.8857 -18.6517 291.685
38.8991 -18.6606 291.818
38.8935 -18.6581 291.772
38.906 -18.6636 291.903
38.8999 -18.6633 291.852
38.9145 -18.6731 291.965
38.8852 -18.655 291.717
38.898 -18.659 291.803
38.9066 -18.6629 291.895
38.9046 -18.6674 291.896
38.8992 -18.6661 291.835
38.885 -18.6594 291.689
38.8846 -18.6607 291.717
38.8828 -18.6588 291.724
38.8866 -18.6561 291.711
38.8948 -18.6616 291.776
38.8972 -18.6619 291.796
38.8862 -18.6554 291.711
38.9045 -18.6699 291.861
38.8862 -18.6648 291.731
38.8723 -18.653 291.62
38.8949 -18.6651 291.815
38.8706 -18.6492 291.579
38.8749 -18.6559 291.616
38.8811 -18.6557 291.68
38.8947 -18.665 291.818
38.8825 -18.6553 291.708
38.8738 -18.6572 291.637
38.8847 -18.6588 291.728
38.8865 -18.6596 291.754
38.881 -18.6559 291.697
38.9004 -18.6629 291.847
38.8883 -18.6606 291.759
38.8762 -18.6463 291.655
38.884 -18.657 291.706
38.8935 -18.6653 291.777
38.8907 -18.6662 291.776
38.8876 -18.6579 291.75
38.8959 -18.6664 291.817
38.8799 -18.657 291.674
38.8759 -18.6534 291.656
38.8793 -18.6509 291.673
38.8689 -18.6456 291.574
38.876 -18.6489 291.637
38.8716 -18.6478 291.593
38.8747 -18.6554 291.643
38.8857 -18.6583 291.729
38.896 -18.6592 291.794
38.8697 -18.6453 291.58
38.8826 -18.6526 291.678
38.895 -18.6567 291.774
38.8862 -18.6516 291.702
38.8866 -18.6575 291.71
38.8925 -18.6545 291.766
38.8911 -18.6582 291.761
38.9003 -18.6716 291.887
38.8926 -18.6693 291.798
38.8922 -18.6666 291.795
38.8953 -18.6661 291.815
38.9002 -18.6719 291.86
38.8979 -18.6653 291.816
38.8904 -18.6566 291.757
38.8916 -18.6653 291.804
38.8895 -18.6688 291.795
38.8962 -18.6747 291.833
38.8912 -18.6702 291.795
38.8944 -18.6772 291.843
38.8856 -18.6717 291.762
38.8855 -18.6705 291.732
38.871 -18.6578 291.644
38.876 -18.6649 291.709
38.8721 -18.6579 291.68
38.8792 -18.6622 291.722
38.8715 -18.6627 291.664
38.8758 -18.6633 291.703
38.8744 -18.6685 291.696
38.8744 -18.6699 291.693
38.8835 -18.6761 291.792
38.8923 -18.6816 291.843
38.8765 -18.6677 291.697
38.8772 -18.6675 291.704
38.8764 -18.6664 291.714
38.8697 -18.6667 291.668
38.8816 -18.6781 291.776
38.8815 -18.6751 291.774
38.8635 -18.6661 291.633
38.8776 -18.6761 291.756
38.8736 -18.6731 291.712
38.8764 -18.6729 291.738
38.882 -18.6813 291.77
38.8808 -18.6789 291.772
38.8901 -18.6887 291.85
38.8837 -18.6833 291.799
38.8788 -18.6726 291.755
38.8789 -18.6794 291.753
38.8783 -18.6756 291.751
38.8823 -18.6752 291.789
38.8799 -18.6736 291.753
38.8835 -18.6731 291.781
38.8916 -18.6786 291.861
38.9032 -18.6777 291.92
38.8844 -18.6738 291.774
38.8852 -18.6762 291.772
38.8889 -18.6785 291.811
38.8753 -18.6724 291.69
38.8761 -18.6758 291.69
38.8825 -18.6751 291.741
38.8906 -18.6687 291.802
38.8819 -18.6678 291.748
38.903 -18.6766 291.907
38.8876 -18.67 291.782
38.8723 -18.6669 291.673
38.8728 -18.6636 291.665
38.8774 -18.6668 291.705
38.8792 -18.6721 291.684
38.879 -18.6598 291.691
38.8873 -18.6671 291.777
38.8808 -18.6624 291.734
38.8901 -18.6702 291.817
38.8717 -18.6585 291.654
38.8854 -18.6639 291.745
38.8948 -18.6724 291.819
38.8775 -18.6534 291.671
38.8786 -18.6598 291.684
38.8756 -18.6578 291.658
38.8757 -18.6571 291.657
38.8873 -18.6655 291.755
38.8932 -18.6739 291.825
38.8727 -18.6572 291.609
38.8857 -18.6655 291.749
38.8808 -18.6581 291.689
38.8698 -18.652 291.582
38.8778 -18.6586 291.671
38.8644 -18.6508 291.581
38.8716 -18.6513 291.611
38.8787 -18.6579 291.675
38.8791 -18.6542 291.668
38.891 -18.6628 291.75
38.894 -18.6635 291.804
38.9042 -18.6702 291.909
38.9058 -18.6711 291.877
38.896 -18.6682 291.768
38.8864 -18.6582 291.712
38.8746 -18.6549 291.662
38.8875 -18.6584 291.734
38.8678 -18.6477 291.558
38.8808 -18.6562 291.664
38.8907 -18.6558 291.741
38.891 -18.6598 291.74
38.9033 -18.6675 291.838
38.8826 -18.6564 291.674
38.8786 -18.6551 291.629
38.8891 -18.6641 291.735
38.8891 -18.6618 291.721
38.8847 -18.6533 291.676
38.8905 -18.6561 291.727
38.891 -18.6634 291.741
38.8977 -18.6639 291.791
38.8925 -18.6625 291.755
38.8823 -18.6556 291.679
38.8876 -18.658 291.717
38.8753 -18.6524 291.588
38.89 -18.6638 291.73
38.8878 -18.6678 291.705
38.8923 -18.6691 291.754
38.9015 -18.6681 291.824
38.8998 -18.6662 291.808
38.9006 -18.6618 291.812
38.8987 -18.6605 291.798
38.9038 -18.6599 291.825
38.9048 -18.6614 291.831
38.8987 -18.6581 291.788
38.895 -18.6599 291.758
38.8904 -18.6588 291.726
38.8951 -18.6605 291.762
38.898 -18.6573 291.769
38.8897 -18.6551 291.71
38.8785 -18.6467 291.616
38.8863 -18.6503 291.69
38.9129 -18.6718 291.928
38.905 -18.6671 291.854
38.9023 -18.6607 291.846
38.9092 -18.665 291.891
38.908 -18.666 291.88
38.8999 -18.6648 291.793
38.8992 -18.6622 291.775
38.8987 -18.6581 291.778
38.8975 -18.6579 291.74
38.9032 -18.6616 291.796
38.8946 -18.663 291.751
38.8977 -18.6609 291.762
38.9024 -18.6637 291.816
38.8988 -18.6628 291.795
38.8982 -18.6676 291.788
38.883 -18.6416 291.637
38.8987 -18.3938 291.768
38.8987 -18.1929 291.804
38.9093 -18.0096 291.945
38.9144 -17.8189 291.968
38.917 -17.8237 291.985
38.9206 -17.8262 292.033
38.9198 -17.8319 292.038
38.9325 -17.8414 292.154
38.9129 -17.8302 291.985
38.9147 -17.8245 291.992
38.9228 -17.8291 292.06
38.9285 -17.8316 292.105
38.926 -17.8367 292.1
38.9251 -17.8298 292.091
38.9263 -17.829 292.106
38.925 -17.8277 292.095
38.9097 -17.8266 291.929
38.9154 -17.8321 291.986
38.9164 -17.8323 291.994
38.9009 -17.8206 291.852
38.8974 -17.8203 291.821
38.9025 -17.8212 291.862
38.9149 -17.8232 291.962
38.9099 -17.8252 291.929
38.9072 -17.8212 291.937
38.9125 -17.8191 291.949
38.9336 -17.8354 292.123
38.9152 -17.8327 291.987
38.9165 -17.8406 291.994
38.9132 -17.8436 291.946
38.9042 -17.8445 291.872
38.9193 -17.8472 291.989
38.9301 -17.8552 292.071
38.9221 -17.848 291.997
38.9111 -17.8504 291.937
38.9108 -17.8429 291.913
38.9117 -17.8415 291.925
38.9158 -17.8431 291.968
38.9115 -17.8421 291.902
38.9192 -17.8497 291.966
38.9039 -17.8437 291.866
38.9067 -17.8218 291.898
38.903 -17.7914 291.861
38.9049 -17.7741 291.875
38.9116 -17.675 291.954
38.9117 -17.573 291.979
38.9063 -17.3511 291.914
38.9208 -17.2297 292.058
38.9267 -17.2081 292.115
38.9238 -17.1764 292.085
38.9314 -17.0633 292.135
38.9442 -16.9738 292.27
38.9139 -16.8729 292.017
38.9555 -16.762 292.366
38.9557 -16.6274 292.365
38.9226 -16.5555 292.091
38.9228 -16.5059 292.094
38.9688 -16.4045 292.464
38.9453 -16.3311 292.271
38.9229 -16.1275 292.097
38.9526 -16.0658 292.339
38.9419 -15.9913 292.209
38.951 -15.7704 292.336
38.9407 -15.6418 292.283
38.9491 -15.3986 292.325
38.9486 -15.3181 292.338
38.9593 -15.2524 292.442
38.959 -15.1877 292.415
38.954 -15.0579 292.395
38.9635 -14.9338 292.447
38.9523 -14.8393 292.33
38.9725 -14.7692 292.549
38.9535 -14.5864 292.34
38.9616 -14.4856 292.427
38.9602 -14.4116 292.449
38.9581 -14.3919 292.417
38.9453 -14.3674 292.303
38.9489 -14.2903 292.3
38.9421 -14.238 292.229
38.9269 -14.1893 292.112
38.9529 -14.1139 292.325
38.9542 -14.0397 292.308
38.9434 -14.0196 292.248
38.9693 -14.0057 292.477
38.9644 -13.9648 292.431
38.9627 -13.818 292.42
38.9612 -13.6597 292.402
38.9492 -13.5893 292.279
38.9312 -13.5005 292.149
38.939 -13.3526 292.168
38.9472 -13.298 292.289
38.9633 -13.2353 292.458
38.9408 -13.1998 292.212
38.9471 -13.205 292.26
38.9448 -13.1846 292.219
38.9446 -13.1629 292.22
38.9442 -13.1433 292.233
38.9468 -13.1155 292.238
38.9503 -13.1012 292.278
38.9445 -13.0561 292.222
38.9411 -12.9866 292.201
38.9549 -12.8383 292.319
38.9512 -12.723 292.296
38.9601 -12.6408 292.34
38.9601 -12.4837 292.382
38.9404 -12.4202 292.207
38.9506 -12.3295 292.283
38.9733 -12.1766 292.487
38.9488 -11.9734 292.249
38.9669 -11.8689 292.406
38.9747 -11.8387 292.47
38.9632 -11.8151 292.379
38.9594 -11.7737 292.338
38.9575 -11.7477 292.296
38.9515 -11.7325 292.226
38.9506 -11.7306 292.232
38.9599 -11.7353 292.361
38.971 -11.6896 292.42
38.9646 -11.6415 292.363
38.9626 -11.5777 292.35
38.9629 -11.4344 292.38
38.9849 -11.3924 292.565
38.9886 -11.3473 292.593
38.9495 -11.2346 292.19
38.9766 -11.0938 292.473
38.975 -10.9598 292.452
38.9582 -10.9182 292.299
38.9665 -10.9241 292.365
38.9653 -10.9271 292.35
38.9611 -10.9211 292.3
38.9595 -10.9213 292.284
38.9739 -10.9133 292.406
38.9747 -10.8975 292.413
38.9613 -10.8478 292.32
38.9736 -10.8058 292.448
38.9836 -10.7748 292.542
38.9571 -10.7462 292.288
38.9599 -10.7212 292.315
38.9812 -10.6755 292.474
38.9608 -10.5339 292.313
38.943 -10.4578 292.215
38.9369 -10.4315 292.152
38.94 -10.4003 292.161
38.9632 -10.3724 292.38
38.976 -10.2275 292.498
38.9511 -10.1494 292.287
38.9731 -10.1157 292.471
38.9734 -10.0955 292.481
38.9708 -10.0777 292.473
38.9709 -10.029 292.479
38.9774 -9.99359 292.558
38.9811 -9.96009 292.597
38.9783 -9.93074 292.568
38.9783 -9.92547 292.566
38.9755 -9.91565 292.53
38.9737 -9.90476 292.513
38.9712 -9.89773 292.505
38.9655 -9.87607 292.407
38.9743 -9.82755 292.473
38.9624 -9.80699 292.354
38.9719 -9.7762 292.472
38.9881 -9.76458 292.601
38.9898 -9.73104 292.585
38.9857 -9.6607 292.578
38.9752 -9.62409 292.516
38.9748 -9.5952 292.504
38.9729 -9.56168 292.481
38.9765 -9.5601 292.499
38.9804 -9.55556 292.514
38.9744 -9.54396 292.459
38.98 -9.53463 292.532
38.9786 -9.51405 292.471
38.9781 -9.50568 292.452
38.9821 -9.50754 292.509
38.9832 -9.50744 292.531
38.9833 -9.49957 292.497
38.9796 -9.49547 292.434
38.987 -9.47227 292.539
38.9915 -9.43455 292.59
38.9839 -9.41966 292.512
38.9887 -9.41862 292.565
38.9811 -9.41428 292.515
38.9882 -9.41797 292.59
38.9982 -9.41127 292.64
38.9755 -9.39631 292.443
38.9755 -9.39597 292.47
38.9823 -9.39559 292.553
38.9838 -9.39035 292.589
39.0014 -9.39355 292.756
38.9962 -9.39828 292.726
38.9854 -9.39543 292.634
38.9815 -9.39785 292.599
38.9803 -9.40081 292.572
38.9811 -9.39893 292.573
38.9772 -9.39771 292.534
38.9902 -9.39278 292.641
38.9958 -9.38572 292.667
38.9842 -9.39279 292.577
38.9836 -9.3955 292.579
38.9811 -9.3919 292.546
38.9831 -9.38804 292.548
38.988 -9.39072 292.602
38.9856 -9.32362 292.583
38.988 -9.21999 292.437
39.0341 -9.20548 292.71
39.0206 -9.19093 292.565
39.0057 -9.17668 292.406
39.0232 -9.18417 292.573
39.0196 -9.18242 292.541
39.0107 -9.17913 292.457
39.015 -9.17799 292.497
39.0189 -9.1811 292.548
39.0181 -9.18173 292.531
39.013 -9.17829 292.477
39.0284 -9.18341 292.635
39.0175 -9.17929 292.534
38.9956 -9.16854 292.334
38.9984 -9.17019 292.368
38.9949 -9.17096 292.361
39.0015 -9.17461 292.397
38.9979 -9.17198 292.353
39.0023 -9.16836 292.399
39.0014 -9.17127 292.384
38.9941 -9.16777 292.309
38.9955 -9.16336 292.32
39.0016 -9.16746 292.379
39.0154 -9.17385 292.49
39.0186 -9.17126 292.512
39.0101 -9.16522 292.437
39.0136 -9.17672 292.477
39.0164 -9.18496 292.531
39.0176 -9.1805 292.51
39.0008 -9.16671 292.351
39.0074 -9.16328 292.428
39.022 -9.16962 292.539
39.0151 -9.1697 292.477
39.0081 -9.17473 292.432
39.0132 -9.17385 292.471
39.0218 -9.17356 292.552
39.0169 -9.17432 292.502
39.0122 -9.17443 292.453
39.0165 -9.17461 292.496
39.0159 -9.17256 292.498
39.0187 -9.17527 292.537
39.0119 -9.17577 292.485
39.0218 -9.17982 292.546
39.0031 -9.17499 292.399
39.0056 -9.17369 292.413
39.0171 -9.17252 292.519
38.9983 -9.16829 292.344
38.988 -9.16807 292.246
39.0065 -9.17233 292.42
39.0197 -9.18032 292.507
39.0128 -9.17473 292.457
39.0194 -9.17656 292.513
39.0136 -9.17258 292.447
39.0212 -9.17459 292.535
39.0257 -9.17641 292.578
39.0154 -9.17858 292.477
39.0228 -9.17638 292.543
39.0229 -9.17676 292.551
39.0144 -9.17168 292.477
39.0037 -9.17204 292.369
38.9992 -9.17117 292.342
38.9868 -9.16862 292.248
38.9945 -9.16965 292.293
39.0102 -9.17337 292.424
39.006 -9.17486 292.388
39.0079 -9.17752 292.415
39.0172 -9.18076 292.469
39.0166 -9.18431 292.48
39.0031 -9.17658 292.364
39.0017 -9.17474 292.359
39.0044 -9.17814 292.39
39.0174 -9.18426 292.532
39.0139 -9.17764 292.501
39.0164 -9.1846 292.529
39.0143 -9.18094 292.506
39.0117 -9.17931 292.494
39.0149 -9.18441 292.51
39.0174 -9.18708 292.524
38.9982 -9.17558 292.375
39.001 -9.17889 292.393
39.0146 -9.18394 292.496
39.0172 -9.18914 292.534
39.0085 -9.18423 292.451
39.0135 -9.19011 292.498
39.0136 -9.18499 292.498
39.0126 -9.18732 292.512
39.0097 -9.18865 292.49
38.9933 -9.18259 292.342
39.0105 -9.18964 292.497
39.0039 -9.18781 292.452
39.0168 -9.18861 292.543
39.0231 -9.18955 292.606
39.0045 -9.18681 292.439
39.0016 -9.19046 292.428
39.0175 -9.19195 292.572
39.023 -9.19279 292.622
39.0128 -9.19091 292.521
39.0091 -9.18854 292.485
39.0052 -9.188 292.438
38.9925 -9.18341 292.311
38.9879 -9.18592 292.295
38.9935 -9.18207 292.383
38.9987 -9.18216 292.395
39.0048 -9.18758 292.434
38.9964 -9.18677 292.381
38.998 -9.18584 292.409
38.9764 -9.17823 292.235
38.9969 -9.18497 292.408
38.9922 -9.18155 292.356
38.9905 -9.18027 292.338
39.0032 -9.18681 292.46
39.0026 -9.1861 292.45
39.0022 -9.18526 292.447
39.0019 -9.18521 292.454
39.0032 -9.18547 292.461
39.0139 -9.18928 292.564
38.9963 -9.17962 292.39
38.9951 -9.18283 292.38
39.0134 -9.19139 292.553
39.0095 -9.18764 292.499
39.0014 -9.18493 292.437
39.002 -9.18496 292.455
39.0095 -9.18911 292.503
39.002 -9.18181 292.449
38.9953 -9.18189 292.376
38.9988 -9.1853 292.424
38.9994 -9.18289 292.433
38.9988 -9.18967 292.422
39.0069 -9.19082 292.482
39.0129 -9.19119 292.541
39.0095 -9.18704 292.525
39.0139 -9.189 292.579
39.0177 -9.19117 292.591
39.0149 -9.18957 292.551
39.0024 -9.18817 292.445
38.9933 -9.18757 292.37
39.0047 -9.18694 292.463
39.0109 -9.18532 292.511
39.003 -9.18729 292.451
39.0046 -9.19002 292.483
39.0069 -9.18928 292.478
38.9982 -9.18683 292.414
39.0064 -9.18756 292.468
39.0195 -9.18854 292.583
39.0087 -9.18834 292.498
39.007 -9.18896 292.476
38.9947 -9.18878 292.363
39.0015 -9.18978 292.474
39.0097 -9.19337 292.519
39.0175 -9.19275 292.559
39.026 -9.19782 292.669
39.009 -9.19561 292.498
39.0047 -9.18829 292.481
39.0074 -9.19236 292.522
39.0038 -9.18989 292.472
39.0007 -9.19451 292.455
39.0134 -9.19417 292.543
38.9893 -9.18422 292.35
39.0002 -9.18446 292.445
39.0063 -9.18241 292.494
39.0076 -9.18302 292.5
39.0068 -9.18612 292.509
39.0023 -9.18635 292.463
39.0013 -9.18464 292.457
38.9973 -9.17659 292.412
39.0056 -9.17894 292.469
39.0135 -9.18582 292.538
39.0112 -9.18645 292.521
39.0094 -9.18744 292.498
39.0068 -9.18901 292.487
39.0142 -9.18838 292.556
39.0085 -9.18416 292.508
39.0082 -9.18568 292.489
38.9993 -9.18805 292.421
38.9972 -9.18473 292.386
38.9972 -9.18374 292.393
39.0008 -9.18439 292.432
38.9991 -9.18739 292.428
39.005 -9.18654 292.484
39.0039 -9.18752 292.482
38.9892 -9.18071 292.351
38.997 -9.18204 292.404
39.002 -9.18504 292.44
39.0083 -9.18637 292.501
39.0067 -9.18657 292.478
38.9988 -9.1799 292.412
39.0044 -9.18167 292.448
38.9961 -9.1799 292.371
39.0044 -9.17999 292.449
39.0099 -9.18695 292.532
39.0052 -9.18474 292.453
39.0063 -9.18334 292.465
39.0039 -9.18414 292.445
38.9971 -9.18134 292.392
39.0003 -9.18722 292.408
38.992 -9.18467 292.324
38.9991 -9.18509 292.398
39.0109 -9.18773 292.515
39.004 -9.18598 292.44
39.005 -9.18263 292.474
39.0093 -9.18787 292.507
39.0109 -9.18549 292.537
39.0157 -9.18397 292.554
39.0168 -9.18778 292.547
39.0166 -9.18936 292.552
39.0205 -9.18297 292.595
39.0173 -9.1871 292.552
39.0119 -9.18725 292.507
39.0043 -9.18273 292.438
39.0087 -9.18212 292.483
39.0023 -9.18066 292.422
38.9956 -9.18271 292.381
38.995 -9.17582 292.345
39.0038 -9.17933 292.447
39.0009 -9.1828 292.436
38.9981 -9.18416 292.445
39.0032 -9.18086 292.453
39.0046 -9.17867 292.448
38.9935 -9.17776 292.367
39.002 -9.18194 292.425
38.9936 -9.17568 292.342
38.9962 -9.17608 292.359
39.0086 -9.17935 292.486
39.0087 -9.18429 292.49
39.0097 -9.18077 292.497
38.9996 -9.17562 292.409
38.9976 -9.17554 292.384
39.0057 -9.17747 292.443
38.9994 -9.17319 292.39
38.9964 -9.17769 292.374
39.0055 -9.17336 292.438
39.0129 -9.17972 292.536
39.0162 -9.18081 292.531
39.0014 -9.1707 292.398
39.0022 -9.17757 292.421
39.0201 -9.18518 292.6
39.0142 -9.17877 292.527
39.0087 -9.17842 292.484
39.0146 -9.17967 292.519
39.0114 -9.1806 292.489
39.0131 -9.17822 292.51
39.0074 -9.1754 292.461
39.0119 -9.17718 292.491
39.0166 -9.17576 292.534
39.0141 -9.18518 292.521
39.0166 -9.17914 292.555
39.0081 -9.18449 292.45
39.007 -9.18875 292.468
39.0128 -9.18233 292.519
39.0226 -9.18298 292.612
39.012 -9.18545 292.488
38.9986 -9.18182 292.381
39.008 -9.18012 292.455
38.9992 -9.17536 292.39
39.0016 -9.17614 292.408
38.9995 -9.17813 292.399
39.0135 -9.18145 292.52
39.0236 -9.1866 292.594
39.011 -9.18122 292.49
38.9964 -9.17577 292.384
39.0069 -9.17659 292.463
39.0176 -9.17916 292.557
39.0214 -9.18276 292.584
39.0153 -9.18478 292.549
39.0093 -9.1836 292.491
39.0189 -9.18297 292.58
39.0088 -9.18207 292.47
39.0037 -9.17837 292.431
39.0039 -9.16204 292.455
38.9951 -9.14745 292.366
39.0012 -9.04664 292.397
39.0079 -8.96903 292.454
38.9972 -8.89395 292.41
39.0092 -8.868 292.492
39.0164 -8.82857 292.55
39.0214 -8.7715 292.615
39.0448 -8.61062 292.79
39.0081 -8.52706 292.497
39.0267 -8.44835 292.644
39.0195 -8.32523 292.607
39.0305 -8.25274 292.684
39.047 -8.08843 292.808
39.023 -7.96927 292.648
39.0229 -7.93562 292.652
39.0254 -7.90266 292.669
39.0361 -7.87106 292.748
39.0307 -7.82861 292.7
39.0185 -7.73047 292.588
39.0368 -7.65439 292.75
39.0281 -7.49188 292.694
39.0241 -7.30109 292.66
39.0321 -7.20461 292.718
39.0216 -6.95661 292.649
39.039 -6.84087 292.793
39.0354 -6.55868 292.72
39.0406 -6.31395 292.808
39.0724 -6.21075 293.084
39.0527 -6.04762 292.888
39.06 -5.68633 292.953
39.0575 -5.49953 292.951
39.0495 -5.34168 292.885
39.0487 -5.15086 292.87
39.0717 -5.08174 293.088
39.0659 -4.9696 293.061
39.0518 -4.813 292.884
39.0658 -4.76553 293.002
39.0648 -4.71272 293.009
39.0648 -4.64614 293.022
39.0823 -4.59267 293.17
39.0796 -4.51552 293.112
39.0753 -4.39084 293.078
39.0805 -4.20465 293.161
39.0762 -4.01036 293.08
39.0818 -3.93887 293.168
39.0856 -3.69057 293.214
39.0761 -3.57587 293.127
39.0822 -3.31376 293.172
39.0777 -3.05775 293.129
39.1079 -2.93948 293.392
39.1076 -2.68047 293.426
39.1227 -2.54383 293.57
39.1298 -2.46309 293.679
39.1038 -2.32299 293.421
39.126 -2.27259 293.599
39.1321 -2.11483 293.689
39.1356 -2.01398 293.671
39.131 -1.89391 293.663
39.128 -1.85376 293.619
39.1291 -1.76575 293.625
39.149 -1.71507 293.804
39.1416 -1.59137 293.736
39.1523 -1.53121 293.819
39.1633 -1.4074 293.958
39.1696 -1.3474 294.017
39.138 -1.29781 293.708
39.1553 -1.222 293.854
39.1758 -1.05832 294.072
39.1779 -0.914669 294.099
39.1807 -0.837822 294.144
39.1596 -0.7854 293.937
39.1713 -0.772343 294.034
39.1644 -0.757114 293.956
39.1586 -0.756863 293.911
39.1598 -0.752808 293.95
39.1598 -0.745289 293.954
39.1506 -0.61731 293.855
39.1673 -0.473442 294.006
39.17 -0.440952 294.004
39.2201 -0.324604 294.474
39.1784 -0.172146 294.088
39.1896 -0.05019 294.201
39.199 -0.0476456 294.261
39.1959 -0.0348244 294.214
39.1926 -0.0228615 294.189
39.1878 -0.0305328 294.154
39.1865 -0.0366821 294.154
39.1974 -0.0322189 294.218
39.2032 -0.0329399 294.266
39.1772 -0.000213623 294.04
39.179 0.0266266 294.056
39.1909 0.0590515 294.125
39.1662 0.0905952 293.92
39.1872 0.240353 294.107
39.1848 0.303638 294.092
39.1875 0.33313 294.117
39.1831 0.354851 294.064
39.1823 0.400196 294.033
39.1833 0.479668 294.028
39.1802 0.51841 294.009
39.1813 0.57127 294.058
39.1853 0.629128 294.084
39.1754 0.666695 293.985
39.1774 0.709114 293.998
39.1804 0.722424 294.026
39.1938 0.728428 294.157
39.2062 0.727741 294.306
39.1947 0.733429 294.205
39.1839 0.738499 294.126
39.1925 0.736736 294.182
39.1818 0.737843 294.117
39.1776 0.742977 294.06
39.185 0.740688 294.129
39.186 0.735378 294.141
39.1851 0.735615 294.142
39.183 0.737877 294.125
39.181 0.737762 294.125
39.1825 0.73885 294.13
39.1798 0.738537 294.09
39.1909 0.733028 294.204
39.1971 0.72823 294.263
39.1791 0.731049 294.096
39.1895 0.7328 294.188
39.1742 0.7355 294.081
39.194 0.734959 294.244
39.1884 0.729889 294.2
39.1803 0.724617 294.129
39.1892 0.725101 294.224
39.1884 0.724655 294.231
39.1874 0.726151 294.216
39.1955 0.728359 294.331
39.1859 0.722652 294.224
39.1778 0.719372 294.142
39.1803 0.719627 294.198
39.1967 0.719475 294.36
39.1779 0.71674 294.186
39.1691 0.719341 294.119
39.1748 0.718208 294.177
39.1609 0.711105 294.081
39.1726 0.71558 294.165
39.1789 0.71611 294.231
39.1791 0.718719 294.242
39.1529 0.713196 294
39.1605 0.713329 294.067
39.1679 0.715542 294.148
39.1636 0.717159 294.124
39.1569 0.714874 294.044
39.1633 0.716064 294.1
39.1704 0.716682 294.16
39.1717 0.717587 294.174
39.1652 0.718979 294.126
39.1707 0.718506 294.162
39.176 0.711868 294.2
39.1663 0.718014 294.109
39.1692 0.719471 294.12
39.1723 0.723579 294.135
39.1736 0.723743 294.157
39.1699 0.724102 294.111
39.1702 0.715183 294.123
39.1773 0.72023 294.179
39.1842 0.724346 294.257
39.1736 0.720604 294.127
39.1734 0.721233 294.144
39.1787 0.722237 294.197
39.198 0.719204 294.38
39.1865 0.725685 294.262
39.1844 0.722286 294.271
39.1781 0.716198 294.191
39.164 0.721497 294.053
39.1849 0.71825 294.268
39.1831 0.721661 294.221
39.1655 0.721249 294.049
39.173 0.72718 294.135
39.1737 0.725376 294.151
39.1786 0.722954 294.203
39.1736 0.726803 294.155
39.1883 0.730068 294.311
39.1813 0.730545 294.231
39.1798 0.727882 294.22
39.1806 0.727573 294.203
39.1818 0.732037 294.185
39.1817 0.728397 294.215
39.1747 0.73053 294.173
39.1792 0.727394 294.195
39.1743 0.729145 294.139
39.1675 0.731514 294.083
39.1593 0.73098 294.022
39.1653 0.724823 294.082
39.1813 0.71785 294.252
39.1809 0.72311 294.199
39.1847 0.725277 294.266
39.1802 0.719883 294.24
39.1764 0.713612 294.207
39.1796 0.718193 294.227
39.1868 0.718899 294.308
39.1883 0.713097 294.329
39.1847 0.71294 294.3
39.1873 0.713913 294.303
39.1717 0.71191 294.186
39.1697 0.706959 294.188
39.1751 0.710308 294.24
39.176 0.710369 294.227
39.1569 0.710255 294.076
39.1773 0.71328 294.22
39.1484 0.718338 293.987
39.157 0.717739 294.056
39.1666 0.714703 294.149
39.17 0.717274 294.19
39.1687 0.718708 294.165
39.1676 0.715408 294.193
39.1699 0.705265 294.219
39.1699 0.711536 294.206
39.1775 0.707535 294.3
39.1725 0.709866 294.241
39.1773 0.703991 294.287
39.1689 0.711044 294.204
39.1659 0.705654 294.194
39.1607 0.707611 294.145
39.1558 0.701675 294.122
39.1643 0.709 294.202
39.1602 0.702 294.139
39.1674 0.697823 294.216
39.1679 0.699242 294.248
39.1625 0.703449 294.165
39.1496 0.707371 294.028
39.1447 0.707848 294.052
39.1487 0.694004 294.105
39.1546 0.700943 294.103
39.1324 0.70298 293.887
39.1478 0.702972 294.088
39.1582 0.705898 294.178
39.1477 0.700871 294.027
39.1544 0.709133 294.127
39.1603 0.699802 294.18
39.1767 0.694492 294.321
39.1664 0.702755 294.226
39.169 0.706619 294.245
39.1707 0.705685 294.254
39.171 0.70216 294.252
39.1634 0.709885 294.177
39.1465 0.704689 294.036
39.1685 0.71096 294.219
39.1729 0.709053 294.268
39.1679 0.71196 294.229
39.1607 0.709282 294.123
39.1626 0.708408 294.145
39.171 0.712009 294.204
39.1693 0.706757 294.199
39.1725 0.708332 294.221
39.1899 0.708378 294.345
39.178 0.714844 294.242
39.1847 0.71854 294.295
39.1726 0.716961 294.181
39.174 0.710453 294.202
39.1683 0.711506 294.153
39.1718 0.719875 294.16
39.1805 0.723377 294.231
39.1802 0.725315 294.201
39.1845 0.726902 294.232
39.1817 0.729637 294.202
39.1776 0.730293 294.169
39.1762 0.73407 294.137
39.1772 0.735828 294.141
39.1843 0.735489 294.209
39.1903 0.735569 294.262
39.1904 0.737419 294.236
39.1745 0.738323 294.09
39.1755 0.73975 294.092
39.18 0.738331 294.148
39.1841 0.735554 294.19
39.184 0.738827 294.202
39.1961 0.738323 294.263
39.1638 0.741367 293.987
39.1909 0.747349 294.239
39.1814 0.739235 294.138
39.1955 0.738483 294.259
39.1905 0.733791 294.214
39.1872 0.736263 294.179
39.1853 0.737499 294.176
39.1895 0.737019 294.213
39.1958 0.739887 294.269
39.1958 0.744125 294.25
39.1876 0.747261 294.168
39.1923 0.74189 294.214
39.1933 0.740704 294.227
39.1871 0.742935 294.179
39.1968 0.740463 294.283
39.1919 0.74012 294.228
39.1909 0.740784 294.208
39.1956 0.74297 294.25
39.1839 0.743816 294.16
39.1855 0.744686 294.143
39.1904 0.743698 294.173
39.1798 0.739735 294.094
39.1798 0.737167 294.099
39.1904 0.743237 294.208
39.187 0.742302 294.183
39.184 0.74308 294.142
39.1804 0.747124 294.099
39.1843 0.746826 294.146
39.1863 0.743683 294.185
39.1959 0.745384 294.24
39.1876 0.742073 294.172
39.1882 0.742077 294.181
39.1766 0.746078 294.055
39.1947 0.745441 294.21
39.2044 0.740841 294.289
39.1994 0.743519 294.237
39.1982 0.747349 294.259
39.1982 0.747353 294.244
39.1964 0.743896 294.236
39.1882 0.74139 294.153
39.1853 0.739693 294.128
39.1921 0.744984 294.177
39.19 0.748505 294.155
39.1781 0.743805 294.056
39.1874 0.744923 294.155
39.1906 0.745323 294.187
39.1899 0.745342 294.186
39.1961 0.746563 294.217
39.1966 0.744858 294.216
39.1941 0.753147 294.195
39.1912 0.750069 294.183
39.1971 0.743488 294.216
39.1991 0.741272 294.229
39.1919 0.744297 294.173
39.1865 0.744102 294.12
39.1902 0.746265 294.164
39.1935 0.745499 294.228
39.1957 0.744137 294.22
39.1915 0.741329 294.194
39.19 0.737751 294.19
39.1815 0.741005 294.102
39.1808 0.742821 294.095
39.1748 0.74221 294.057
39.1846 0.737778 294.132
39.1851 0.743134 294.135
39.1925 0.7453 294.202
39.1927 0.747746 294.214
39.1914 0.744518 294.181
39.1859 0.741302 294.122
39.1929 0.740894 294.182
39.2049 0.744843 294.308
39.2018 0.73877 294.28
39.1973 0.740173 294.242
39.2 0.742783 294.252
39.1959 0.745247 294.221
39.2047 0.743416 294.3
39.2015 0.745213 294.282
39.1912 0.744343 294.177
39.1899 0.742863 294.174
39.1888 0.745541 294.173
39.1908 0.747719 294.181
39.194 0.746719 294.212
39.2006 0.750988 294.259
39.2002 0.747822 294.26
39.1907 0.751389 294.164
39.1771 0.745407 294.041
39.1839 0.747395 294.079
39.1812 0.750698 294.057
39.1927 0.745743 294.18
39.1876 0.745911 294.134
39.1823 0.748207 294.105
39.1907 0.747105 294.178
39.1905 0.743416 294.191
39.1951 0.74279 294.227
39.1936 0.739738 294.205
39.1896 0.749931 294.15
39.2069 0.816193 294.329
39.2017 0.987934 294.288
39.2026 1.02814 294.28
39.2022 1.04927 294.254
39.2058 1.06286 294.279
39.213 1.098 294.362
39.2062 1.13679 294.304
39.1935 1.18514 294.164
39.2034 1.19253 294.265
39.1944 1.18741 294.176
39.1798 1.18977 294.06
39.1934 1.19447 294.221
39.1857 1.20648 294.152
39.19 1.24599 294.177
39.1933 1.28935 294.185
39.1886 1.29933 294.151
39.1827 1.31174 294.103
39.1869 1.3637 294.137
39.1876 1.40687 294.149
39.1858 1.48801 294.116
39.1874 1.50143 294.136
39.1886 1.57909 294.156
39.2123 1.65572 294.369
39.1918 1.7497 294.168
39.2061 1.99888 294.299
39.2102 2.10634 294.365
39.1981 2.32585 294.234
39.2138 2.60633 294.339
39.1958 2.78783 294.162
39.2161 2.95791 294.357
39.2087 3.23026 294.309
39.2191 3.36005 294.365
39.2238 3.47209 294.394
39.2135 3.75387 294.344
39.2038 3.84883 294.218
39.2122 3.95926 294.293
39.2146 4.03485 294.327
39.223 4.07309 294.403
39.2181 4.10197 294.342
39.2233 4.14778 294.401
39.2217 4.29765 294.41
39.2261 4.36755 294.413
39.2211 4.52776 294.39
39.2407 4.60162 294.589
39.2167 4.79584 294.365
39.2488 4.87415 294.591
39.2272 5.05194 294.402
39.2146 5.12356 294.281
39.2297 5.33072 294.453
39.2659 5.44744 294.752
39.2374 5.63755 294.517
39.258 5.70543 294.722
39.2419 5.85197 294.542
39.2369 6.05701 294.469
39.249 6.14957 294.586
39.2427 6.27531 294.513
39.2387 6.33348 294.435
39.2507 6.41381 294.6
39.249 6.45463 294.591
39.2288 6.51044 294.395
39.228 6.56416 294.402
39.2262 6.60993 294.388
39.2322 6.6771 294.438
39.2293 6.72412 294.4
39.2207 6.7929 294.339
39.2155 6.82618 294.305
39.2331 7.00806 294.424
39.2358 7.21632 294.437
39.2313 7.38663 294.419
39.2485 7.4297 294.536
39.2532 7.51046 294.558
39.2413 7.56606 294.473
39.2415 7.69726 294.496
39.2555 7.75201 294.575
39.2421 7.76959 294.437
39.2525 7.78196 294.531
39.2445 7.81363 294.494
39.2488 7.90197 294.502
39.2493 8.02084 294.51
39.2486 8.14135 294.513
39.2582 8.18965 294.626
39.2596 8.2796 294.596
39.2589 8.38362 294.604
39.2335 8.43007 294.39
39.2569 8.6065 294.602
39.2388 8.76408 294.429
39.2553 8.82806 294.575
39.2457 8.83155 294.482
39.2361 8.83929 294.395
39.2441 8.85045 294.454
39.2452 8.86314 294.46
39.2441 8.86873 294.454
39.2484 8.87094 294.477
39.2426 8.88611 294.43
39.2481 8.89887 294.491
39.2489 8.93384 294.506
39.2518 8.964 294.547
39.2653 8.99054 294.654
39.2644 9.01456 294.654
39.2636 9.06194 294.64
39.267 9.11106 294.663
39.2671 9.14393 294.653
39.2547 9.23959 294.563
39.2605 9.41413 294.604
39.2557 9.49318 294.552
39.2547 9.54476 294.562
39.2501 9.56783 294.537
39.257 9.57115 294.581
39.2571 9.56216 294.552
39.2618 9.5768 294.612
39.2698 9.58979 294.672
39.2666 9.61243 294.645
39.2561 9.63474 294.55
39.2526 9.63857 294.533
39.2503 9.63848 294.531
39.2628 9.66869 294.61
39.2661 9.74407 294.632
39.2597 9.76841 294.591
39.2593 9.78952 294.629
39.2539 9.81002 294.553
39.2525 9.84506 294.531
39.2641 9.86728 294.634
39.2662 9.88905 294.657
39.2647 9.90363 294.651
39.2646 9.91642 294.668
39.2672 9.93382 294.659
39.252 9.94531 294.525
39.2672 9.95639 294.643
39.265 9.96209 294.63
39.2654 9.96207 294.632
39.2579 9.96073 294.563
39.264 9.96203 294.617
39.268 9.96636 294.674
39.2652 9.97206 294.645
39.2593 9.96989 294.582
39.2644 9.97003 294.62
39.2691 9.96841 294.655
39.255 9.96497 294.52
39.275 9.97342 294.717
39.2709 9.97122 294.655
39.2701 9.97064 294.644
39.271 9.98835 294.688
39.2725 10.0026 294.726
39.2645 10.0237 294.643
39.2587 10.0433 294.589
39.276 10.0688 294.728
39.2903 10.0942 294.852
39.2834 10.0953 294.789
39.2798 10.0967 294.772
39.276 10.1051 294.733
39.2704 10.1123 294.689
39.2835 10.1134 294.807
39.2744 10.1104 294.736
39.2756 10.1087 294.749
39.2727 10.1145 294.716
39.2494 10.1061 294.527
39.2603 10.1111 294.602
39.245 10.1084 294.48
39.2515 10.1072 294.558
39.271 10.1115 294.679
39.2473 10.1034 294.472
39.2577 10.1105 294.586
39.2514 10.1091 294.543
39.2646 10.1094 294.658
39.2757 10.1087 294.767
39.2675 10.1079 294.689
39.2607 10.109 294.62
39.2627 10.1137 294.64
39.2595 10.1049 294.606
39.2572 10.1017 294.589
39.2609 10.1004 294.646
39.2572 10.1047 294.619
39.2645 10.108 294.638
39.2558 10.107 294.585
39.2601 10.1075 294.638
39.2643 10.1052 294.683
39.2634 10.1089 294.683
39.2728 10.1082 294.756
39.264 10.1013 294.69
39.2637 10.107 294.715
39.2657 10.1019 294.758
39.2533 10.1034 294.608
39.255 10.101 294.629
39.2513 10.1025 294.59
39.2605 10.0989 294.689
39.2461 10.096 294.579
39.2422 10.0937 294.565
39.2571 10.0992 294.688
39.2569 10.1016 294.688
39.254 10.0998 294.684
39.2512 10.0969 294.689
39.2567 10.0961 294.711
39.2457 10.0907 294.627
39.2643 10.0983 294.813
39.2685 10.0942 294.818
39.2549 10.092 294.677
39.2411 10.0888 294.559
39.2603 10.0918 294.741
39.2607 10.0951 294.762
39.2501 10.0884 294.667
39.2502 10.0888 294.674
39.2489 10.0946 294.65
39.2501 10.0996 294.662
39.2707 10.0966 294.847
39.2715 10.1022 294.861
39.2612 10.0996 294.744
39.2565 10.1026 294.706
39.2638 10.0999 294.772
39.266 10.1013 294.799
39.2611 10.0971 294.759
39.2669 10.1032 294.8
39.2685 10.1005 294.802
39.2677 10.0964 294.803
39.2571 10.0994 294.701
39.2534 10.0997 294.671
39.2521 10.0983 294.662
39.2531 10.0992 294.661
39.2574 10.1009 294.693
39.261 10.0955 294.759
39.2626 10.1006 294.755
39.255 10.1 294.681
39.2683 10.0991 294.807
39.2633 10.0961 294.756
39.2606 10.1044 294.747
39.2552 10.0963 294.698
39.2497 10.0991 294.632
39.2437 10.0957 294.574
39.2434 10.0931 294.577
39.2473 10.0956 294.633
39.2456 10.1014 294.575
39.2551 10.0989 294.663
39.261 10.099 294.736
39.2578 10.0967 294.729
39.251 10.1025 294.666
39.2598 10.0983 294.74
39.2629 10.0965 294.755
39.2583 10.0907 294.698
39.2503 10.0967 294.658
39.2656 10.1032 294.786
39.2692 10.1032 294.808
39.2666 10.1052 294.81
39.2629 10.1024 294.761
39.2566 10.0985 294.704
39.2678 10.1029 294.805
39.2742 10.1036 294.866
39.2497 10.091 294.643
39.2537 10.0867 294.673
39.2633 10.0936 294.776
39.2732 10.1029 294.886
39.2751 10.0985 294.866
39.2427 10.0895 294.601
39.25 10.0921 294.663
39.2513 10.0847 294.716
39.2647 10.0964 294.789
39.2731 10.1013 294.866
39.2662 10.0927 294.812
39.2499 10.0866 294.671
39.2466 10.0882 294.626
39.2505 10.0924 294.659
39.2639 10.0982 294.772
39.2591 10.095 294.74
39.2599 10.0887 294.762
39.2515 10.0919 294.682
39.253 10.0966 294.677
39.2624 10.0916 294.755
39.2553 10.0931 294.704
39.2451 10.0893 294.618
39.2544 10.0946 294.704
39.2554 10.0903 294.736
39.2427 10.0878 294.624
39.2338 10.084 294.564
39.2483 10.092 294.666
39.2481 10.092 294.657
39.2575 10.0941 294.718
39.2552 10.0922 294.661
39.2533 10.0923 294.674
39.2451 10.0907 294.639
39.2518 10.0885 294.681
39.2649 10.0929 294.822
39.2619 10.0921 294.777
39.2643 10.0976 294.816
39.2608 10.089 294.793
39.2552 10.0904 294.755
39.2462 10.0927 294.649
39.2453 10.0918 294.638
39.2549 10.0913 294.717
39.261 10.0898 294.766
39.2388 10.0876 294.604
39.2449 10.0916 294.671
39.2625 10.0971 294.792
39.2497 10.0897 294.669
39.2538 10.0843 294.719
39.2413 10.0874 294.583
39.2437 10.0863 294.623
39.2544 10.0854 294.741
39.2555 10.0908 294.752
39.2459 10.0879 294.69
39.2546 10.0884 294.739
39.2609 10.0908 294.77
39.2638 10.0882 294.798
39.2596 10.0874 294.766
39.2555 10.0883 294.734
39.2559 10.0886 294.743
39.2472 10.0845 294.663
39.2387 10.0863 294.601
39.2415 10.091 294.6
39.2462 10.0864 294.651
39.2358 10.0877 294.561
39.2455 10.0943 294.633
39.2535 10.0923 294.713
39.2734 10.0973 294.899
39.259 10.0922 294.769
39.249 10.0918 294.679
39.2499 10.0896 294.673
39.2514 10.0922 294.704
39.2482 10.0924 294.676
39.2435 10.0936 294.629
39.2546 10.0944 294.713
39.2596 10.0929 294.751
39.2587 10.0871 294.743
39.2579 10.083 294.731
39.2456 10.0843 294.614
39.2416 10.0949 294.574
39.2495 10.089 294.649
39.2471 10.1003 294.624
39.2484 10.0957 294.642
39.2607 10.0924 294.75
39.2626 10.0977 294.756
39.2648 10.1 294.773
39.2626 10.0971 294.763
39.2672 10.0976 294.814
39.2644 10.0988 294.792
39.2491 10.0934 294.646
39.2644 10.098 294.782
39.2608 10.0972 294.742
39.2584 10.1023 294.721
39.2601 10.0936 294.737
39.267 10.0987 294.786
39.2538 10.0951 294.677
39.2543 10.1016 294.669
39.2579 10.0983 294.691
39.269 10.1035 294.786
39.2525 10.106 294.652
39.2488 10.1009 294.591
39.2448 10.0968 294.549
39.2469 10.0999 294.545
39.2412 10.0977 294.477
39.2387 10.1 294.47
39.2482 10.1056 294.557
39.2551 10.1097 294.611
39.2466 10.0985 294.512
39.2632 10.105 294.667
39.268 10.1113 294.717
39.2622 10.1061 294.652
39.2605 10.1054 294.632
39.2659 10.1087 294.68
39.2563 10.1056 294.595
39.2494 10.1024 294.524
39.2457 10.1016 294.477
39.2502 10.1022 294.523
39.2532 10.1039 294.557
39.2599 10.1069 294.6
39.2562 10.1082 294.576
39.273 10.1114 294.719
39.278 10.1129 294.777
39.2655 10.1093 294.652
39.2606 10.1088 294.612
39.2688 10.1136 294.692
39.2781 10.118 294.779
39.2679 10.1112 294.694
39.2804 10.1142 294.799
39.2887 10.1222 294.905
39.278 10.1231 294.793
39.279 10.1184 294.784
39.2788 10.1194 294.774
39.2713 10.116 294.703
39.2728 10.112 294.704
39.2724 10.11 294.71
39.2639 10.1087 294.645
39.2628 10.1149 294.618
39.2559 10.1169 294.582
39.2793 10.119 294.802
39.2777 10.1172 294.774
39.2742 10.1139 294.743
39.2623 10.1143 294.662
39.2629 10.1189 294.633
39.2568 10.1124 294.593
39.2547 10.1143 294.57
39.2572 10.1114 294.603
39.2549 10.115 294.568
39.2417 10.1114 294.45
39.2658 10.111 294.654
39.2667 10.1103 294.661
39.2659 10.1133 294.662
39.2599 10.1119 294.61
39.2691 10.1191 294.67
39.2702 10.1189 294.694
39.2647 10.1158 294.655
39.2593 10.1089 294.628
39.2658 10.1119 294.674
39.2721 10.1136 294.74
39.2803 10.1269 294.817
39.2841 10.139 294.83
39.2787 10.1359 294.791
39.2735 10.1338 294.753
39.2869 10.1341 294.861
39.2777 10.1372 294.784
39.2801 10.1419 294.79
39.2769 10.1438 294.744
39.2822 10.1522 294.801
39.2817 10.161 294.807
39.2888 10.2394 294.837
39.2751 10.2952 294.742
39.2555 10.372 294.57
39.2532 10.4413 294.552
39.2715 10.5098 294.687
39.2702 10.5585 294.665
39.2744 10.6591 294.699
39.2778 10.6869 294.733
39.2785 10.7196 294.739
39.2749 10.7522 294.727
39.2809 10.813 294.78
39.2806 10.9604 294.757
39.2712 11.1134 294.694
39.2749 11.1928 294.751
39.2938 11.2606 294.918
39.2684 11.4742 294.684
39.2692 11.6726 294.676
39.2804 11.879 294.783
39.3104 12.0065 295.073
39.2936 12.1012 294.879
39.3084 12.2297 294.993
39.3107 12.4464 295.014
39.3208 12.6543 295.133
39.3285 12.7296 295.177
39.3327 12.8029 295.216
39.3262 12.8603 295.166
39.3278 12.8871 295.159
39.3232 12.9259 295.107
39.3274 12.9681 295.146
39.3271 13.0101 295.165
39.3218 13.1691 295.101
39.3585 13.4205 295.448
39.3694 13.5494 295.541
39.3352 13.6496 295.191
39.3347 13.839 295.186
39.3373 13.9311 295.243
39.3596 14.1899 295.448
39.3499 14.2781 295.331
39.3475 14.4332 295.28
39.3602 14.5722 295.409
39.3573 14.6353 295.406
39.3618 14.7677 295.44
39.3585 14.79 295.4
39.3584 14.7967 295.371
39.3684 14.8243 295.475
39.3671 14.8647 295.443
39.366 14.9217 295.43
39.3881 15.0734 295.682
39.3976 15.1984 295.724
39.3978 15.2642 295.719
39.3918 15.4981 295.683
39.3998 15.7492 295.765
39.425 15.8368 295.967
39.3955 15.8769 295.686
39.392 15.9935 295.676
39.4147 16.1442 295.837
39.4039 16.23 295.769
39.3887 16.2849 295.638
39.4148 16.3819 295.84
39.4238 16.4247 295.924
39.4241 16.4493 295.938
39.425 16.5353 295.955
39.4343 16.5957 296.039
39.4186 16.6971 295.889
39.4293 16.7667 295.961
39.4415 16.964 296.082
39.423 17.0433 295.941
39.4214 17.1801 295.943
39.4322 17.2295 296.03
39.4278 17.271 295.994
39.4428 17.3346 296.097
39.4361 17.4174 296.048
39.4421 17.5389 296.086
39.4374 17.579 296.036
39.4507 17.6769 296.158
39.4532 17.7252 296.184
39.4494 17.7575 296.135
39.4581 17.8256 296.233
39.4507 17.8688 296.156
39.4492 17.9512 296.119
39.4726 18.1126 296.34
39.472 18.1478 296.34
39.4604 18.163 296.214
39.4487 18.1755 296.106
39.4601 18.1859 296.185
39.4581 18.1837 296.168
39.4564 18.2084 296.168
39.4536 18.234 296.154
39.4676 18.2676 296.296
39.4645 18.2985 296.258
39.4671 18.3136 296.284
39.4581 18.3219 296.224
39.4725 18.3415 296.353
39.4683 18.3599 296.316
39.4627 18.3923 296.247
39.4659 18.4325 296.258
39.4767 18.4392 296.344
39.4909 18.4512 296.485
39.468 18.4358 296.283
39.4472 18.4267 296.102
39.4716 18.4398 296.312
39.4753 18.4439 296.344
39.4727 18.4402 296.335
39.466 18.4371 296.282
39.4668 18.4298 296.287
39.4695 18.4369 296.294
39.4617 18.4311 296.256
39.4478 18.4317 296.147
39.4738 18.4482 296.342
39.4626 18.454 296.242
39.4573 18.48 296.213
39.4552 18.5088 296.202
39.4668 18.524 296.276
39.4723 18.5364 296.336
39.4762 18.5364 296.377
39.4694 18.5306 296.318
39.4564 18.53 296.204
39.4524 18.5324 296.168
39.4516 18.5528 296.148
39.4692 18.5928 296.329
39.4691 18.6052 296.326
39.4603 18.6101 296.264
39.4641 18.6083 296.276
39.4652 18.6095 296.281
39.4629 18.6066 296.244
39.464 18.6054 296.255
39.4522 18.6114 296.185
39.4626 18.6445 296.282
39.4622 18.6516 296.287
39.4566 18.6527 296.241
39.4595 18.6585 296.267
39.4452 18.6546 296.141
39.4459 18.6641 296.122
39.4787 18.7032 296.393
39.4712 18.7332 296.337
39.4711 18.767 296.34
39.4716 18.7637 296.354
39.4625 18.7671 296.257
39.4745 18.7747 296.358
39.4761 18.7774 296.401
39.4697 18.7744 296.315
39.4676 18.7752 296.284
39.4641 18.7837 296.258
39.4619 18.7955 296.255
39.4706 18.8 296.337
39.4615 18.7943 296.283
39.4789 18.8002 296.413
39.4733 18.7974 296.355
39.4786 18.8131 296.422
39.4752 18.8317 296.412
39.4659 18.8345 296.315
39.4581 18.8313 296.243
39.4569 18.8347 296.239
39.4742 18.8475 296.402
39.4749 18.8472 296.397
39.4759 18.8454 296.403
39.4706 18.834 296.362
39.4711 18.8411 296.375
39.4686 18.8377 296.348
39.4747 18.8415 296.398
39.4713 18.8386 296.391
39.4599 18.8344 296.299
39.4623 18.8361 296.317
39.4711 18.8405 296.39
39.4555 18.8332 296.225
39.4568 18.8298 296.237
39.4627 18.8275 296.31
39.4713 18.8346 296.413
39.4631 18.8316 296.329
39.4588 18.8274 296.293
39.4651 18.8297 296.372
39.4472 18.8234 296.254
39.4618 18.8305 296.347
39.4689 18.8307 296.38
39.4484 18.8194 296.226
39.4436 18.8208 296.227
39.4449 18.8295 296.234
39.4481 18.8312 296.268
39.453 18.8262 296.303
39.4501 18.8212 296.27
39.4505 18.8278 296.288
39.4557 18.824 296.35
39.4549 18.8278 296.335
39.4495 18.8234 296.3
39.4553 18.8271 296.355
39.4421 18.8223 296.266
39.4329 18.8178 296.192
39.4231 18.8073 296.126
39.4363 18.8175 296.219
39.453 18.8221 296.357
39.4574 18.8211 296.387
39.4479 18.8169 296.324
39.4412 18.8161 296.277
39.4479 18.822 296.353
39.4549 18.8234 296.408
39.4428 18.8109 296.288
39.4379 18.8124 296.252
39.446 18.816 296.32
39.4447 18.812 296.311
39.4398 18.8114 296.276
39.4447 18.8139 296.325
39.4546 18.8164 296.419
39.4462 18.8107 296.322
39.4363 18.8123 296.228
39.4411 18.8156 296.278
39.4477 18.8219 296.352
39.4317 18.8092 296.209
39.427 18.8028 296.167
39.4421 18.8162 296.283
39.4606 18.8247 296.449
39.4348 18.8097 296.197
39.4263 18.8031 296.104
39.4325 18.8098 296.185
39.447 18.8179 296.332
39.4365 18.8097 296.213
39.4396 18.8158 296.229
39.4537 18.82 296.363
39.457 18.8257 296.383
39.4543 18.8297 296.366
39.4377 18.8206 296.232
39.4645 18.8367 296.452
39.4581 18.834 296.395
39.4423 18.8258 296.257
39.4307 18.8183 296.17
39.4392 18.8209 296.222
39.4258 18.8162 296.103
39.4288 18.8147 296.11
39.4235 18.7982 296.058
39.4299 18.8075 296.132
39.4388 18.8156 296.222
39.4411 18.818 296.244
39.4535 18.8231 296.336
39.4553 18.824 296.363
39.4531 18.8246 296.353
39.4426 18.8207 296.249
39.4589 18.8293 296.413
39.4526 18.8231 296.329
39.4543 18.8206 296.333
39.4511 18.8213 296.311
39.4524 18.826 296.331
39.4568 18.8231 296.371
39.4468 18.8132 296.279
39.4479 18.8151 296.303
39.445 18.8144 296.268
39.4182 18.809 296.039
39.4596 18.8244 296.36
39.4545 18.8259 296.353
39.4426 18.8192 296.258
39.4562 18.8253 296.381
39.462 18.8262 296.396
39.4558 18.8256 296.36
39.4573 18.8219 296.384
39.4472 18.8197 296.294
39.4437 18.8189 296.271
39.4649 18.8259 296.44
39.4496 18.8202 296.298
39.4395 18.8157 296.218
39.4421 18.8156 296.253
39.4493 18.8173 296.299
39.4557 18.8226 296.351
39.4473 18.8194 296.281
39.4464 18.8136 296.277
39.4547 18.8191 296.36
39.4585 18.826 296.409
39.4539 18.8204 296.348
39.4551 18.8186 296.36
39.4565 18.8273 296.362
39.451 18.821 296.3
39.4501 18.8242 296.289
39.4492 18.8204 296.296
39.4599 18.8251 296.374
39.4398 18.8146 296.211
39.4366 18.8105 296.183
39.4386 18.8058 296.219
39.4394 18.8133 296.204
39.4512 18.8171 296.343
39.4403 18.8047 296.233
39.4392 18.8058 296.228
39.4394 18.8105 296.239
39.4338 18.8111 296.178
39.4384 18.8116 296.217
39.4304 18.8084 296.174
39.4281 18.8073 296.14
39.4252 18.8118 296.117
39.419 18.8023 296.049
39.4268 18.807 296.103
39.4355 18.8087 296.186
39.4512 18.8146 296.315
39.4392 18.8069 296.22
39.4226 18.7996 296.08
39.4464 18.8098 296.281
39.4415 18.8081 296.244
39.4452 18.8084 296.273
39.4559 18.813 296.408
39.4393 18.8061 296.222
39.4434 18.8106 296.228
39.4327 18.8111 296.191
39.4371 18.8098 296.197
39.4435 18.8125 296.245
39.4501 18.8206 296.298
39.4384 18.8097 296.219
39.4286 18.8023 296.151
39.4398 18.8112 296.26
39.4397 18.8095 296.254
39.4442 18.8118 296.293
39.4398 18.8148 296.257
39.4404 18.8119 296.26
39.4339 18.8064 296.223
39.4377 18.8109 296.228
39.4408 18.8139 296.241
39.433 18.8063 296.178
39.4433 18.8074 296.267
39.3889 18.7826 295.849
39.4161 18.794 296.077
39.4216 18.8009 296.107
39.4288 18.8034 296.161
39.4185 18.7979 296.065
39.4291 18.8049 296.153
39.4374 18.8057 296.242
39.4426 18.8115 296.299
39.436 18.8069 296.228
39.4341 18.8035 296.206
39.4279 18.8002 296.17
39.4249 18.7999 296.139
39.4327 18.81 296.211
39.4415 18.812 296.307
39.4267 18.8008 296.146
39.4362 18.8054 296.234
39.4484 18.8125 296.349
39.4431 18.8123 296.298
39.4474 18.8104 296.348
39.454 18.8205 296.417
39.4488 18.8172 296.375
39.4417 18.8151 296.331
39.4446 18.8126 296.349
39.4513 18.8147 296.413
39.4508 18.8181 296.391
39.4468 18.8206 296.354
39.4523 18.8157 296.396
39.4488 18.8147 296.385
39.4441 18.8178 296.329
39.4334 18.812 296.23
39.4466 18.8172 296.354
39.4585 18.8267 296.482
39.4571 18.8179 296.427
39.4578 18.8224 296.417
39.4393 18.8112 296.241
39.4579 18.8179 296.391
39.4536 18.8155 296.381
39.4437 18.8124 296.31
39.4553 18.8174 296.395
39.454 18.8219 296.387
39.4461 18.816 296.31
39.4585 18.8227 296.399
39.4507 18.8243 296.33
39.4582 18.8296 296.404
39.4603 18.8304 296.404
39.4548 18.8247 296.356
39.4635 18.8328 296.41
39.4678 18.8333 296.462
39.4589 18.8295 296.37
39.4525 18.825 296.291
39.4564 18.831 296.32
39.4559 18.8354 296.31
39.4652 18.834 296.371
39.4625 18.8261 296.354
39.4664 18.8334 296.392
39.4735 18.8391 296.475
39.4761 18.8383 296.474
39.4672 18.8358 296.379
39.4755 18.8377 296.445
39.4878 18.8462 296.548
39.4751 18.8395 296.449
39.4699 18.835 296.407
39.4698 18.8315 296.396
39.4678 18.8278 296.347
39.4628 18.8304 296.341
39.4626 18.8354 296.33
39.461 18.8283 296.302
39.4341 18.8221 296.101
39.4703 18.8375 296.377
39.474 18.836 296.421
39.4589 18.8278 296.277
39.4681 18.8283 296.371
39.4534 18.8269 296.221
39.4682 18.8385 296.331
39.4699 18.8315 296.363
39.4504 18.8251 296.245
39.469 18.839 296.364
39.4608 18.8308 296.306
39.4694 18.8343 296.391
39.4702 18.842 296.418
39.4714 18.8381 296.414
39.4662 18.8389 296.353
39.4654 18.8346 296.354
39.4628 18.8327 296.337
39.4609 18.8324 296.298
39.4532 18.8306 296.22
39.4614 18.8289 296.299
39.45 18.8276 296.199
39.4504 18.8185 296.198
39.4649 18.8388 296.36
39.4682 18.8496 296.378
39.473 18.8593 296.39
39.4717 18.8973 296.378
39.4788 18.9319 296.464
39.4885 18.9724 296.495
39.486 19.0566 296.461
39.4738 19.0995 296.352
39.4765 19.1664 296.42
39.494 19.2654 296.54
39.5019 19.4792 296.632
39.5092 19.595 296.718
39.5075 19.6915 296.699
39.5078 19.7116 296.715
39.4907 19.7637 296.568
39.5069 19.9076 296.714
39.4965 19.9927 296.627
39.5067 20.0593 296.733
39.5025 20.096 296.693
39.5085 20.174 296.716
39.4904 20.24 296.562
39.4969 20.2962 296.621
39.5072 20.3526 296.716
39.5003 20.3848 296.655
39.507 20.4131 296.709
39.4898 20.4302 296.569
39.4877 20.495 296.526
39.4937 20.5292 296.59
39.5083 20.6036 296.736
39.5093 20.654 296.726
39.5026 20.7102 296.661
39.5123 20.9036 296.738
39.5194 20.9703 296.794
39.541 21.1219 296.976
39.5329 21.1683 296.929
39.5357 21.2157 296.952
39.5462 21.3566 297.077
39.5619 21.4739 297.188
39.552 21.5436 297.097
39.5509 21.6183 297.103
39.5424 21.6375 297.04
39.5464 21.7127 297.04
39.568 21.7965 297.231
39.5526 21.9512 297.125
39.5492 22.0198 297.055
39.555 22.1307 297.061
39.549 22.213 297.024
39.559 22.4536 297.094
39.5753 22.5858 297.263
39.5904 22.7594 297.39
39.5546 22.9627 297.018
39.5713 23.0829 297.191
39.5654 23.1142 297.128
39.5775 23.1519 297.235
39.5758 23.1821 297.216
39.5735 23.2345 297.209
39.5498 23.3061 296.967
39.5669 23.5803 297.103
39.5738 23.7061 297.172
39.5591 23.7812 297.012
39.57 23.8975 297.132
39.6 24.0477 297.406
39.5727 24.1821 297.147
39.5733 24.3253 297.154
39.5858 24.4096 297.277
39.5897 24.4471 297.286
39.5758 24.4771 297.159
39.5762 24.5024 297.151
39.5739 24.5141 297.127
39.5772 24.5189 297.153
39.5717 24.5168 297.116
39.5617 24.5373 297.015
39.5566 24.5535 296.965
39.5711 24.6542 297.063
39.5942 24.797 297.26
39.5772 24.8439 297.111
39.5797 24.9825 297.128
39.6066 25.0678 297.369
39.5948 25.1122 297.262
39.5919 25.1931 297.226
39.5891 25.3355 297.22
39.5707 25.439 297.044
39.5925 25.4926 297.246
39.5891 25.5881 297.177
39.5819 25.6527 297.139
39.5738 25.7351 297.074
39.5668 25.7351 297.014
39.5738 25.7315 297.084
39.5915 25.7389 297.219
39.5812 25.7407 297.105
39.6056 25.7681 297.339
39.5915 25.7934 297.177
39.5811 25.8049 297.066
39.5724 25.8204 296.962
39.5646 25.8396 296.865
39.5697 25.8665 296.911
39.5612 25.9258 296.847
39.5659 26.032 296.89
39.5848 26.1076 297.062
39.5714 26.1565 296.949
39.5612 26.2097 296.89
39.5779 26.2596 297.05
39.5893 26.3116 297.146
39.5957 26.3622 297.215
39.6104 26.445 297.38
39.6002 26.455 297.261
39.592 26.468 297.159
39.6026 26.5238 297.272
39.622 26.5849 297.489
39.6282 26.5878 297.545
39.6058 26.5914 297.342
39.5953 26.5929 297.221
39.5997 26.6262 297.288
39.6091 26.6711 297.413
39.6231 26.7752 297.568
39.6264 26.806 297.59
39.6283 26.8346 297.621
39.6124 26.8514 297.509
39.6107 26.9499 297.549
39.6047 26.9587 297.488
39.6022 26.9575 297.491
39.5984 26.9736 297.479
39.6005 26.9867 297.494
39.5916 26.9941 297.406
39.5979 27.0259 297.499
39.5973 27.0478 297.498
39.5853 27.0649 297.407
39.5968 27.0755 297.506
39.5976 27.0806 297.51
39.5829 27.0952 297.435
39.6002 27.191 297.631
39.5812 27.2619 297.47
39.5725 27.2772 297.385
39.5854 27.3034 297.539
39.5606 27.311 297.313
39.5857 27.376 297.579
39.5923 27.4089 297.672
39.5859 27.4156 297.598
39.5932 27.4212 297.651
39.6087 27.4439 297.814
39.5594 27.4464 297.387
39.5817 27.4845 297.626
39.585 27.4898 297.688
39.5915 27.5052 297.721
39.5858 27.5128 297.624
39.6089 27.5849 297.907
39.634 27.6528 298.176
39.6365 27.6701 298.172
39.6466 27.6907 298.288
39.6599 27.6982 298.353
39.6396 27.6889 298.183
39.6742 27.7344 298.496
39.7038 27.7797 298.806
39.6754 27.7589 298.512
39.6423 27.7211 298.17
39.6566 27.7414 298.35
39.6523 27.7433 298.364
39.6471 27.744 298.306
39.6349 27.7444 298.186
39.6198 27.7469 298.052
39.6319 27.7656 298.181
39.6627 27.7973 298.436
39.6689 27.8066 298.514
39.6862 27.8601 298.699
39.6909 27.8957 298.817
39.6835 27.8905 298.728
39.6977 27.9347 298.846
39.7003 27.9371 298.799
39.7795 28.057 299.517
39.8005 28.0869 299.671
39.81 28.1028 299.774
39.8024 28.1054 299.69
39.8043 28.1185 299.696
39.7905 28.1163 299.554
39.7679 28.105 299.352
39.755 28.0893 299.253
39.7467 28.0861 299.212
39.7689 28.1016 299.423
39.7676 28.0926 299.417
39.738 28.0868 299.137
39.8133 28.1745 299.901
39.8198 28.225 300.047
39.7983 28.2124 299.901
39.8067 28.2197 299.876
39.8109 28.2205 299.854
39.8354 28.2659 300.145
39.8339 28.2691 300.141
39.8262 28.2652 300.058
39.8482 28.2775 300.225
39.8367 28.3328 300.098
39.826 28.3493 300.034
39.818 28.3515 299.924
39.8038 28.3493 299.767
39.8094 28.3638 299.814
39.7841 28.3593 299.613
39.7798 28.3615 299.507
39.7911 28.3748 299.614
39.7787 28.374 299.519
39.7991 28.3877 299.76
39.8038 28.3761 299.793
39.7976 28.3557 299.746
39.816 28.3662 299.887
39.777 28.3359 299.588
39.7962 28.3438 299.764
39.8029 28.3654 299.868
39.7986 28.3597 299.795
39.7945 28.3463 299.755
39.783 28.331 299.656
39.8005 28.3513 299.875
39.7767 28.3487 299.677
