71.2118
71.3256
71.3116
71.4366
71.318
71.2689
71.1922
71.1909
71.3201
71.2968
71.3759
71.274
71.4087
71.3854
71.446
71.3187
71.3332
71.2442
71.3013
71.3422
71.4331
71.4472
71.3887
71.4486
71.464
71.3811
71.3504
71.3681
71.2034
71.2023
71.2452
71.28
71.3863
71.52
71.4347
71.2145
71.3555
71.3302
71.2286
71.2784
71.2694
71.3028
71.3044
71.3315
71.3942
71.3952
71.3303
71.4102
71.4436
71.3382
71.3806
71.4343
71.4031
71.3898
71.4428
71.3967
71.265
71.355
71.4094
71.4348
71.3512
71.2194
71.3428
71.4554
71.3425
71.3671
71.3869
71.4686
71.3984
71.1812
71.3819
71.4598
71.3754
71.3068
71.3589
71.3898
71.3675
71.3573
71.4844
71.3785
71.3874
71.363
71.3621
71.4701
71.4848
71.3488
71.3885
71.3762
71.3178
71.2181
71.3226
71.3943
71.4377
71.4062
71.3773
71.3781
71.3378
71.2675
71.3797
71.3815
71.3599
71.3764
71.3538
71.3943
71.3726
71.2058
71.4284
71.5145
71.3892
71.4407
71.319
71.1998
71.274
71.3758
71.3556
71.3887
71.4123
71.4153
71.4368
71.4301
71.4399
71.3364
71.3343
71.3523
71.3081
71.1867
71.3994
71.4686
71.4091
71.4984
71.3386
71.3282
71.2446
71.2464
71.3663
71.3339
71.339
71.3137
71.3634
71.5215
71.4556
71.2906
71.3329
71.4195
71.4845
71.3953
71.4171
71.4399
71.4131
71.4054
71.3779
71.4676
71.5249
71.5203
71.3931
71.3126
71.3218
71.4533
71.3879
71.3996
71.3289
71.3308
71.295
71.1722
71.2902
71.4756
71.4286
71.3362
71.416
71.393
71.4243
71.3014
71.3072
71.2683
71.4201
71.4215
71.454
71.3649
71.4189
71.4192
71.3895
71.3743
71.355
71.3545
71.4406
71.5431
71.4067
71.4206
71.4526
71.3559
71.373
71.4325
71.3811
71.3172
71.4234
71.3654
71.3637
71.4285
71.4403
71.4782
71.5063
71.4719
71.5007
71.5673
71.3883
71.3859
71.4614
71.4616
71.3826
71.3786
71.3256
71.4463
71.5796
71.557
71.46
71.473
71.4478
71.517
71.3982
71.364
71.3581
71.3806
71.4047
71.4522
71.3849
71.3211
71.391
71.427
71.4342
71.5295
71.5474
71.5539
71.4746
71.4292
71.4476
71.3503
71.3595
71.4259
71.4071
71.3602
71.5462
71.5891
71.5668
71.4912
71.5211
71.5304
71.3723
71.5267
71.4754
71.4624
71.4784
71.3468
71.4644
71.3697
71.4428
71.5794
71.4742
71.4043
71.3869
71.36
71.3675
71.5695
71.5355
71.6255
71.7345
71.7711
71.9058
71.9895
72.1045
72.139
71.9935
72.2682
72.3383
72.2683
72.2576
72.2161
72.4194
72.5123
72.4089
72.3671
72.5842
72.6665
72.8089
72.9898
73.1024
73.1897
73.1062
73.1085
73.1314
73.1951
73.2045
73.1228
73.1641
73.2209
73.2431
73.1447
73.2015
73.2153
73.2157
73.1884
73.3037
73.3298
73.2435
73.1704
73.1842
73.2045
73.2459
73.161
73.2698
73.2247
73.3099
73.2806
73.2805
73.1922
73.2474
73.392
73.2354
73.3721
73.2862
73.2126
73.2207
73.2744
73.2996
73.2955
73.415
73.3239
73.2408
73.2391
73.298
73.3638
73.3039
73.2689
73.1611
73.2511
73.2472
73.1677
73.3226
73.4309
73.3828
73.3053
73.3182
73.3605
73.3717
73.2022
73.1696
73.2077
73.2718
73.3206
73.2908
73.2408
73.2622
73.2829
73.3212
73.2844
73.2895
73.34
73.3147
73.3245
73.2863
73.2522
73.2061
73.3307
73.2792
73.4229
73.3592
73.3141
73.3191
73.3342
73.3
73.2517
73.2979
73.3044
73.2328
73.2917
73.3054
73.2972
73.2843
73.271
73.2972
73.2828
73.243
73.1342
73.2681
73.339
73.2613
73.2793
73.2636
73.237
73.2481
73.2613
73.3139
73.3457
73.2989
73.3654
73.3212
73.2279
73.4063
73.2678
73.2597
73.2596
73.2732
73.2596
73.2566
73.3018
73.2429
73.21
73.3499
73.2937
73.3514
73.4208
73.4007
73.436
73.3056
73.2969
73.3556
73.3529
73.2637
73.2516
73.2493
73.2373
73.2937
73.254
73.2796
73.2874
73.3137
73.3312
73.3096
73.3057
73.3379
73.3352
73.3364
73.2761
73.2603
73.3783
73.3898
73.3674
73.3448
73.2691
73.3615
73.3336
73.2772
73.2591
73.2149
73.3494
73.3581
73.3557
73.4019
73.4397
73.3357
73.2834
73.3417
73.3188
73.3251
73.3132
73.3914
73.4284
73.341
73.3291
73.3688
73.3849
73.3936
73.4351
73.3594
73.3348
73.3088
73.3047
73.3754
73.2636
73.3097
73.2994
73.3383
73.3357
73.2419
73.2323
73.2953
73.3638
73.2728
73.2567
73.3337
73.2746
73.2858
73.2381
73.3265
73.3977
73.3009
73.2484
73.206
73.2493
73.2539
73.2261
73.2975
73.386
73.3142
73.1975
73.1801
73.2362
73.3304
73.3364
73.3609
73.2645
73.2783
73.3039
73.2336
73.2802
73.2748
73.2587
73.3341
73.373
73.3146
73.2577
73.2712
73.2446
73.2828
73.4721
73.4769
73.4543
73.2673
73.2793
73.399
73.4075
73.3996
73.37
73.3424
73.3492
73.3545
73.3637
73.2994
73.2581
73.3373
73.3307
73.281
73.3615
73.31
73.2289
73.2304
73.3133
73.2399
73.2536
73.4546
73.4582
73.3882
73.3833
73.3097
73.2673
73.3985
73.4002
73.2972
73.2989
73.4532
73.6388
73.4566
73.4203
73.5244
73.5677
73.6022
73.6672
73.5388
73.974
73.9696
74.0387
74.0208
74.0719
74.1321
74.2555
74.3031
74.2704
74.3234
74.4198
74.5019
74.493
74.503
74.4997
74.6907
74.724
74.5925
74.7361
74.7201
74.7936
74.7599
74.8622
75.024
74.9261
75.066
75.1436
75.0958
75.0418
75
75.08
75.0642
75.0354
74.9989
75.0684
75.1347
75.0669
75.0761
75.1349
75.0695
74.9283
74.9636
75.0032
75.0658
75.0368
75.1225
75.2304
75.2576
75.2527
75.2967
75.1845
75.267
75.2835
75.367
75.4054
75.3449
75.3965
75.3909
75.3722
75.3448
75.3529
75.3443
75.298
75.3801
75.4539
75.4296
75.4197
75.4719
75.4513
75.4271
75.4388
75.3432
75.3701
75.4437
75.4958
75.3838
75.4609
75.4282
75.3547
75.3563
75.5074
75.5757
75.5346
75.5397
75.4625
75.4862
75.6602
75.5808
75.428
75.5774
75.4759
75.4917
75.4566
75.6174
75.5414
75.546
75.6194
75.6039
75.5208
75.4746
75.5636
75.5392
75.5847
75.526
75.4741
75.5983
75.5003
75.4518
75.4961
75.5695
75.668
75.5941
75.6358
75.5856
75.534
75.5976
75.64
75.6105
75.6356
75.6608
75.6902
75.6535
75.5887
75.6588
75.5886
75.5998
75.6351
75.5745
75.5311
75.5953
75.4899
75.5266
75.5229
75.5494
75.5566
75.5385
75.571
75.4424
75.5467
75.5213
75.582
75.4869
75.4969
75.5664
75.5695
75.6416
75.5855
75.6942
75.6693
75.5806
75.6293
75.6349
75.6051
75.5729
75.6866
75.6329
75.6985
75.6048
75.5923
75.6344
75.6447
75.65
75.6177
75.5937
75.544
75.5952
75.5347
75.5604
75.5411
75.5959
75.5927
75.6221
75.6047
75.5758
75.4786
75.503
75.5378
75.5657
75.5479
75.5559
75.6109
75.5922
75.5845
75.6256
75.5614
75.5453
75.5028
75.4927
75.4914
75.5112
75.4792
75.4314
75.4902
75.5459
75.5469
75.443
75.4955
75.5167
75.5004
75.4974
75.4803
75.4807
75.5603
75.5335
75.5835
75.5749
75.4407
75.5089
75.5291
75.5475
75.6432
75.6086
75.5639
75.5884
75.6102
75.5622
75.4908
75.6407
75.6056
75.5778
75.5613
75.5996
75.5866
75.5446
75.5515
75.5657
75.5076
75.3181
75.4728
75.5032
75.5585
75.553
75.5493
75.5163
75.6171
75.5347
75.521
75.5731
75.5926
75.5372
75.6398
75.5526
75.561
75.6174
75.5882
75.5676
75.6478
75.6579
75.6738
75.6347
75.5918
75.5684
75.527
75.5341
75.5825
75.5902
75.5651
75.4832
75.4877
75.5562
75.5277
75.5685
75.5777
75.577
75.5741
75.5506
75.6198
75.6534
75.6042
75.6158
75.4976
75.5523
75.5398
75.5245
75.5616
75.5375
75.5639
75.5983
75.617
75.5794
75.5924
75.5501
75.5264
75.5181
75.5327
75.5122
75.5551
75.5641
75.5864
75.6513
75.6738
75.6653
75.7346
75.7927
75.8295
75.8808
75.8408
75.8399
75.9074
75.9713
76.0033
76.003
75.9123
75.9638
75.9067
76.03
76.1223
76.2235
76.3016
76.3929
76.3732
76.4155
76.4319
76.5068
76.5161
76.5886
76.6041
76.6215
76.5884
76.6341
76.6739
76.705
76.7615
76.7814
76.7747
76.8192
76.8693
76.8152
76.869
77.0103
76.9342
76.9611
76.9424
76.9808
77.04
77.0515
77.096
76.9959
76.9394
76.9943
77.1756
77.0324
77.0905
77.1846
77.2322
77.2166
77.1951
77.2376
77.2338
77.2978
77.252
77.2365
77.2238
77.289
77.2882
77.435
77.3182
77.3624
77.3088
77.3393
77.2634
77.1722
77.2092
77.2196
77.2158
77.2663
77.2893
77.3158
77.3242
77.3206
77.3573
77.2722
77.284
77.2436
77.2339
77.3579
77.3975
77.2955
77.2644
77.3421
77.3748
77.4056
77.2802
77.4442
77.3688
77.3941
77.3577
77.4099
77.3915
77.4068
77.3883
77.3505
77.3118
77.3133
77.3786
77.3978
77.3815
77.4304
77.4239
77.4495
77.3066
77.31
77.3086
77.4157
77.4715
77.4075
77.3322
77.4204
77.3555
77.328
77.3605
77.3632
77.2953
77.2946
77.3172
77.2586
77.3769
77.3527
77.3795
77.3333
77.3443
77.4087
77.366
77.3405
77.3421
77.3251
77.3082
77.328
77.3685
77.3488
77.3344
77.3393
77.3169
77.261
77.2398
77.309
77.3569
77.3457
77.3554
77.4152
77.3635
77.3309
77.2967
77.3936
77.1228
77.1999
76.9166
77.3112
77.2741
77.3718
77.3545
77.3365
77.3104
77.3752
77.4268
77.4027
77.4302
77.34
77.3653
77.431
77.3698
77.3401
77.3469
77.3925
77.404
77.3895
77.3505
77.3893
77.3504
77.3754
77.2864
77.4358
77.3723
77.4139
77.3806
77.3763
77.3366
77.2465
77.2751
77.3545
77.346
77.3795
77.3739
77.3857
77.3671
77.4077
77.474
77.4009
77.3701
77.2856
77.3072
77.3899
77.3667
77.3381
77.313
77.3552
77.3467
77.3651
77.3324
77.3789
77.3115
77.3584
77.3711
77.428
77.4556
77.3604
77.3977
77.4366
77.3744
77.3359
77.3563
77.3818
77.3897
77.3587
77.3509
77.4112
77.4283
77.409
77.3894
77.4318
77.4316
77.3998
77.4149
77.4558
77.4334
77.3458
77.3394
77.3013
77.2665
77.3506
77.4246
77.3827
77.3491
77.3369
77.2984
77.3759
77.3926
77.4198
77.3439
77.3252
77.3188
77.3142
77.3783
77.3473
77.3151
77.3945
77.3798
77.3991
77.3111
77.3745
77.3594
77.4219
77.3364
77.3102
77.3217
77.3345
77.401
77.3456
77.3577
77.4248
77.4715
77.4135
77.4216
77.3442
77.3741
77.343
77.3188
77.291
77.2497
77.3308
77.2581
77.3435
77.4337
77.4449
77.4563
77.4206
77.4451
77.3717
77.3959
77.349
77.3714
77.6547
77.4865
77.4267
77.485
77.5101
77.5949
77.5993
77.642
77.7124
77.7833
77.9082
78.0865
78.0939
78.0951
78.1147
78.1787
78.0173
78.1347
78.1591
78.2641
78.1203
78.3758
78.2566
78.3986
78.4405
78.5001
78.7012
78.781
78.7199
78.6451
78.7527
78.7728
78.7841
78.8523
78.7942
78.836
78.956
79.0056
79.1009
79.1578
79.2794
79.1289
79.1819
79.306
79.2239
79.2809
79.3726
79.224
79.3226
79.3569
79.3208
79.2301
79.2724
79.276
79.3197
79.2511
79.276
79.2696
79.1731
79.161
79.1866
79.2456
79.3125
79.3284
79.37
79.3654
79.3517
79.4387
79.5338
79.4867
79.4364
79.3794
79.436
79.419
79.4398
79.4465
79.4502
79.4027
79.4214
79.4128
79.4103
79.3865
79.3856
79.4247
79.421
79.3553
79.4028
79.3799
79.4209
79.4327
79.4338
79.3965
79.3806
79.3889
79.4238
79.4532
79.4821
79.4538
79.4823
79.4696
79.3551
79.3665
79.4217
79.4752
79.4146
79.4147
79.4868
79.4161
79.3534
79.3678
79.4056
79.428
79.431
79.43
79.4101
79.4007
79.2571
79.2701
79.4175
79.3431
79.3023
79.3373
79.3542
79.3213
79.357
79.4101
79.3365
79.2779
79.3261
79.3184
79.2914
79.2778
79.3291
79.3692
79.4461
79.4048
79.3861
79.2607
79.3233
79.3809
79.3066
79.3158
79.3503
79.4067
79.3448
79.4262
79.3121
79.3237
79.4034
79.4351
79.3283
79.2978
79.3473
79.3077
79.3227
79.3561
79.4125
79.3354
79.3631
79.3898
79.3628
79.3008
79.3986
79.3358
79.2771
79.3268
79.3559
79.297
79.3718
79.3678
79.4113
79.3733
79.2629
79.2608
79.2118
79.2815
79.2843
79.3334
79.4253
79.3465
79.3518
79.3665
79.3741
79.369
79.4129
79.4394
79.3943
79.3857
79.4696
79.3858
79.4225
79.4719
79.395
79.3356
79.3764
79.3598
79.4036
79.3588
79.3439
79.3948
79.3515
79.3337
79.3867
79.4197
79.3903
79.407
79.3714
79.409
79.4086
79.47
79.4384
79.4796
79.5006
79.5127
79.4536
79.3968
79.3717
79.3668
79.3636
79.3719
79.41
79.4378
79.3933
79.3762
79.4449
79.516
79.435
79.4497
79.458
79.4439
79.4316
79.4522
79.5026
79.5216
79.4779
79.4448
79.4877
79.537
79.4903
79.4239
79.3818
79.3872
79.4373
79.4785
79.4057
79.373
79.4385
79.3973
79.4458
79.4857
79.4118
79.3803
79.3951
79.389
79.3896
79.3713
79.3912
79.3895
79.3704
79.3573
79.3963
79.4194
79.6442
79.4378
79.4729
79.4792
79.4627
79.4929
79.5088
79.4525
79.4953
79.5027
79.4781
79.3962
79.3787
79.3716
79.3874
79.3922
79.3648
79.4504
79.5304
79.6245
79.7999
79.8817
79.9135
80.054
80.0338
79.9683
80.1163
80.0731
80.2128
80.3053
80.417
80.5037
80.4763
80.5166
80.6054
80.4795
80.4144
80.5483
80.5659
80.4848
80.6609
80.8172
80.6718
80.8747
80.9552
80.9817
81.0829
81.2002
81.2271
81.2165
81.3872
81.4446
81.4361
81.4728
81.6902
81.624
81.5815
81.66
81.6679
81.6954
81.8351
81.8995
81.8643
81.8846
81.9302
81.9142
82.0091
82.0083
81.9833
81.9649
82.0216
81.9987
82.0129
82.0043
82.0236
82.0319
82.0175
81.982
82.0315
82.0538
82.1017
81.9656
82.0244
82.046
81.9363
81.995
82.0748
82.0889
82.0842
82.0658
82.0301
82.0959
81.9927
82.1275
82.1123
82.0875
82.1234
82.0366
82.0559
82.0029
82.0321
81.8294
82.0079
81.9639
81.9125
81.9336
82.0178
81.9691
82.0309
81.9648
81.964
82.014
82.0554
82.0261
82.0226
81.92
81.9644
82.0234
82.0053
82.0009
81.997
82.0031
81.9876
81.9772
82.0291
82.017
82.0188
81.962
82.0351
81.9897
82.0172
82.018
82.0684
82.0851
82.0697
82.0632
82.0937
82.1001
82.0196
82.0575
82.0303
82.0203
82.1004
82.0891
81.9775
82.0308
82.0336
82.088
82.0674
82.028
82.032
82.0588
82.0567
82.067
82.0401
82.0341
82.051
82.0231
82.0289
82.06
82.0585
82.0519
82.0731
82.0421
82.1114
81.9666
81.9554
82.0142
82.0306
81.9904
81.9538
81.9325
81.9689
81.9728
81.9459
82.048
81.986
81.9406
81.9475
81.9482
81.93
81.9731
81.9948
81.9993
81.9914
81.9687
82.0302
82.0008
82.013
82.0314
81.9734
81.9461
82.0345
81.9998
81.9161
81.907
81.9764
82.0054
82.0627
81.9866
81.9253
82.0684
81.9961
81.9599
81.8708
81.9702
81.9997
82.0189
82.0168
82.032
81.9904
81.9928
81.9827
81.9727
82.0405
81.9632
81.9268
81.9414
81.9108
81.9707
81.9646
81.9408
81.9374
81.9772
82.004
81.9961
81.9417
81.9928
82.0013
82.0191
82.0813
82.0077
81.9722
81.9902
82.0822
82.0615
82.0248
82.0237
82.0238
82.0497
82.0447
81.9745
81.9911
81.9931
82.0096
81.986
81.9944
82.0376
82.0447
82.0991
82.0966
81.9873
82.0028
81.999
81.9775
82.1008
82.0256
82.0495
82.0088
82.0137
81.9962
81.9773
82.0827
82.0766
82.072
82.0112
82.0684
82.037
82.0565
82.071
82.0431
81.9951
82.0503
82.073
82.0398
82.0463
82.0056
81.9909
82.0352
82.0106
82.0867
82.009
82.0019
81.987
82.0118
82.058
81.9952
82.0472
81.9745
81.9903
82.0423
82.0709
82.0998
82.033
81.9975
82.0166
82.0066
82.0151
82.0479
82.0342
81.9896
82.0321
82.0563
82.0374
82.0595
82.0288
82.0383
81.9977
82.0184
82.0394
82.0531
82.0357
82.0142
82.011
82.0431
82.0886
81.9817
81.9773
82.035
82.057
82.1739
82.1489
82.1265
82.1286
82.218
82.3438
82.365
82.3256
82.3547
82.4215
82.5607
82.5831
82.6075
82.695
82.7459
82.8013
82.9603
83.2415
83.5044
83.5024
83.539
83.5323
83.6599
83.6324
83.6263
83.6951
83.6934
83.727
83.7431
83.8018
83.8087
83.901
84.0263
84.0553
84.0284
84.1243
84.2623
84.4415
84.2938
84.2795
84.2653
84.19
84.3356
84.2963
84.4124
84.4269
84.4983
84.6297
84.6851
84.7496
84.671
84.6892
84.6235
84.5939
84.6427
84.6249
84.6691
84.6604
84.6467
84.6615
84.6375
84.6774
84.6713
84.6457
84.6625
84.656
84.7216
84.644
84.6326
84.6185
84.6488
84.6432
84.668
84.6927
84.6746
84.5424
84.679
84.7159
84.6425
84.6377
84.6442
84.5384
84.6467
84.6634
84.6414
84.669
84.5744
84.564
84.5864
84.5532
84.6029
84.5742
84.5535
84.6154
84.6416
84.6906
84.7328
84.6953
84.644
84.6046
84.6025
84.6109
84.7014
84.648
84.6452
84.6586
84.6633
84.6134
84.6291
84.5983
84.6281
84.7001
84.6772
84.6617
84.6644
84.584
84.6583
84.6804
84.5658
84.651
84.5791
84.6043
84.6825
84.6751
84.6572
84.6583
84.6631
84.6988
84.6634
84.6252
84.7088
84.6952
84.6848
84.7041
84.6664
84.6217
84.5964
84.6165
84.6516
84.6424
84.6583
84.6339
84.6194
84.7022
84.6732
84.6691
84.6649
84.6452
84.6576
84.7273
84.6513
84.6414
84.6274
84.7518
84.7489
84.714
84.7089
84.7202
84.6962
84.7007
84.6494
84.6684
84.6621
84.6703
84.625
84.6232
84.7318
84.6255
84.6159
84.6477
84.6398
84.6357
84.6213
84.5763
84.6387
84.6396
84.7268
84.6967
84.6534
84.6837
84.6681
84.62
84.5924
84.5936
84.5845
84.618
84.6103
84.5847
84.5917
84.6328
84.6563
84.6676
84.6436
84.5961
84.6661
84.6875
84.6671
84.6114
84.6438
84.7132
84.6742
84.6953
84.6393
84.5587
84.5863
84.5919
84.5998
84.638
84.6436
84.6417
84.6219
84.5898
84.6334
84.6655
84.661
84.6685
84.674
84.5683
84.5998
84.6029
84.662
84.6938
84.6558
84.6019
84.708
84.6194
84.6411
84.6289
84.6635
84.6452
84.7607
84.6797
84.6847
84.6913
84.673
84.6416
84.6889
84.6586
84.6929
84.6981
84.6672
84.5857
84.6559
84.7077
84.6838
84.6354
84.6321
84.6567
84.6318
84.6344
84.6193
84.6453
84.6234
84.6025
84.6428
84.582
84.5989
84.5679
84.6098
84.6895
84.6184
84.621
84.6117
84.6323
84.6362
85.4303
85.2523
84.807
84.763
84.7043
84.7958
84.9674
84.9991
84.9795
85.04
85.0288
85.2337
85.3351
85.3525
85.4716
85.5695
85.5784
85.6368
85.8032
85.8685
85.96
86.0458
86.0996
86.0731
86.0289
86.1235
86.1619
86.2341
86.3953
86.3951
86.3871
86.3898
86.4101
86.4836
86.5576
86.5134
86.5298
86.5208
86.6725
86.8745
86.7298
86.825
86.8274
86.9481
86.9539
86.9279
86.9704
87.0092
87.0271
86.9531
86.8817
87.0257
87.0293
87.0393
86.9908
87.0338
87.0597
87.0398
86.9801
87.0732
87.1114
87.1383
87.2174
87.1754
87.1554
87.1488
87.2048
87.1731
87.1963
87.2482
87.2314
87.2125
87.1858
87.0944
86.9065
87.0776
86.9833
87.0631
87.0676
87.0192
87.0126
87.0906
87.0417
87.125
87.1358
87.0757
87.1628
87.1533
87.1794
87.1138
87.0123
87.0565
87.0683
87.0767
87.0568
87.0885
87.0841
87.0795
87.1177
87.0692
87.0632
87.0806
87.0652
87.0983
87.167
87.1323
87.1483
87.1019
87.1059
87.1249
87.1749
87.1194
87.1468
87.1248
87.0977
87.0615
87.1996
87.1549
87.0955
87.1063
87.138
87.1513
87.1039
87.2462
87.2171
87.1963
87.1994
87.0961
87.0331
87.184
87.1169
87.0318
87.1459
87.1981
87.1796
87.0587
87.1112
87.1819
87.1865
87.0681
87.1368
87.1785
87.1145
87.1525
87.1406
87.1067
87.1503
87.1729
87.1763
87.0938
87.0514
87.1178
87.0698
87.1012
87.1057
87.0714
87.0628
87.039
87.089
87.1424
87.1431
87.159
87.1108
87.1422
87.1282
87.1402
87.1618
87.162
87.1491
87.1212
87.078
87.0983
87.1355
87.1381
87.1179
87.1006
87.1305
87.1449
87.1883
87.1677
87.1228
87.1464
87.2415
87.1559
87.1736
87.1092
87.1045
87.122
87.1561
87.0767
87.1115
87.0769
87.0576
87.1516
87.127
87.0946
87.0088
87.0442
87.0959
87.1022
87.1359
87.1046
87.0816
87.166
87.1697
87.1433
87.1034
87.1502
87.0855
87.1119
87.1134
87.1013
87.0952
87.1284
87.1706
87.1024
87.0989
87.0589
87.101
87.1717
87.1615
87.2084
87.1439
87.1277
87.0453
87.0727
87.0993
87.0872
87.1082
87.1087
87.1923
87.1667
87.107
87.2506
87.245
87.1182
87.1486
87.1097
87.1162
87.1332
87.1359
87.1169
87.1862
87.1236
87.0931
87.1097
87.0609
87.1589
87.1518
87.0796
87.1778
87.1726
87.0928
87.0954
87.1877
87.1514
87.1165
87.1931
87.0626
87.1056
87.1714
87.0803
87.1524
87.1222
87.1844
87.2387
87.3841
87.2081
87.9155
87.622
87.6369
87.6733
87.7884
87.8016
87.9401
87.9548
88.0537
88.215
88.1556
88.5108
88.4282
88.43
88.4378
88.5606
88.6121
88.6504
88.6759
88.7759
88.7645
88.9155
88.8827
89.0762
88.9917
88.8906
89.1203
89.1377
89.1647
89.1914
89.1707
89.2068
89.1704
89.272
89.3741
89.2807
89.2756
89.3343
89.3368
89.3537
89.3389
89.3342
89.4073
89.4722
89.447
89.4003
89.3967
89.4373
89.4222
89.3883
89.5497
89.5631
89.5822
89.6811
89.7471
89.7607
89.7469
89.7663
89.7192
89.7033
89.7821
89.7994
89.6956
89.7284
89.4931
89.4064
89.6552
89.6602
89.6582
89.6943
89.6404
89.6556
89.6225
89.6735
89.7198
89.6497
89.6157
89.6605
89.6849
89.6809
89.7947
89.7613
89.9945
89.881
89.8424
89.7737
89.8549
89.823
89.7213
89.757
89.8024
89.7258
89.7462
89.729
89.8059
89.6706
89.7187
89.7198
89.7766
89.7261
89.7425
89.7112
89.7012
89.6507
89.7532
89.7077
89.7117
89.7177
89.8009
89.8025
89.7623
89.7238
89.682
89.7222
89.7865
89.696
89.7623
89.7646
89.7242
89.7571
89.7889
89.6996
89.6586
89.6685
89.67
89.6756
89.7905
89.7401
89.7278
89.7304
89.7596
89.7276
89.7111
89.7166
89.7726
89.7634
89.7461
89.7577
89.7284
89.754
89.7251
89.7722
89.7679
89.7739
89.7438
89.7142
89.7051
89.7699
89.7678
89.7334
89.7389
89.7101
89.6919
89.7004
89.7041
89.6668
89.6892
89.7142
89.67
89.7202
89.7887
89.7337
89.717
89.7302
89.7162
89.7219
89.7441
89.6583
89.7139
89.7177
89.7549
89.6473
89.6977
89.7987
89.8055
89.7496
89.7412
89.7043
89.7472
89.7334
89.7393
89.7282
89.7267
89.7421
89.7661
89.7226
89.6483
89.6929
89.728
89.7466
89.7491
89.7564
89.723
89.7352
89.765
89.7837
89.7182
89.748
89.7925
89.7503
89.7437
89.8006
89.7683
89.7475
89.6946
89.6993
89.6751
89.6929
89.7438
89.7122
89.7171
89.7412
89.7146
89.8461
89.7532
89.8422
89.8435
89.8151
89.7898
89.791
89.8335
89.7891
89.7891
89.767
89.8163
89.7826
89.7295
89.8797
89.8312
89.7601
89.8508
89.8562
89.8431
89.8044
89.8497
89.8657
89.7986
89.9138
89.9473
90.0082
90.019
90.0509
90.1031
90.1368
90.1987
90.1942
90.1631
90.1969
90.222
90.2317
90.3066
90.3546
90.3565
90.3505
90.4354
90.5933
90.7017
90.8801
91.0847
91.2292
91.3784
91.5585
91.604
91.6529
91.612
91.6513
91.6325
91.6783
91.69
91.6471
91.6568
91.6649
91.7408
91.8062
91.95
92.0217
92.0103
92.0092
92.1196
92.1629
92.1748
92.1562
92.0956
92.1951
92.3911
92.4629
92.5658
92.6169
92.6443
92.7471
92.8287
92.8033
92.8428
92.8366
92.7487
92.8446
92.8867
92.8794
92.917
93.0283
93.0985
93.2155
93.3939
93.3396
93.2892
93.3636
93.3715
93.4163
93.4091
93.4045
93.4013
93.3863
93.3984
93.4079
93.4456
93.5086
93.4963
93.4825
93.4341
93.4594
93.478
93.4701
93.4491
93.4245
93.4215
93.4708
93.513
93.4704
93.4247
93.4824
93.5344
93.4944
93.4488
93.4889
93.496
93.5054
93.4429
93.4754
93.5323
93.6492
93.7085
93.6947
93.6291
93.6751
93.6833
93.6844
93.6849
93.6488
93.6834
93.6463
93.6865
93.6777
93.6392
93.6029
93.6962
93.6678
93.6581
93.66
93.7761
93.7632
93.6641
93.6703
93.6971
93.7422
93.6812
93.6505
93.6146
93.6946
93.7515
93.7544
93.6923
93.6643
93.6541
93.6617
93.6632
93.6314
93.59
93.6432
93.6897
93.6127
93.582
93.6254
93.6924
93.6721
93.6442
93.6602
93.6349
93.7017
93.74
93.6728
93.5862
93.6204
93.7064
93.6737
93.6039
93.6285
93.5938
93.5829
93.6628
93.6494
93.5781
93.6352
93.7058
93.6496
93.6011
93.5434
93.5829
93.591
93.648
93.6564
93.6431
93.6025
93.5987
93.6627
93.7319
93.6566
93.6799
93.6964
93.721
93.726
93.7243
93.7005
93.681
93.6709
93.6086
93.6617
93.653
93.6902
93.6536
93.6237
93.6609
93.7105
93.6555
93.7462
93.6505
93.7052
93.7127
93.673
93.6294
93.6202
93.6893
93.7038
93.698
93.7501
93.6996
93.6506
93.6553
93.7113
93.7111
93.67
93.704
93.6466
93.6173
93.6917
93.6334
93.6488
93.6755
93.5377
93.5959
93.594
93.6161
93.6516
93.6883
93.6649
93.6328
93.703
93.7115
93.7189
93.6894
93.6395
93.6929
93.7141
93.7312
93.7077
93.6172
93.6687
93.6653
93.6661
93.6744
93.7137
93.6666
93.732
93.7795
93.6898
93.6808
93.6448
93.5623
93.6308
93.68
93.6592
93.6923
93.6908
93.6395
93.6689
93.7336
93.7491
93.6905
93.7952
93.6893
93.7006
93.6549
93.6937
93.7057
93.7229
93.7626
93.7437
93.7371
93.7218
93.6308
93.6621
93.6281
93.6453
93.6138
93.7295
93.7102
93.6906
93.6332
93.6877
93.6827
93.655
93.6675
93.6867
93.6659
93.6774
93.7822
93.7563
93.7957
93.8569
93.7029
93.7636
93.9823
93.9543
93.9157
93.9732
94.1345
94.0929
94.0241
93.968
94.0391
94.2148
94.3727
94.3793
94.4898
94.5926
94.6107
94.702
94.7992
94.9911
94.9431
95.1786
95.2677
95.2866
95.3589
95.4029
95.5274
95.5951
95.582
95.5906
95.7765
95.7685
95.7267
95.9263
96.0174
96.1569
96.283
96.2192
96.2439
96.2344
96.3234
96.4181
96.5064
96.4608
96.5805
96.5859
96.627
96.6876
96.7112
96.6071
96.7072
96.697
96.7793
96.6908
96.6035
96.6863
96.7012
96.7504
96.7514
96.7333
96.7552
96.76
96.9799
96.9685
96.9876
97.0659
97.0919
97.0654
97.0501
97.1016
97.1004
97.1626
97.1238
97.0638
97.0538
97.091
97.0607
97.0738
97.0351
97.1147
97.1159
97.1285
97.05
97.0527
97.0955
97.1026
97.1434
97.0775
97.0394
97.1227
97.1018
97.0368
96.9985
97.0193
97.0284
96.9401
97.0432
97.0426
97.0799
97.0993
97.1031
97.0618
97.0526
97.088
97.1746
97.0443
97.0278
97.0399
97.0655
97.0359
97.0071
97.0379
97.0613
97.0281
97.0195
97.0054
97.0741
97.0657
97.0688
97.091
97.0082
97.0562
97.1348
97.0909
97.0705
97.0375
97.0872
97.0943
97.0318
97.0643
97.0415
97.0541
97.0481
97.0445
97.079
97.0519
97.0216
97.0195
97.1076
97.061
97.0193
97.0408
97.0886
97.1008
97.0665
97.0421
97.0453
97.0963
97.0208
97.0506
96.9953
97.0317
97.0615
97.0414
97.0806
97.0352
97.0175
97.0427
97.0427
97.0939
97.0791
97.1131
97.08
97.0854
97.0509
97.0395
97.0696
97.0466
97.0242
97.0344
97.1083
97.0194
96.9786
97.0449
97.0783
97.1009
97.0855
97.0383
97.0095
97.0732
97.0029
97.0171
97.0478
97.041
97.0009
97.0107
97.0245
97.042
97.0508
97.0184
97.0978
97.0534
97.0023
96.994
97.1073
97.0359
97.0155
97.0578
96.961
97.0454
96.9716
97.0019
97.0663
97.0954
97.0418
97.0343
97.1063
97.0977
97.0408
97.0638
96.9492
97.0256
97.0891
97.0186
97.0186
97.089
97.0999
97.0812
97.084
97.0602
97.1401
97.0655
97.0288
97.0956
97.1071
97.098
97.1029
97.0883
97.076
97.059
97.0316
97.0508
97.0755
97.0694
97.0265
97.0421
97.0591
97.0743
97.0495
97.0563
97.0782
97.1203
97.1514
97.1288
97.0464
97.0142
96.9738
97.0634
97.0584
97.0021
96.9782
97.0726
96.9908
97.022
97.0081
97.0285
97.0365
97.0252
96.9561
97.0009
96.9919
96.9975
97.0892
97.12
97.103
96.9844
97.0104
97.053
96.9051
96.9915
97.1612
97.1781
97.1754
97.354
97.4912
97.6513
97.7807
97.9518
98.1383
98.091
98.0172
98.1548
98.1355
98.2913
98.4321
98.5246
98.5859
98.642
98.6743
98.7459
98.8069
98.902
98.9415
98.8936
98.8799
99.156
99.1859
99.2752
99.2934
99.5256
99.5193
99.5571
99.6933
99.7114
99.6967
99.7722
99.8274
99.8247
99.8142
99.8113
99.7847
99.9056
100.048
100.04
100.157
100.034
99.9865
100.073
100.122
100.138
100.205
100.155
100.106
100.046
100.047
100.207
100.273
100.402
100.23
100.299
100.484
100.317
100.383
100.478
100.461
100.461
100.36
100.399
100.407
100.426
100.428
100.418
100.34
100.367
100.346
100.319
100.338
100.428
100.384
100.335
100.328
100.343
100.38
100.341
100.345
100.305
100.274
100.26
100.353
100.286
100.318
100.278
100.366
100.363
100.367
100.38
100.323
100.308
100.272
100.335
100.358
100.358
100.359
100.306
100.297
100.32
100.297
100.278
100.259
100.267
100.289
100.321
100.311
100.279
100.34
100.311
100.317
100.255
100.281
100.339
100.414
100.32
100.253
100.253
100.296
100.255
100.306
100.353
100.366
100.359
100.341
100.262
100.215
100.288
100.266
100.295
100.279
100.235
100.224
100.341
100.352
100.291
100.295
100.31
100.35
100.281
100.32
100.351
100.251
100.332
100.306
100.316
100.344
100.388
100.39
100.298
100.309
100.347
100.357
100.306
100.325
100.301
100.296
100.392
100.315
100.217
100.26
100.3
100.366
100.395
100.284
100.332
100.31
100.329
100.276
100.289
100.221
100.19
100.218
100.164
100.296
100.33
100.31
100.263
100.288
100.289
100.396
100.414
100.312
100.316
100.314
100.28
100.312
100.293
100.258
100.299
100.227
100.34
100.319
100.333
100.367
100.312
100.292
100.395
100.369
100.34
100.358
100.326
100.222
100.295
100.323
100.319
100.404
100.34
100.332
100.467
100.381
100.347
100.324
100.321
100.291
100.314
100.364
100.297
100.238
100.301
100.315
100.284
100.315
100.404
100.418
100.346
100.249
100.291
100.331
100.344
100.324
100.346
100.311
100.371
100.292
100.353
100.372
100.374
100.347
100.304
100.283
100.3
100.307
100.271
100.263
100.252
100.346
100.337
100.352
100.297
100.296
100.282
100.295
100.315
100.349
100.372
100.336
100.286
100.358
100.324
100.235
100.35
100.369
100.366
100.36
100.45
100.416
100.523
100.486
100.608
100.71
100.798
100.819
100.983
100.996
101.076
101.128
101.394
101.349
101.381
101.305
101.39
101.447
101.508
101.614
101.702
101.838
102.365
102.168
102.306
102.297
102.488
102.565
102.736
102.813
102.802
102.914
103.006
103.108
103.144
103.306
103.278
103.311
103.421
103.527
103.555
103.61
103.668
103.631
103.653
103.693
103.742
103.93
103.897
103.882
103.901
104.001
103.99
104.047
103.997
103.988
104.007
104.074
104.089
104.088
104.26
104.127
104.105
104.08
104.045
104.104
104.005
104.186
103.99
104.257
104.202
104.209
104.206
104.238
104.3
104.282
104.272
104.309
104.295
104.294
104.203
104.378
104.316
104.238
104.266
104.302
104.365
104.348
104.29
104.328
104.356
104.395
104.413
104.502
104.554
104.531
104.494
104.522
104.555
104.616
104.514
104.474
104.52
104.606
104.627
104.6
104.691
104.538
104.566
104.643
104.685
104.764
104.744
104.604
104.7
104.76
104.576
104.597
104.613
104.608
104.713
104.507
104.612
104.648
104.596
104.595
104.606
104.6
104.532
104.595
104.594
104.568
104.606
104.634
104.477
104.491
104.495
104.462
104.622
104.651
104.578
104.53
104.49
104.471
104.572
104.561
104.557
104.532
104.575
104.577
104.558
104.635
104.508
104.449
104.541
104.546
104.548
104.598
104.563
104.691
104.646
104.707
104.627
104.6
104.488
104.411
104.491
104.577
104.553
104.537
104.55
104.532
104.635
104.73
104.633
104.555
104.478
104.477
104.66
104.586
104.628
104.631
104.543
104.663
104.629
104.631
104.612
104.555
104.548
104.578
104.637
104.664
104.536
104.519
104.608
104.569
104.627
104.622
104.648
104.631
104.552
104.488
104.533
104.519
104.627
104.707
104.548
104.624
104.658
104.664
104.588
104.587
104.485
104.524
104.541
104.597
104.539
104.666
104.552
104.578
104.622
104.642
104.551
104.513
104.494
104.556
104.593
104.628
104.631
104.621
104.509
104.484
104.537
104.564
104.558
104.514
104.556
104.583
104.561
104.534
104.507
104.685
104.629
104.593
104.615
104.67
104.579
104.582
104.602
104.666
104.577
104.558
104.637
104.633
104.638
104.591
104.597
104.633
104.691
104.697
104.647
104.604
104.605
104.531
104.656
104.609
104.628
104.589
104.571
104.592
104.617
104.611
104.693
104.689
104.614
104.584
104.551
104.57
104.739
104.574
104.639
104.509
104.619
104.593
104.565
104.618
104.578
104.638
104.581
104.637
104.618
104.616
104.608
104.64
104.606
104.52
104.598
104.573
104.612
104.676
104.666
104.693
104.576
104.578
104.614
104.592
104.648
104.65
104.601
104.647
104.729
104.513
104.509
104.512
104.627
104.704
104.451
105.124
104.795
104.889
105.002
105.127
105.38
105.381
105.377
105.428
105.545
105.568
105.443
105.607
105.749
105.88
105.892
105.977
106.093
106.096
106.132
106.284
106.277
106.395
106.427
106.586
106.604
106.664
106.763
106.823
106.852
106.891
107.026
107.202
107.196
107.242
107.335
107.412
107.367
107.563
107.64
107.747
107.834
107.92
108.086
108.157
108.185
108.515
108.549
108.62
108.73
108.637
108.811
108.822
108.852
108.855
108.754
108.669
108.49
108.812
108.913
108.837
108.866
108.851
108.897
108.701
109.043
109.063
109.108
109.21
109.239
109.088
109.309
109.243
109.205
109.171
109.192
109.115
109.154
109.147
109.331
109.239
109.327
109.309
109.278
109.142
109.269
109.329
109.28
109.187
109.187
109.246
109.256
109.204
109.209
109.241
109.152
109.28
109.311
109.228
109.182
109.013
109.198
109.226
109.124
109.131
109.21
109.298
109.364
109.301
109.143
109.056
109.159
109.202
109.186
109.202
109.141
109.201
109.337
109.295
109.275
109.281
109.342
109.312
109.282
109.352
109.285
109.242
109.298
109.387
109.258
109.271
109.252
109.186
109.122
109.165
109.163
109.199
109.232
109.261
109.276
109.191
109.198
109.277
109.251
109.287
109.23
109.23
109.241
109.28
109.209
109.204
109.21
109.21
109.209
109.215
109.352
109.35
109.267
109.282
109.337
109.399
109.35
109.215
109.324
109.317
109.271
109.303
109.313
109.218
109.151
109.224
109.336
109.257
109.201
109.206
109.26
109.333
109.317
109.238
109.256
109.159
109.211
109.246
109.224
109.138
109.194
109.192
109.28
109.262
109.288
109.251
109.287
109.3
109.315
109.296
109.249
109.227
109.241
109.177
109.236
109.34
109.328
109.23
109.164
109.294
109.274
109.227
109.246
109.301
109.181
109.186
109.219
109.236
109.196
109.267
109.193
109.282
109.237
109.279
109.29
109.238
109.219
109.213
109.176
109.218
109.255
109.248
109.165
109.1
109.122
109.223
109.281
109.292
109.247
109.251
109.248
109.219
109.231
109.258
109.169
109.189
109.298
109.243
109.22
109.24
109.166
109.248
109.186
109.162
109.176
109.177
109.11
109.186
109.26
109.288
109.376
109.286
109.163
109.221
109.313
109.271
109.234
109.245
109.221
109.411
109.365
109.223
109.283
109.253
109.356
109.318
109.303
109.29
109.269
109.246
109.192
109.206
109.281
109.209
109.284
109.221
109.191
109.216
109.231
109.309
109.302
109.281
109.307
109.193
109.186
109.207
109.265
109.264
109.232
109.169
109.138
109.244
109.261
109.332
109.328
109.346
109.318
109.284
109.263
109.189
109.312
109.265
109.215
109.211
109.269
109.211
109.237
109.171
109.299
109.303
109.219
109.2
109.158
109.174
109.199
109.131
109.18
109.194
109.192
109.213
109.121
109.164
109.306
109.344
109.34
109.272
109.292
109.32
109.422
109.389
109.433
109.476
109.544
109.621
109.552
109.789
109.691
109.716
109.84
109.863
110.049
110.249
110.399
110.567
110.499
110.567
110.587
110.738
110.775
110.771
110.726
110.768
110.855
111.082
111.309
111.419
111.455
111.474
111.649
111.569
111.506
111.606
111.711
111.724
111.798
111.794
111.907
111.987
111.968
112.126
112.113
112.249
112.34
112.567
112.801
112.808
112.946
112.933
113.069
113.152
113.214
113.288
113.274
113.314
113.387
113.53
113.413
113.525
113.553
113.644
113.555
113.938
113.852
113.985
113.86
113.893
113.907
114.003
114.051
114.001
113.89
113.891
113.938
113.882
113.989
113.949
113.873
113.933
113.957
113.926
113.886
113.882
113.804
113.926
113.898
113.888
113.91
114.008
113.983
113.944
113.985
114.048
114.055
114.085
114.051
113.986
113.922
113.93
113.9
113.915
114.01
113.994
113.941
113.913
113.851
113.885
113.902
113.902
113.905
113.837
113.853
113.994
113.894
113.96
113.99
114.009
113.949
113.994
113.975
113.906
114.021
113.935
113.908
113.999
113.94
113.934
113.863
113.818
113.767
113.862
113.909
113.892
113.881
113.866
113.959
113.899
113.901
113.922
113.886
113.874
113.988
113.993
113.922
113.968
113.989
114.007
113.896
113.948
113.897
113.832
113.874
113.893
113.862
113.955
113.89
113.883
113.837
113.909
113.93
113.921
113.857
113.823
113.902
113.917
113.946
113.903
113.874
113.835
113.875
113.903
113.941
113.923
113.913
113.858
113.895
113.893
113.905
113.92
113.891
113.872
113.853
113.894
113.912
113.892
113.876
113.93
113.918
113.874
113.9
113.884
113.881
113.924
113.912
113.935
113.913
113.988
114.025
114.225
114.028
114.015
114.058
113.992
113.939
114.047
113.959
113.952
113.933
113.998
114.054
114.016
113.987
114.031
114.031
114.002
113.981
113.939
113.953
113.991
113.843
113.893
113.893
113.894
113.885
113.857
113.901
113.852
113.92
113.807
113.913
113.874
113.899
113.972
113.97
113.929
113.901
113.982
113.954
113.954
113.935
113.943
113.947
114.007
114.023
114.02
113.955
113.906
113.944
113.961
113.868
113.954
113.887
114.003
113.893
113.884
113.947
113.965
113.812
113.866
113.88
113.894
113.877
113.904
113.885
113.957
113.973
113.978
113.996
113.939
113.946
113.983
114.011
113.934
113.988
113.922
113.922
113.923
113.994
113.937
113.848
113.898
113.882
113.879
113.902
113.931
113.861
113.911
113.898
113.892
113.855
113.852
113.871
113.915
113.884
113.854
113.903
113.867
113.874
113.84
113.875
113.995
113.975
113.93
114.092
113.892
113.935
113.956
113.965
113.964
114.036
114.034
113.996
113.865
113.852
113.905
113.962
113.93
113.934
113.82
113.908
113.855
113.855
113.887
113.952
114.073
113.941
113.965
113.891
113.892
113.87
113.878
113.91
113.915
113.897
114.02
113.963
113.981
114.152
114.249
114.16
114.42
114.298
114.427
114.621
114.646
114.731
114.889
114.935
114.992
115.095
115.15
115.207
115.321
115.314
115.484
115.591
115.735
115.842
115.816
115.847
115.949
115.951
116.078
116.101
116.26
116.375
116.512
116.71
116.921
117.007
117.209
117.295
117.401
117.376
117.353
117.436
117.57
117.576
117.652
117.678
117.891
117.941
118.058
118.146
118.264
118.247
118.282
118.367
118.397
118.337
118.239
118.277
118.285
118.573
118.465
118.456
118.589
118.493
118.465
118.619
118.55
118.63
118.611
118.575
118.596
118.658
118.693
118.723
118.695
118.716
118.742
118.789
118.701
118.735
118.717
118.709
118.754
118.786
118.791
118.8
118.863
118.745
118.73
118.742
118.803
118.93
118.968
118.942
118.966
118.971
118.977
118.919
118.877
118.839
118.725
118.826
118.867
118.773
118.786
118.772
118.859
118.869
118.745
118.698
118.615
118.698
118.817
118.765
118.785
118.767
118.872
118.843
118.793
118.736
118.722
118.742
118.786
118.713
118.745
118.847
118.943
118.887
118.807
118.803
118.789
118.844
118.833
118.811
118.861
118.857
118.816
118.728
118.848
118.805
118.844
118.835
118.854
118.83
119.001
118.895
118.879
118.795
118.846
118.814
118.852
118.825
118.842
118.934
118.921
118.856
118.873
118.874
118.792
118.78
118.902
118.794
118.865
118.784
118.797
118.859
118.775
118.876
118.793
118.889
118.902
118.804
118.791
118.796
118.871
118.801
118.815
118.864
118.912
118.865
118.897
118.921
119.006
119.015
118.923
118.957
118.998
118.978
118.916
118.906
118.907
118.868
118.76
118.798
118.84
118.767
118.794
118.881
118.859
118.85
118.912
118.871
118.964
118.934
118.87
118.928
119.03
119.008
118.962
118.946
118.984
118.964
118.976
118.884
118.936
118.921
118.838
118.855
118.908
118.938
118.802
118.909
118.948
118.938
118.971
118.961
118.975
119.037
119.079
118.904
118.986
118.865
118.921
118.936
118.959
119.03
118.987
118.939
118.916
118.937
118.946
118.94
118.911
118.949
118.932
119.03
119.01
118.926
119.008
118.955
118.928
118.883
118.853
118.84
118.866
118.844
118.843
118.951
118.859
118.86
118.834
118.818
118.819
118.809
118.773
118.84
118.879
119.057
118.959
119.025
119.038
118.953
118.967
118.938
118.87
118.84
118.721
118.76
118.809
118.812
118.802
118.873
118.91
118.949
118.915
118.877
118.959
118.865
118.914
118.95
118.929
118.888
118.907
118.861
118.911
118.799
118.871
118.868
118.889
118.88
118.823
118.832
118.815
118.738
118.779
118.79
118.79
118.864
118.872
118.904
118.879
118.91
119.021
118.96
118.898
118.958
118.967
118.933
118.962
118.907
118.877
118.837
118.834
118.851
118.824
118.86
118.838
118.815
118.813
118.797
118.927
118.951
118.869
118.849
118.836
118.821
118.878
118.906
118.894
118.832
118.842
118.799
118.835
118.917
118.93
118.936
118.93
118.948
118.928
118.986
118.993
118.954
118.966
118.995
118.967
118.999
118.897
118.846
118.902
118.956
118.96
118.951
118.913
118.932
118.929
118.918
118.902
118.922
118.947
119.015
118.941
118.942
118.866
118.945
118.99
119.075
118.95
119
118.861
118.929
118.83
118.864
118.931
118.983
119.023
119.005
118.964
118.913
118.87
118.865
