270.533 276.946 249.193 271.061 140.25 156.795 186.992 185.799 268.971 274.123 245.574 266.672 139.538 155.912 184.87 184.548 
271.524 277.918 250.138 272.022 140.162 156.594 186.952 185.816 269.96 275.165 246.504 267.606 139.416 155.817 184.898 184.634 
272.707 279.107 251.23 273.066 140.081 156.669 186.878 185.665 271.129 276.346 247.593 268.687 139.525 155.972 184.851 184.52 
273.425 279.744 252.035 273.931 139.999 156.449 186.789 185.632 271.933 277.099 248.442 269.484 139.352 155.758 184.812 184.517 
274.344 280.677 252.899 274.801 140.004 156.55 186.712 185.55 272.762 277.925 249.26 270.371 139.467 155.867 184.779 184.437 
274.845 281.259 253.53 275.351 139.902 156.48 186.682 185.461 273.339 278.449 249.838 270.967 139.508 155.815 184.759 184.526 
275.383 281.748 253.98 275.863 139.905 156.39 186.644 185.527 273.739 278.9 250.244 271.337 139.439 155.769 184.765 184.501 
275.687 281.994 254.282 276.196 139.848 156.44 186.626 185.391 274.07 279.24 250.584 271.684 139.372 155.818 184.796 184.459 
275.876 282.183 254.45 276.342 139.814 156.375 186.636 185.418 274.267 279.464 250.773 271.876 139.411 155.879 184.76 184.402 
275.878 282.198 254.519 276.407 139.821 156.318 186.593 185.405 274.299 279.476 250.887 271.98 139.392 155.874 184.747 184.38 
275.914 282.252 254.491 276.393 139.863 156.377 186.622 185.427 274.278 279.433 250.822 271.936 139.432 155.871 184.785 184.441 
275.798 282.126 254.467 276.355 139.851 156.304 186.593 185.436 274.212 279.416 250.819 271.918 139.353 155.852 184.753 184.374 
275.814 282.092 254.453 276.355 139.836 156.333 186.574 185.379 274.194 279.382 250.801 271.912 139.356 155.857 184.742 184.341 
275.778 282.116 254.374 276.214 139.867 156.398 186.632 185.439 274.145 279.272 250.685 271.83 139.358 155.797 184.772 184.402 
275.484 281.788 254.131 276.018 139.877 156.41 186.632 185.433 273.851 279.013 250.381 271.506 139.343 155.818 184.769 184.379 
275.075 281.425 253.713 275.556 139.925 156.393 186.652 185.506 273.442 278.527 250.01 271.158 139.436 155.797 184.711 184.428 
274.683 281.06 253.345 275.151 139.919 156.486 186.702 185.482 273.093 278.221 249.638 270.732 139.424 155.81 184.782 184.445 
274.135 280.414 252.726 274.634 139.966 156.5 186.766 185.552 272.487 277.619 249.103 270.199 139.462 155.851 184.751 184.391 
273.411 279.727 252.038 273.876 140.095 156.623 186.749 185.57 271.738 276.859 248.252 269.362 139.39 155.869 184.855 184.473 
272.217 278.55 250.976 272.825 140.069 156.674 186.846 185.611 270.443 275.586 247.115 268.216 139.441 155.913 184.799 184.422 
271.015 277.344 249.681 271.531 140.242 156.705 186.902 185.77 269.204 274.322 245.832 266.941 139.477 155.901 184.822 184.484 
269.157 275.557 247.999 269.747 140.281 157.036 187.056 185.788 267.56 272.696 244.219 265.337 139.518 156.001 184.886 184.527 
267.737 274.097 246.434 268.245 140.38 156.951 187.196 185.952 265.899 271.116 242.615 263.705 139.498 156.09 184.855 184.485 
265.991 272.389 244.778 266.536 140.473 157.097 187.266 186.021 264.302 269.401 241.011 262.104 139.457 155.889 184.897 184.571 
263.871 270.215 242.777 264.535 140.624 157.178 187.416 186.193 262.002 267.109 239.042 260.069 139.542 156.002 184.901 184.571 
261.887 268.272 240.838 262.606 140.757 157.37 187.525 186.302 260.261 265.37 237.113 258.18 139.611 156.047 184.946 184.603 
260.213 266.614 239.022 260.738 140.938 157.492 187.651 186.477 258.417 263.637 235.218 256.224 139.637 156.013 185.002 184.686 
258.022 264.375 237.021 258.764 141.095 157.575 187.758 186.63 256.324 261.484 233.209 254.271 139.667 156.08 184.991 184.708 
255.967 262.327 234.875 256.568 141.124 157.753 187.992 186.777 254.242 259.357 231.194 252.255 139.661 156.054 185.041 184.768 
253.825 260.251 232.797 254.459 141.258 157.905 188.108 186.871 252.141 257.33 229.224 250.208 139.709 156.232 185.109 184.751 
251.856 258.267 230.819 252.555 141.488 158.102 188.236 186.986 250.101 255.3 227.211 248.188 139.743 156.174 185.134 184.79 
249.571 256.04 228.684 250.366 141.61 158.154 188.313 187.128 247.866 253.044 225.136 246.085 139.687 156.231 185.129 184.754 
247.459 253.929 226.587 248.249 141.805 158.389 188.508 187.319 245.745 251.053 223.136 244.02 139.774 156.37 185.147 184.778 
245.314 251.791 224.413 246.158 141.91 158.521 188.676 187.432 243.29 248.65 221.188 241.896 139.753 156.473 185.159 184.706 
242.929 249.353 222.093 243.793 142.128 158.742 188.786 187.629 241.284 246.725 219.28 239.85 139.905 156.698 185.178 184.721 
240.769 247.263 219.844 241.544 142.336 158.927 188.936 187.734 238.822 244.308 217.623 237.932 139.974 156.799 185.074 184.645 
238.156 244.654 217.528 239.049 142.534 159.089 189.155 187.984 236.351 241.801 215.993 236.152 140.032 156.825 185.034 184.721 
235.905 242.433 215.25 236.7 142.65 159.266 189.313 188.098 234.468 239.789 214.115 234.54 140.186 156.948 184.989 184.768 
233.787 240.357 213.136 234.689 142.706 159.463 189.488 188.231 232.014 237.323 212.339 232.773 140.162 157.049 184.99 184.843 
231.522 238.039 210.871 232.467 142.945 159.495 189.571 188.466 230.208 235.45 210.467 231.096 140.315 157.148 185.021 185.011 
229.11 235.655 208.523 230.105 143.03 159.7 189.708 188.529 227.798 233.023 208.632 229.349 140.248 156.974 185.037 185.221 
227.308 233.792 206.377 228.122 143.27 159.95 189.933 188.72 225.712 230.866 206.867 227.775 140.512 157.114 185.121 185.531 
225.154 231.7 204.182 225.883 143.353 160.016 190.095 188.859 223.967 228.982 205.125 226.299 140.621 157.036 185.203 185.818 
223.191 229.679 202.164 223.97 143.574 160.094 190.246 189.089 221.923 226.687 203.414 224.79 140.565 156.771 185.319 186.153 
221.297 227.831 200.282 222.11 143.684 160.327 190.455 189.204 220.133 224.822 201.653 223.268 140.714 156.782 185.44 186.445 
219.504 226.068 198.467 220.284 143.757 160.436 190.596 189.369 218.325 222.955 199.994 221.754 140.745 156.759 185.614 186.687 
217.72 224.175 196.689 218.546 143.847 160.447 190.653 189.433 216.328 220.75 198.336 220.311 140.766 156.594 185.657 186.873 
215.926 222.44 194.907 216.724 143.964 160.562 190.839 189.653 214.845 219.296 196.772 218.854 140.889 156.615 185.712 187.025 
214.547 220.994 193.344 215.278 144.062 160.753 190.939 189.7 213.31 217.753 195.289 217.412 140.943 156.577 185.695 187.084 
213.144 219.655 191.986 213.932 144.234 160.856 191.04 189.85 211.65 216.171 193.744 215.91 140.997 156.775 185.788 187.098 
211.53 218.03 190.438 212.337 144.349 161.088 191.179 189.866 210.353 214.887 192.17 214.397 141.059 156.709 185.94 187.331 
209.987 216.535 188.901 210.786 144.489 161.134 191.31 190.069 208.793 213.187 190.719 213.044 141.052 156.598 186.029 187.452 
208.851 215.361 187.653 209.589 144.536 161.238 191.373 190.124 207.414 211.86 189.273 211.538 141.096 156.653 186.133 187.518 
207.594 214.084 186.38 208.323 144.686 161.313 191.455 190.262 206.361 210.814 187.74 210.042 141.149 156.709 186.247 187.621 
206.44 212.902 185.238 207.202 144.684 161.293 191.542 190.33 205.131 209.627 186.345 208.565 141.137 156.616 186.265 187.645 
205.752 212.298 184.535 206.486 144.77 161.442 191.597 190.334 204.378 208.871 184.903 207.14 141.094 156.61 186.413 187.663 
205.082 211.548 183.791 205.767 144.792 161.417 191.617 190.427 203.548 208.12 183.642 205.768 141.074 156.648 186.399 187.448 
204.199 210.732 182.951 204.885 144.814 161.477 191.758 190.551 202.656 207.21 182.338 204.445 141.018 156.519 186.357 187.393 
203.727 210.24 182.446 204.43 144.908 161.64 191.786 190.538 202.172 206.868 180.996 203.014 140.981 156.702 186.346 187.079 
203.269 209.84 182.044 204.004 144.891 161.584 191.8 190.58 201.583 206.451 179.23 201.082 140.862 156.841 186.285 186.551 
202.998 209.49 181.717 203.755 144.898 161.564 191.84 190.599 201.213 206.367 177.894 199.273 140.593 157.012 186.056 185.798 
202.842 209.361 181.597 203.57 144.971 161.662 191.834 190.572 201.038 206.307 177.6 198.835 140.582 157.076 186.142 185.76 
202.8 209.299 181.465 203.436 144.953 161.666 191.803 190.519 200.945 206.227 177.476 198.715 140.548 157.121 186.134 185.719 
202.749 209.274 181.427 203.385 144.946 161.59 191.819 190.581 200.898 206.145 177.465 198.691 140.458 157.032 186.157 185.719 
202.73 209.252 181.389 203.389 144.99 161.584 191.815 190.609 200.879 206.148 177.416 198.632 140.514 157.04 186.133 185.749 
202.764 209.257 181.419 203.447 144.925 161.603 191.844 190.603 200.903 206.128 177.452 198.705 140.581 157.021 186.081 185.697 
202.755 209.223 181.406 203.434 144.978 161.622 191.902 190.717 200.844 206.133 177.365 198.549 140.543 157.074 186.177 185.805 
201.773 208.364 180.602 202.543 145.03 161.745 191.961 190.681 199.827 205.107 176.564 197.791 140.546 157.146 186.092 185.61 
202.511 208.974 181.148 203.246 144.994 161.532 191.883 190.753 200.786 206.074 177.291 198.573 140.563 156.984 186.164 185.84 
203.348 209.939 182.076 204.069 144.917 161.565 191.782 190.598 201.599 206.904 178.182 199.436 140.502 157.112 186.139 185.697 
204.347 210.883 182.983 204.994 144.877 161.467 191.734 190.529 202.625 207.911 179.18 200.394 140.603 157.008 186.112 185.746 
205.433 211.979 184.108 206.087 144.735 161.318 191.584 190.415 203.703 209.006 180.196 201.451 140.521 157.082 186.099 185.668 
206.649 213.265 185.246 207.183 144.766 161.427 191.566 190.364 204.859 210.06 181.339 202.598 140.622 156.88 186.061 185.814 
207.861 214.431 186.509 208.491 144.605 161.316 191.479 190.198 206.137 211.5 182.653 203.935 140.522 157.095 186.028 185.609 
209.192 215.75 187.84 209.851 144.53 161.157 191.371 190.169 207.417 212.658 183.864 205.235 140.463 156.867 186.054 185.746 
210.66 217.199 189.219 211.227 144.502 161.042 191.32 190.176 208.898 214.085 185.409 206.702 140.493 156.796 185.951 185.659 
212.2 218.736 190.697 212.733 144.344 160.906 191.236 190.045 210.524 215.841 187.031 208.308 140.536 156.947 185.942 185.604 
213.759 220.369 192.38 214.399 144.228 160.846 191.113 189.899 212.06 217.338 188.51 209.823 140.389 156.78 185.897 185.573 
215.45 222.038 194.002 215.991 144.155 160.751 190.959 189.774 213.738 218.968 190.109 211.436 140.277 156.711 185.928 185.566 
217.089 223.675 195.643 217.596 144.005 160.712 190.849 189.654 215.535 220.725 191.885 213.249 140.294 156.686 185.889 185.562 
219.178 225.667 197.516 219.57 143.855 160.388 190.671 189.541 217.341 222.516 193.729 215.07 140.279 156.593 185.832 185.556 
220.74 227.255 199.218 221.165 143.745 160.262 190.53 189.378 219.111 224.34 195.574 216.835 140.351 156.77 185.739 185.447 
222.722 229.21 201.097 223.147 143.619 160.078 190.454 189.291 221.032 226.325 197.559 218.742 140.277 156.678 185.771 185.484 
224.71 231.267 203.095 225.098 143.515 159.903 190.338 189.249 223.109 228.349 199.502 220.769 140.28 156.57 185.724 185.461 
226.756 233.292 205.069 227.076 143.244 159.752 190.154 188.97 225.208 230.398 201.542 222.847 140.217 156.65 185.719 185.413 
228.934 235.421 207.147 229.228 143.207 159.738 190.058 188.81 227.059 232.282 203.463 224.699 140.262 156.563 185.658 185.422 
230.772 237.192 209.127 231.21 142.995 159.437 189.856 188.641 229.453 234.619 205.676 227.01 140.204 156.5 185.634 185.385 
233.25 239.634 211.364 233.583 142.948 159.433 189.688 188.53 231.517 236.631 207.771 229.091 140.11 156.311 185.586 185.357 
235.358 241.756 213.521 235.703 142.82 159.267 189.548 188.428 233.627 238.812 209.867 231.157 139.988 156.2 185.509 185.328 
237.523 243.946 215.83 237.964 142.525 159.073 189.371 188.17 235.836 240.979 212.099 233.416 139.885 156.157 185.422 185.212 
239.439 245.841 217.816 239.816 142.486 158.862 189.188 188.12 237.984 243.138 214.247 235.566 139.882 156.132 185.463 185.24 
241.798 248.37 220.102 242.063 142.28 158.732 189.119 187.964 240.144 245.294 216.433 237.769 139.799 156.183 185.43 185.102 
243.907 250.344 222.265 244.283 142.107 158.536 188.871 187.741 242.516 247.63 218.597 240.011 139.774 156.015 185.41 185.145 
246.292 252.749 224.484 246.531 141.956 158.338 188.759 187.626 244.741 249.744 220.695 242.254 139.952 156.083 185.363 185.19 
248.405 254.831 226.686 248.719 141.784 158.188 188.575 187.429 246.855 251.822 222.624 244.261 139.91 155.951 185.34 185.213 
250.855 257.175 229.044 251.211 141.665 158.019 188.44 187.328 249.245 254.173 224.591 246.453 139.953 156.016 185.325 185.145 
252.877 259.339 231.208 253.253 141.597 158.081 188.282 187.088 251.163 255.945 226.405 248.403 139.765 155.709 185.292 185.189 
255.021 261.425 233.298 255.325 141.439 157.879 188.121 186.998 253.276 258.01 228.071 250.287 139.843 155.652 185.27 185.213 
256.937 263.339 235.356 257.381 141.282 157.723 187.984 186.862 255.184 259.81 229.62 251.994 139.811 155.562 185.339 185.328 
258.365 264.709 236.873 258.859 141.13 157.489 187.873 186.764 256.568 261.29 231.264 253.552 139.718 155.481 185.283 185.18 
260.099 266.409 238.585 260.558 140.99 157.27 187.665 186.604 258.271 263.072 232.852 255.19 139.558 155.483 185.378 185.16 
261.592 267.999 240.221 262.123 140.863 157.37 187.59 186.435 259.759 264.556 234.424 256.65 139.584 155.482 185.312 185.158 
263.326 269.711 241.77 263.688 140.811 157.294 187.501 186.345 261.438 266.159 235.989 258.225 139.562 155.349 185.222 185.186 
264.855 271.186 243.346 265.323 140.67 157.199 187.423 186.266 263.172 267.877 237.567 259.901 139.653 155.295 185.214 185.287 
266.46 272.876 244.904 266.812 140.533 156.932 187.272 186.174 264.687 269.374 239.292 261.589 139.535 155.272 185.159 185.124 
267.778 274.169 246.328 268.208 140.36 156.966 187.235 185.972 266.02 270.746 240.841 263.018 139.427 155.295 185.127 185.024 
269.004 275.385 247.519 269.382 140.454 157.012 187.115 185.967 267.344 272.178 242.477 264.451 139.531 155.512 185.036 184.887 
270.283 276.623 248.764 270.649 140.267 156.763 187.087 185.878 268.589 273.603 244.394 265.989 139.481 155.501 184.925 184.778 
271.313 277.744 249.925 271.775 140.279 156.769 186.945 185.814 269.684 274.877 246.173 267.291 139.405 155.747 184.852 184.587 
272.362 278.656 250.868 272.783 140.142 156.64 186.908 185.722 270.878 276.024 247.383 268.534 139.537 155.829 184.788 184.495 
273.278 279.621 251.836 273.744 140.118 156.611 186.819 185.671 271.617 276.793 248.117 269.203 139.371 155.729 184.798 184.53 
273.996 280.329 252.562 274.474 140.001 156.511 186.743 185.557 272.373 277.564 248.878 269.976 139.424 155.83 184.817 184.523 
274.625 281.035 253.228 275.036 140.021 156.539 186.743 185.583 273.059 278.204 249.566 270.695 139.487 155.831 184.739 184.429 
275.109 281.426 253.678 275.565 139.942 156.423 186.681 185.53 273.517 278.696 250.044 271.121 139.324 155.76 184.772 184.452 
275.436 281.806 254.058 275.896 139.936 156.338 186.643 185.506 273.866 279.007 250.384 271.479 139.31 155.684 184.75 184.478 
275.781 282.057 254.329 276.246 139.875 156.431 186.609 185.392 274.125 279.258 250.605 271.732 139.422 155.78 184.736 184.437 
275.899 282.251 254.525 276.385 139.886 156.392 186.621 185.449 274.286 279.466 250.805 271.87 139.386 155.803 184.78 184.432 
275.92 282.19 254.542 276.443 139.894 156.362 186.612 185.477 274.263 279.442 250.843 271.929 139.419 155.782 184.753 184.426 
275.91 282.212 254.508 276.391 139.892 156.392 186.641 185.44 274.292 279.459 250.826 271.927 139.464 155.801 184.752 184.479 
275.827 282.194 254.478 276.335 139.886 156.39 186.609 185.415 274.243 279.392 250.793 271.903 139.356 155.815 184.733 184.365 
275.81 282.113 254.457 276.32 139.853 156.259 186.6 185.472 274.208 279.374 250.789 271.855 139.343 155.785 184.706 184.344 
275.772 282.083 254.364 276.219 139.818 156.282 186.621 185.457 274.147 279.327 250.716 271.84 139.37 155.791 184.766 184.417 
275.484 281.786 254.131 275.996 139.847 156.374 186.651 185.485 273.859 278.958 250.391 271.51 139.364 155.771 184.725 184.418 
275.083 281.373 253.665 275.551 139.952 156.468 186.699 185.501 273.429 278.566 249.945 271.024 139.404 155.836 184.785 184.437 
274.652 281.025 253.263 275.067 139.958 156.535 186.745 185.491 273.058 278.157 249.591 270.698 139.432 155.719 184.702 184.434 
274.16 280.47 252.754 274.608 140.068 156.539 186.739 185.568 272.488 277.662 249.083 270.164 139.48 155.873 184.724 184.396 
273.523 279.825 252.091 273.937 140.087 156.586 186.781 185.617 271.871 276.942 248.345 269.467 139.395 155.89 184.776 184.407 
272.321 278.674 251.043 272.848 140.131 156.755 186.866 185.632 270.681 275.781 247.284 268.378 139.419 155.885 184.753 184.383 
271.093 277.454 249.819 271.585 140.245 156.841 186.917 185.737 269.379 274.504 245.988 267.105 139.455 155.899 184.828 184.491 
269.611 275.972 248.376 270.148 140.325 156.79 187.022 185.893 267.809 272.945 244.449 265.542 139.387 155.957 184.832 184.444 
267.908 274.341 246.772 268.457 140.385 156.959 187.187 185.934 266.278 271.41 242.939 264.03 139.607 155.851 184.841 184.606 
266.268 272.649 245.084 266.878 140.609 157.172 187.272 186.112 264.497 269.579 241.127 262.205 139.513 155.8 184.869 184.613 
264.504 270.836 243.35 265.096 140.724 157.224 187.408 186.259 262.803 267.883 239.454 260.587 139.678 156.033 184.933 184.645 
262.659 268.993 241.44 263.212 140.952 157.421 187.502 186.326 260.928 266.072 237.575 258.642 139.555 156.16 184.979 184.539 
261.216 267.521 239.948 261.79 140.967 157.447 187.583 186.433 259.473 264.587 236.088 257.197 139.675 156.107 184.997 184.597 
258.852 265.15 237.848 259.544 141.033 157.521 187.717 186.57 257.121 262.298 234.108 255.119 139.715 156.122 184.969 184.681 
256.864 263.316 235.83 257.481 141.241 157.768 187.912 186.776 254.85 259.955 231.968 252.896 139.789 156.119 185.003 184.758 
254.683 261.031 233.673 255.337 141.432 157.821 188.006 186.972 253.01 258.207 229.954 250.904 139.864 156.25 185.065 184.767 
252.488 258.947 231.555 253.138 141.598 158.081 188.183 187.069 250.592 255.722 227.815 248.694 139.88 156.279 185.041 184.755 
250.218 256.528 229.272 250.878 141.776 158.194 188.316 187.199 248.47 253.692 225.67 246.509 139.895 156.248 185.08 184.834 
247.676 254.149 226.998 248.508 141.815 158.316 188.45 187.374 245.923 251.166 223.585 244.28 139.843 156.211 185.041 184.762 
245.985 252.346 224.927 246.692 141.917 158.452 188.639 187.424 244.231 249.472 221.488 242.347 139.86 156.369 185.13 184.785 
243.713 250.039 222.793 244.543 142.063 158.581 188.733 187.571 241.894 247.199 219.451 240.224 139.768 156.413 185.192 184.751 
241.122 247.617 220.439 241.997 142.297 158.783 188.886 187.811 239.493 244.849 217.456 238.068 139.871 156.611 185.177 184.748 
239.116 245.551 218.206 239.872 142.432 159.01 189.117 187.944 237.026 242.516 215.79 236.113 139.987 156.752 185.16 184.796 
236.742 243.115 215.891 237.57 142.582 159.217 189.323 188.144 235.14 240.605 214.128 234.381 140.202 156.941 185.124 184.803 
234.177 240.627 213.574 235.07 142.778 159.371 189.422 188.311 232.595 237.902 212.376 232.492 140.198 156.772 184.939 184.78 
231.98 238.514 211.319 232.796 142.951 159.575 189.563 188.388 230.605 235.858 210.568 230.87 140.422 156.894 184.847 184.928 
229.611 236.084 209.076 230.553 143.037 159.609 189.616 188.471 228.136 233.321 208.678 229.048 140.251 156.807 184.874 185.045 
227.7 234.202 206.928 228.558 143.2 159.822 189.792 188.595 226.292 231.447 206.698 227.303 140.381 156.967 184.926 185.237 
225.839 232.402 204.942 226.62 143.35 159.996 190.074 188.889 224.411 229.491 204.918 225.729 140.485 156.838 184.941 185.386 
223.814 230.402 203.006 224.669 143.511 160.083 190.25 189.06 222.198 227.16 203.211 224.178 140.482 156.814 184.995 185.597 
221.829 228.415 200.982 222.646 143.643 160.33 190.424 189.211 220.627 225.485 201.52 222.75 140.558 156.779 185.108 185.874 
219.906 226.44 198.987 220.783 143.867 160.418 190.547 189.4 218.595 223.343 199.87 221.232 140.691 156.671 185.219 186.19 
218.222 224.749 197.116 218.972 143.914 160.469 190.685 189.546 216.769 221.382 198.191 219.752 140.805 156.608 185.359 186.508 
216.258 222.682 195.22 217.118 144.033 160.643 190.788 189.621 215.089 219.686 196.71 218.428 140.923 156.637 185.471 186.732 
214.855 221.306 193.62 215.523 144.147 160.736 190.939 189.763 213.525 218.107 195.15 217.027 140.96 156.661 185.613 186.917 
213.31 219.759 192.111 214.031 144.218 160.812 191.03 189.859 211.884 216.364 193.547 215.599 140.995 156.715 185.724 187.024 
211.844 218.353 190.706 212.602 144.304 160.914 191.163 189.938 210.677 215.124 192.031 214.152 141.055 156.482 185.764 187.235 
210.32 216.842 189.131 210.989 144.448 161.136 191.295 190.076 208.763 213.066 190.582 212.716 141.027 156.452 185.847 187.341 
208.891 215.344 187.619 209.549 144.639 161.24 191.379 190.199 207.649 212.097 189.063 211.258 141.129 156.708 186.003 187.421 
207.601 214.114 186.373 208.28 144.598 161.233 191.474 190.242 206.305 210.761 187.611 209.812 141.052 156.599 186.124 187.484 
206.615 213.107 185.356 207.34 144.777 161.391 191.564 190.369 205.173 209.605 186.258 208.437 141.12 156.532 186.161 187.556 
205.661 212.21 184.442 206.391 144.815 161.449 191.638 190.418 204.294 208.813 184.815 206.982 141.092 156.578 186.294 187.576 
205.027 211.475 183.688 205.695 144.871 161.443 191.638 190.453 203.545 208.083 183.552 205.615 141.086 156.582 186.289 187.408 
204.259 210.718 182.948 204.944 144.873 161.429 191.75 190.573 202.766 207.371 182.319 204.311 141.027 156.548 186.261 187.256 
203.769 210.228 182.478 204.49 144.87 161.52 191.757 190.508 202.123 206.878 180.79 202.718 140.994 156.73 186.308 186.984 
203.342 209.859 182.086 204.037 144.928 161.563 191.729 190.558 201.636 206.516 179.056 200.843 140.819 156.839 186.22 186.405 
203.039 209.481 181.796 203.826 145.026 161.585 191.761 190.522 201.206 206.428 177.9 199.204 140.61 157.055 186.046 185.746 
202.874 209.381 181.596 203.595 144.989 161.631 191.828 190.625 201.073 206.293 177.604 198.847 140.575 157.064 186.138 185.79 
202.812 209.282 181.477 203.479 144.978 161.626 191.863 190.655 200.932 206.194 177.471 198.704 140.637 157.103 186.119 185.743 
202.739 209.199 181.422 203.442 144.933 161.533 191.816 190.642 200.925 206.174 177.435 198.663 140.567 157.119 186.167 185.77 
202.715 209.213 181.378 203.355 144.958 161.525 191.9 190.712 200.881 206.191 177.387 198.582 140.58 157.099 186.125 185.756 
202.764 209.208 181.361 203.399 145.011 161.565 191.85 190.691 200.861 206.168 177.409 198.602 140.592 157.068 186.127 185.806 
202.604 209.076 181.259 203.255 145.022 161.611 191.878 190.732 200.71 205.976 177.271 198.488 140.644 157.132 186.205 185.819 
201.779 208.309 180.568 202.562 145.006 161.771 191.961 190.712 199.82 205.105 176.59 197.817 140.589 157.094 186.133 185.713 
202.548 209.012 181.154 203.169 144.941 161.518 191.892 190.681 200.742 205.99 177.199 198.497 140.664 157.041 186.161 185.861 
203.288 209.821 182.003 204.029 144.904 161.487 191.821 190.635 201.517 206.852 178.123 199.411 140.615 157.019 186.121 185.838 
204.412 210.952 182.986 204.995 144.896 161.555 191.741 190.504 202.565 207.755 179.103 200.377 140.606 156.962 186.082 185.77 
205.2 211.747 183.91 205.887 144.79 161.396 191.671 190.46 203.435 208.665 179.956 201.251 140.491 156.888 186.056 185.727 
206.568 213.096 185.138 207.146 144.711 161.352 191.627 190.419 204.765 210.009 181.261 202.516 140.576 156.968 186.106 185.801 
207.757 214.265 186.389 208.352 144.553 161.183 191.483 190.279 205.96 211.301 182.58 203.833 140.494 156.998 186.026 185.609 
209.275 215.833 187.813 209.773 144.548 161.187 191.386 190.111 207.418 212.662 183.909 205.185 140.398 156.705 186.062 185.783 
210.699 217.209 189.263 211.292 144.496 161.066 191.323 190.149 208.948 214.189 185.421 206.707 140.537 156.936 185.976 185.636 
212.409 218.961 190.9 212.913 144.349 160.901 191.22 190.082 210.717 216.017 187.129 208.427 140.596 156.971 185.996 185.728 
213.805 220.347 192.386 214.419 144.287 160.912 191.105 189.901 212.245 217.575 188.738 209.979 140.405 156.91 185.942 185.529 
215.669 222.27 194.2 216.175 144.088 160.634 190.995 189.812 214.153 219.367 190.6 211.931 140.362 156.647 185.884 185.659 
217.605 224.226 196.139 218.105 143.928 160.51 190.782 189.59 215.947 221.202 192.352 213.665 140.363 156.74 185.894 185.569 
219.482 226.03 197.987 219.945 143.84 160.365 190.673 189.54 217.739 222.985 194.131 215.427 140.258 156.573 185.855 185.606 
221.389 227.985 199.842 221.775 143.776 160.306 190.542 189.381 219.852 225.029 196.163 217.464 140.225 156.457 185.8 185.561 
223.586 230.157 201.887 223.907 143.612 160.068 190.424 189.281 221.791 227.047 198.152 219.465 140.182 156.368 185.738 185.575 
225.751 232.431 204.134 226.084 143.402 159.921 190.31 189.108 224.087 229.166 200.329 221.743 140.121 156.294 185.691 185.474 
227.787 234.339 206.152 228.133 143.279 159.762 190.139 188.974 226.161 231.354 202.45 223.845 140.097 156.42 185.671 185.381 
229.957 236.514 208.338 230.378 143.121 159.539 189.952 188.796 228.634 233.652 204.63 226.152 140.125 156.226 185.647 185.495 
232.376 238.821 210.378 232.628 142.955 159.35 189.947 188.737 230.826 235.885 206.698 228.308 140.22 156.341 185.621 185.47 
234.532 240.891 212.45 234.756 142.739 159.169 189.794 188.56 232.952 238.053 208.786 230.416 140.185 156.347 185.584 185.379 
236.716 243.083 214.522 236.881 142.636 158.993 189.569 188.389 235.122 240.046 210.746 232.509 140.136 156.136 185.558 185.42 
238.941 245.259 216.605 239.005 142.549 158.903 189.482 188.265 237.55 242.358 212.634 234.647 140.102 156.038 185.565 185.451 
241.346 247.622 218.712 241.247 142.474 158.717 189.276 188.129 239.553 244.337 214.348 236.532 139.995 155.815 185.58 185.504 
243.568 249.824 220.815 243.464 142.119 158.369 189.213 187.999 241.839 246.575 215.999 238.464 139.985 155.714 185.618 185.559 
245.778 252.047 222.837 245.53 142.096 158.309 189.17 187.952 244.156 248.826 217.622 240.345 139.856 155.5 185.726 185.588 
248.106 254.289 224.855 247.763 141.888 158.153 189.106 187.799 246.117 250.842 219.309 242.077 139.853 155.449 185.791 185.57 
250.127 256.261 226.832 249.826 141.651 157.881 189.004 187.671 248.379 253.131 220.91 243.75 139.797 155.415 185.959 185.636 
252.453 258.61 228.739 251.834 141.528 157.813 188.928 187.59 250.528 255.444 222.418 245.131 139.698 155.39 186.196 185.69 
254.626 260.788 230.653 253.784 141.393 157.494 188.855 187.627 252.518 257.587 223.786 246.33 139.626 155.408 186.406 185.674 
256.758 262.828 232.617 255.846 141.223 157.353 188.789 187.447 254.506 259.689 225.08 247.409 139.378 155.315 186.674 185.631 
258.467 264.593 234.58 257.663 140.976 157.19 188.716 187.31 256.335 261.658 226.316 248.484 139.286 155.282 186.893 185.646 
260.529 266.695 236.547 259.632 140.946 157.23 188.597 187.194 258.271 263.63 227.604 249.672 139.281 155.172 187.003 185.642 
262.345 268.537 238.54 261.481 140.688 157.053 188.405 186.907 259.971 265.358 228.818 250.669 139.166 155.011 187.161 185.615 
264.077 270.277 240.535 263.384 140.6 156.957 188.223 186.763 261.523 266.915 230.082 251.701 139.168 154.897 187.303 185.647 
265.821 271.957 242.5 265.295 140.499 156.898 187.997 186.575 263.154 268.573 231.299 252.694 139.205 154.699 187.474 185.859 
267.248 273.435 244.55 267.082 140.503 156.743 187.604 186.394 264.668 270.079 232.46 253.744 139.085 154.45 187.685 186.105 
268.864 275.167 246.661 268.883 140.428 156.851 187.307 186.139 265.96 271.28 233.569 254.742 139.098 154.221 187.825 186.275 
270.221 276.524 248.685 270.61 140.32 156.718 187.062 185.9 267.311 272.612 234.641 255.733 139.184 154.077 187.93 186.481 
271.365 277.763 249.939 271.803 140.256 156.68 186.966 185.844 268.549 273.776 235.738 256.853 139.017 153.985 188.126 186.604 
272.439 278.777 250.901 272.84 140.134 156.668 186.926 185.722 269.597 274.83 236.885 257.95 138.936 153.848 188.254 186.769 
273.265 279.7 251.856 273.686 140.068 156.594 186.829 185.678 270.498 275.687 238.02 259.144 138.879 153.821 188.353 186.793 
274.004 280.289 252.553 274.479 140.036 156.514 186.758 185.586 271.318 276.517 239.055 260.164 138.867 153.836 188.32 186.719 
274.61 281.01 253.217 275.034 139.981 156.437 186.713 185.598 271.929 277.152 240.036 261.129 138.81 153.911 188.266 186.596 
275.127 281.551 253.738 275.523 139.882 156.46 186.698 185.52 272.537 277.751 241.018 262.167 138.793 153.994 188.202 186.526 
275.485 281.893 254.086 275.909 139.919 156.408 186.7 185.546 272.978 278.189 242.047 263.255 138.782 154.186 188.098 186.31 
275.81 282.123 254.337 276.225 139.819 156.34 186.617 185.432 273.315 278.651 243.138 264.331 138.894 154.697 187.95 185.948 
275.919 282.28 254.541 276.415 139.933 156.432 186.658 185.483 273.522 278.978 244.256 265.486 138.967 155.216 187.733 185.533 
275.909 282.224 254.511 276.381 139.878 156.36 186.672 185.513 273.665 279.181 245.306 266.614 139.005 155.705 187.376 185.14 
275.903 282.277 254.508 276.34 139.918 156.413 186.644 185.485 273.793 279.28 246.418 267.747 139.082 155.909 186.999 185.036 
275.855 282.169 254.464 276.337 139.9 156.383 186.642 185.493 273.869 279.255 247.636 269.095 139.158 155.945 186.49 184.966 
275.836 282.134 254.446 276.333 139.868 156.361 186.599 185.436 274.031 279.183 249.068 270.628 139.141 155.827 185.85 184.879 
275.731 282.055 254.318 276.157 139.858 156.348 186.635 185.437 274.076 279.265 250.546 271.617 139.279 155.759 184.749 184.374 
275.43 281.765 254.1 275.966 139.881 156.369 186.653 185.489 273.835 278.991 250.373 271.466 139.385 155.815 184.753 184.418 
275.091 281.449 253.725 275.557 139.932 156.422 186.671 185.532 273.449 278.573 250.01 271.118 139.429 155.84 184.802 184.448 
274.762 281.13 253.356 275.157 139.972 156.498 186.737 185.557 273.089 278.211 249.622 270.723 139.443 155.784 184.725 184.442 
274.159 280.551 252.843 274.655 139.952 156.528 186.81 185.593 272.513 277.629 249.054 270.185 139.576 155.951 184.745 184.413 
273.5 279.808 252.09 273.935 140.078 156.577 186.758 185.59 271.836 276.966 248.341 269.427 139.463 155.956 184.83 184.458 
272.32 278.704 250.946 272.699 140.149 156.683 186.96 185.779 270.538 275.621 247.152 268.253 139.483 155.798 184.787 184.486 
271.117 277.423 249.807 271.655 140.283 156.75 186.941 185.818 269.423 274.55 245.988 267.107 139.437 155.931 184.838 184.447 
269.526 275.91 248.289 270.052 140.285 156.886 187.093 185.84 267.869 273.03 244.571 265.637 139.473 155.998 184.889 184.513 
268.009 274.441 246.823 268.568 140.375 157.085 187.162 185.853 266.388 271.471 243.028 264.129 139.525 155.882 184.813 184.509 
266.644 273.006 245.368 267.19 140.58 157.05 187.292 186.12 264.96 270.063 241.597 262.703 139.542 155.956 184.901 184.58 
264.925 271.254 243.699 265.462 140.688 157.312 187.364 186.129 263.167 268.288 239.922 261.028 139.62 156.103 184.964 184.603 
262.883 269.316 241.787 263.491 140.877 157.377 187.488 186.37 260.922 266.15 237.925 258.939 139.67 156.168 184.936 184.619 
261.202 267.548 239.975 261.767 140.965 157.413 187.608 186.458 259.527 264.642 236.205 257.309 139.671 156.158 184.98 184.573 
258.835 265.367 237.899 259.512 141.021 157.658 187.753 186.539 257.167 262.402 234.17 255.14 139.667 156.264 185.056 184.652 
256.949 263.257 235.82 257.577 141.252 157.722 187.914 186.813 254.81 260.013 232.098 253.008 139.744 156.183 185.029 184.726 
254.595 261.015 233.63 255.209 141.423 157.99 188.09 186.936 252.862 258.047 230.049 250.965 139.782 156.274 185.074 184.783 
252.604 259.021 231.585 253.324 141.574 158.112 188.209 187.054 250.561 255.753 227.956 248.778 139.728 156.252 185.025 184.717 
250.249 256.682 229.43 251.035 141.632 158.228 188.302 187.155 248.587 253.833 225.901 246.717 139.92 156.323 185.128 184.84 
248.117 254.567 227.224 248.839 141.89 158.361 188.477 187.356 246.333 251.582 223.837 244.562 139.892 156.216 185.118 184.918 
246.143 252.569 225.059 246.752 141.968 158.489 188.652 187.51 244.333 249.583 221.85 242.591 139.89 156.408 185.13 184.79 
244.122 250.547 223.103 244.854 142.063 158.626 188.751 187.542 242.376 247.673 219.856 240.59 139.9 156.443 185.17 184.842 
241.946 248.318 220.984 242.693 142.198 158.694 188.919 187.782 239.83 245.168 217.913 238.515 139.881 156.457 185.154 184.792 
239.378 245.976 218.676 240.21 142.415 159.079 189.055 187.886 237.509 242.93 216.199 236.636 139.943 156.847 185.133 184.71 
237.095 243.555 216.329 237.917 142.534 159.232 189.249 188.033 235.596 241.027 214.395 234.764 140.116 156.966 185.101 184.753 
234.922 241.421 214.114 235.758 142.711 159.381 189.413 188.187 233.318 238.737 212.734 233.001 140.163 156.947 185.101 184.857 
232.826 239.276 211.886 233.624 142.896 159.503 189.587 188.392 231.357 236.729 211.006 231.357 140.313 157.076 185.043 184.937 
230.488 236.87 209.582 231.33 143.021 159.607 189.756 188.563 228.959 234.254 209.244 229.662 140.442 156.968 184.994 185.128 
228.247 234.723 207.421 229.052 143.289 159.849 189.901 188.73 226.836 231.885 207.427 228.092 140.404 156.903 184.99 185.342 
226.333 232.777 205.391 227.127 143.333 159.841 190.087 188.979 224.99 230.065 205.68 226.527 140.484 156.933 185.035 185.489 
224.434 230.886 203.392 225.206 143.533 160.059 190.21 189.059 222.875 227.732 204.088 225.147 140.524 156.771 185.055 185.754 
222.362 228.811 201.429 223.189 143.688 160.272 190.381 189.219 221.14 225.94 202.516 223.796 140.723 156.806 185.132 186.088 
220.744 227.237 199.638 221.493 143.76 160.362 190.527 189.34 219.139 223.842 200.967 222.432 140.732 156.701 185.279 186.405 
218.618 225.036 197.49 219.293 143.848 160.441 190.643 189.481 217.136 221.793 199.45 221.086 140.693 156.708 185.361 186.574 
216.771 223.26 195.668 217.522 144.022 160.615 190.742 189.553 215.601 220.155 197.86 219.752 140.959 156.789 185.406 186.824 
215.37 221.829 194.186 216.132 144.096 160.791 190.885 189.644 214.018 218.558 196.147 218.238 141.019 156.749 185.53 186.948 
213.577 220.053 192.476 214.367 144.166 160.785 191.002 189.78 212.264 216.664 194.484 216.687 140.903 156.573 185.644 187.057 
212.126 218.677 191.046 212.912 144.335 161.032 191.158 189.932 211.011 215.308 192.939 215.23 141.065 156.479 185.754 187.324 
210.911 217.362 189.692 211.646 144.441 161.1 191.197 189.99 209.392 213.769 191.529 213.818 141.124 156.701 185.821 187.325 
209.117 215.586 187.995 209.933 144.572 161.171 191.367 190.178 207.939 212.406 189.871 212.172 141.146 156.83 185.971 187.395 
208.125 214.658 186.793 208.709 144.631 161.33 191.478 190.208 206.85 211.206 188.372 210.741 141.157 156.551 186.05 187.551 
206.998 213.535 185.754 207.686 144.666 161.371 191.483 190.2 205.667 210.105 186.955 209.22 141.169 156.717 186.199 187.56 
206.02 212.519 184.743 206.722 144.797 161.374 191.591 190.401 204.705 209.172 185.635 207.839 141.141 156.556 186.267 187.655 
205.252 211.726 183.972 205.952 144.846 161.479 191.685 190.46 203.819 208.389 184.307 206.398 141.112 156.717 186.326 187.476 
204.487 211.004 183.21 205.17 144.873 161.504 191.701 190.517 203.045 207.596 183.021 205.089 141.095 156.64 186.286 187.377 
204.012 210.555 182.74 204.722 144.872 161.6 191.761 190.494 202.479 207.092 181.613 203.64 141.033 156.656 186.34 187.208 
203.508 210.031 182.226 204.174 144.92 161.632 191.799 190.549 201.875 206.684 180.003 201.907 140.894 156.719 186.32 186.812 
203.19 209.66 181.923 203.93 144.932 161.612 191.789 190.517 201.333 206.383 178.315 199.942 140.732 156.959 186.2 186.157 
202.889 209.369 181.573 203.563 144.957 161.594 191.84 190.581 201.084 206.367 177.658 198.876 140.551 157.143 186.124 185.665 
202.818 209.282 181.483 203.503 144.971 161.588 191.826 190.6 200.952 206.214 177.526 198.767 140.544 157.087 186.121 185.715 
202.801 209.272 181.43 203.47 144.961 161.622 191.857 190.632 200.944 206.22 177.492 198.708 140.565 157.042 186.126 185.78 
202.781 209.225 181.415 203.446 144.939 161.555 191.866 190.659 200.897 206.21 177.461 198.672 140.531 157.055 186.159 185.778 
202.776 209.233 181.414 203.467 144.967 161.55 191.868 190.682 200.904 206.203 177.449 198.633 140.504 157.041 186.165 185.768 
202.783 209.292 181.441 203.423 144.934 161.613 191.883 190.667 200.919 206.226 177.431 198.638 140.591 157.094 186.202 185.812 
202.207 208.758 180.968 202.935 144.957 161.703 191.953 190.687 200.22 205.486 176.905 198.14 140.612 157.003 186.117 185.787 
202.104 208.589 180.839 202.87 145.003 161.628 191.884 190.712 200.333 205.575 176.908 198.153 140.652 157.079 186.148 185.765 
202.978 209.467 181.612 203.662 144.993 161.528 191.814 190.64 201.157 206.364 177.684 198.98 140.6 157.011 186.145 185.83 
203.87 210.387 182.52 204.526 144.893 161.481 191.78 190.599 202.125 207.4 178.662 199.976 140.539 157.083 186.103 185.71 
204.87 211.35 183.505 205.564 144.828 161.455 191.687 190.479 203.157 208.35 179.652 200.989 140.49 156.853 186.137 185.817 
206.137 212.676 184.694 206.694 144.704 161.381 191.6 190.349 204.341 209.679 180.904 202.141 140.607 157.072 186.06 185.693 
207.422 214.016 186.06 207.994 144.682 161.296 191.516 190.35 205.663 210.941 182.214 203.472 140.492 156.902 186.035 185.693 
208.936 215.433 187.455 209.52 144.603 161.176 191.427 190.249 207.064 212.339 183.557 204.77 140.484 156.767 186.036 185.813 
210.323 216.852 188.908 210.931 144.507 161.024 191.38 190.217 208.565 213.852 185.124 206.4 140.449 156.9 186.018 185.656 
211.773 218.298 190.346 212.354 144.368 161.005 191.247 190.02 210.066 215.368 186.572 207.873 140.484 156.905 186.013 185.644 
213.43 220.065 191.97 213.929 144.315 160.975 191.148 189.937 211.828 217.14 188.285 209.487 140.282 156.734 185.956 185.576 
215.296 221.844 193.768 215.753 144.145 160.573 191.013 189.872 213.506 218.729 189.911 211.146 140.33 156.689 185.916 185.626 
217.318 223.863 195.685 217.679 144.106 160.541 190.815 189.738 215.485 220.693 191.874 213.169 140.263 156.539 185.881 185.638 
219.117 225.654 197.523 219.484 143.947 160.374 190.666 189.542 217.6 222.777 193.852 215.147 140.212 156.526 185.864 185.589 
221.293 227.702 199.597 221.751 143.786 160.217 190.532 189.411 219.518 224.702 195.77 217.102 140.326 156.568 185.816 185.645 
223.175 229.647 201.541 223.588 143.611 160.038 190.35 189.233 221.66 226.812 197.826 219.192 140.235 156.36 185.695 185.561 
225.356 231.747 203.593 225.722 143.459 159.84 190.239 189.137 223.833 228.954 199.95 221.35 140.188 156.358 185.728 185.543 
227.586 234.106 205.807 227.912 143.365 159.726 190.117 188.995 225.835 230.974 202.06 223.4 140.026 156.256 185.689 185.426 
229.676 236.164 207.939 230.069 143.197 159.573 189.942 188.815 227.959 233.146 204.219 225.51 140.019 156.256 185.635 185.417 
231.767 238.307 210.029 232.072 142.961 159.367 189.795 188.642 230.265 235.432 206.46 227.828 139.884 156.151 185.587 185.332 
234.172 240.707 212.253 234.387 142.782 159.213 189.751 188.581 232.574 237.646 208.671 230.181 139.94 156.207 185.541 185.314 
236.376 242.779 214.401 236.672 142.709 159.06 189.542 188.423 234.84 239.869 210.74 232.375 140.137 156.292 185.53 185.34 
238.532 244.888 216.611 238.955 142.489 158.882 189.348 188.179 236.931 241.963 212.823 234.473 140.102 156.246 185.527 185.359 
240.706 247.054 218.67 240.996 142.335 158.799 189.271 188.042 239.128 244.134 214.879 236.567 139.904 156.227 185.516 185.197 
243.143 249.36 220.843 243.374 142.22 158.621 189.137 187.95 241.433 246.29 216.835 238.736 140.007 156.08 185.513 185.34 
245.404 251.575 223.046 245.686 142.049 158.372 188.972 187.819 243.675 248.507 218.605 240.728 139.962 155.938 185.51 185.359 
247.65 253.908 225.309 247.878 141.905 158.217 188.807 187.586 245.925 250.619 220.254 242.75 139.953 155.731 185.56 185.469 
249.492 255.787 227.539 249.832 141.77 158.104 188.607 187.474 247.874 252.612 221.928 244.594 139.889 155.654 185.555 185.414 
251.768 258.171 229.828 252.108 141.564 158.01 188.401 187.197 249.803 254.482 223.616 246.37 139.712 155.456 185.662 185.464 
253.824 260.202 232.054 254.224 141.379 157.857 188.254 187.058 251.81 256.497 225.217 248.103 139.7 155.435 185.822 185.615 
256.093 262.472 234.344 256.471 141.216 157.622 188.109 186.94 253.996 258.723 226.853 249.838 139.625 155.365 185.977 185.77 
257.872 264.218 236.319 258.364 141.051 157.524 187.902 186.718 255.659 260.506 228.531 251.344 139.431 155.269 186.107 185.764 
259.854 266.246 238.299 260.334 140.992 157.508 187.787 186.597 257.56 262.474 230.171 252.951 139.37 155.307 186.189 185.685 
261.621 268.076 240.151 262.053 140.868 157.456 187.612 186.408 259.323 264.285 231.821 254.449 139.299 155.396 186.305 185.68 
263.451 269.829 241.941 263.868 140.759 157.241 187.511 186.361 261.096 266.188 233.376 255.873 139.293 155.57 186.416 185.658 
264.813 271.17 243.36 265.28 140.677 157.229 187.374 186.171 262.596 267.746 234.892 257.241 139.31 155.525 186.48 185.672 
266.451 272.816 244.983 266.936 140.543 157.001 187.321 186.158 264.104 269.25 236.39 258.626 139.339 155.322 186.453 185.697 
267.565 273.967 246.174 268.04 140.428 156.919 187.181 186.021 265.418 270.434 237.813 259.94 139.273 155.169 186.373 185.631 
269.095 275.421 247.503 269.395 140.371 156.849 187.086 185.977 266.969 271.948 239.185 261.315 139.416 155.295 186.326 185.631 
270.32 276.682 248.82 270.695 140.271 156.761 187.064 185.87 268.116 273.068 240.617 262.657 139.384 155.027 186.198 185.652 
271.353 277.678 249.873 271.741 140.246 156.642 186.918 185.801 269.287 274.21 242.107 264.091 139.356 155.009 185.993 185.524 
272.384 278.74 250.871 272.73 140.118 156.556 186.855 185.695 270.347 275.19 243.656 265.633 139.424 154.923 185.703 185.442 
273.185 279.582 251.713 273.541 140.169 156.609 186.823 185.728 271.307 276.129 245.182 267.138 139.464 155.065 185.389 185.289 
273.913 280.208 252.495 274.419 140.024 156.448 186.708 185.564 272.23 276.975 246.784 268.787 139.503 155.123 185.158 185.155 
274.672 281.038 253.261 275.111 139.985 156.495 186.705 185.516 272.939 277.867 248.638 270.199 139.474 155.457 184.898 184.725 
275.394 281.759 253.968 275.835 139.897 156.388 186.646 185.515 273.792 279.026 250.361 271.42 139.278 155.747 184.822 184.452 
275.718 282.035 254.317 276.218 139.93 156.449 186.652 185.453 274.051 279.264 250.645 271.716 139.391 155.841 184.805 184.463 
275.885 282.218 254.502 276.438 139.892 156.39 186.607 185.401 274.26 279.472 250.816 271.905 139.348 155.887 184.809 184.425 
275.938 282.296 254.522 276.417 139.867 156.502 186.658 185.39 274.278 279.464 250.863 271.987 139.365 155.894 184.824 184.411 
275.892 282.214 254.566 276.438 139.837 156.315 186.64 185.475 274.273 279.505 250.851 271.95 139.442 155.917 184.848 184.448 
275.883 282.229 254.534 276.412 139.848 156.395 186.65 185.472 274.224 279.45 250.866 271.957 139.389 155.892 184.772 184.382 
275.84 282.193 254.478 276.36 139.82 156.41 186.657 185.433 274.199 279.444 250.819 271.905 139.338 156.008 184.803 184.313 
275.848 282.206 254.466 276.362 139.839 156.422 186.621 185.401 274.226 279.433 250.786 271.909 139.358 155.996 184.79 184.327 
275.649 281.991 254.293 276.169 139.867 156.486 186.641 185.421 274 279.191 250.582 271.678 139.346 155.912 184.774 184.371 
275.272 281.628 253.913 275.782 139.913 156.427 186.668 185.526 273.611 278.853 250.191 271.232 139.369 155.872 184.807 184.409 
274.935 281.287 253.607 275.478 139.976 156.486 186.665 185.504 273.284 278.444 249.879 270.95 139.428 155.867 184.781 184.423 
274.425 280.771 253.084 274.972 139.967 156.532 186.745 185.548 272.787 277.959 249.351 270.431 139.45 155.876 184.755 184.422 
273.919 280.258 252.52 274.392 139.995 156.582 186.808 185.56 272.22 277.419 248.799 269.848 139.452 156.009 184.809 184.395 
273.039 279.297 251.624 273.524 140.12 156.676 186.839 185.633 271.289 276.427 247.86 268.969 139.394 155.894 184.844 184.495 
271.864 278.223 250.599 272.43 140.034 156.695 186.923 185.627 270.22 275.414 246.896 267.976 139.422 156.05 184.788 184.312 
270.631 276.985 249.29 271.142 140.147 156.79 187.014 185.809 268.918 274.095 245.571 266.607 139.464 155.999 184.865 184.46 
269.021 275.419 247.819 269.554 140.382 157.025 187.078 185.851 267.393 272.453 244.022 265.127 139.476 156.096 184.889 184.44 
267.404 273.79 246.177 267.99 140.461 157.162 187.238 185.969 265.679 270.875 242.458 263.519 139.439 156.123 184.945 184.484 
265.784 272.178 244.595 266.383 140.512 157.052 187.36 186.169 264.14 269.284 240.849 261.948 139.532 156.002 184.913 184.523 
264.261 270.651 243.052 264.872 140.677 157.286 187.454 186.252 262.534 267.69 239.242 260.313 139.592 156.08 184.989 184.585 
261.981 268.41 240.938 262.665 140.796 157.293 187.507 186.44 260.264 265.341 237.201 258.291 139.567 156.012 184.976 184.679 
260.527 266.902 239.241 261.062 140.864 157.501 187.705 186.501 258.763 263.968 235.464 256.534 139.608 156.091 185.089 184.715 
258.253 264.67 237.3 258.987 141.118 157.747 187.773 186.582 256.483 261.64 233.441 254.436 139.691 156.148 185.04 184.684 
256.414 262.821 235.343 257.08 141.169 157.75 187.917 186.711 254.711 259.873 231.551 252.634 139.702 156.307 185.133 184.683 
254.365 260.742 233.307 255.031 141.341 157.931 188.067 186.89 252.573 257.741 229.601 250.658 139.667 156.258 185.133 184.755 
251.993 258.461 231.118 252.743 141.503 158.215 188.234 186.965 250.172 255.434 227.561 248.467 139.724 156.276 185.128 184.762 
249.979 256.366 229.011 250.756 141.644 158.254 188.397 187.207 248.175 253.463 225.501 246.396 139.744 156.348 185.15 184.734 
247.783 254.181 226.838 248.59 141.707 158.342 188.496 187.28 245.694 251.086 223.591 244.275 139.716 156.508 185.124 184.624 
245.292 251.834 224.573 246.177 141.922 158.567 188.62 187.404 243.452 248.907 221.794 242.305 139.721 156.724 185.117 184.567 
242.972 249.448 222.232 243.844 142.105 158.803 188.812 187.62 241.314 246.796 220.092 240.509 139.856 156.887 185.08 184.521 
240.543 247.041 219.922 241.472 142.306 158.961 188.952 187.787 238.906 244.424 218.502 238.782 140.064 156.994 185.024 184.654 
238.121 244.579 217.639 239.068 142.442 159.071 189.049 187.943 236.335 241.664 216.748 237.064 139.992 156.879 184.952 184.783 
235.785 242.374 215.504 236.854 142.64 159.327 189.2 188.056 234.094 239.288 214.917 235.549 140.111 156.978 184.959 184.975 
233.416 240.09 213.245 234.553 142.741 159.511 189.368 188.148 232.128 237.186 213.112 234.104 140.219 157.006 185.066 185.294 
231.316 237.932 210.881 232.3 142.985 159.619 189.534 188.404 229.987 234.951 211.473 232.658 140.357 156.907 185.184 185.699 
228.878 235.456 208.587 229.987 143.033 159.718 189.727 188.583 227.614 232.528 209.935 231.28 140.48 156.916 185.244 186.005 
227.072 233.574 206.377 227.983 143.238 160.008 189.885 188.643 225.559 230.329 208.344 229.941 140.696 157.006 185.264 186.29 
224.814 231.353 204.146 225.833 143.432 160.127 190.028 188.787 223.698 228.287 206.728 228.587 140.696 156.871 185.276 186.414 
222.769 229.2 201.94 223.699 143.51 160.245 190.324 189.082 221.596 226.243 205.275 227.208 140.794 156.98 185.179 186.381 
220.849 227.312 199.809 221.634 143.69 160.363 190.434 189.178 219.717 224.261 203.662 225.754 140.787 156.939 185.084 186.391 
218.977 225.387 197.874 219.769 143.805 160.443 190.573 189.387 217.669 222.161 202.016 224.194 141 156.957 184.97 186.502 
216.928 223.498 195.92 217.741 143.919 160.725 190.738 189.415 216.03 220.525 200.336 222.598 140.959 157.051 184.898 186.489 
215.076 221.491 194.002 215.936 144.025 160.671 190.857 189.597 214.132 218.58 198.636 221 140.951 157.089 184.814 186.41 
213.545 220.047 192.362 214.297 144.217 160.872 191.015 189.803 212.582 217.008 196.929 219.338 141.057 157.032 184.807 186.478 
212.218 218.699 191.085 213.024 144.292 160.925 191.108 189.914 211.304 215.678 195.267 217.72 141.149 156.998 184.842 186.622 
210.811 217.349 189.599 211.491 144.355 161.235 191.29 189.902 209.744 214.094 193.659 216.14 141.174 157.003 184.929 186.667 
209.207 215.747 188.081 210.006 144.502 161.28 191.405 190.089 208.195 212.595 191.952 214.409 141.123 157.031 184.996 186.63 
207.956 214.543 186.828 208.707 144.535 161.214 191.438 190.211 207.008 211.442 190.412 212.797 141.137 156.945 185.137 186.797 
207.215 213.663 185.923 207.93 144.616 161.343 191.563 190.275 205.9 210.325 188.845 211.276 141.16 156.848 185.307 186.94 
206.06 212.573 184.861 206.848 144.66 161.428 191.609 190.317 204.97 209.301 187.413 209.926 141.225 156.905 185.547 187.084 
205.42 211.857 184.146 206.168 144.76 161.418 191.62 190.383 204.125 208.627 186.063 208.432 141.146 156.824 185.806 187.237 
204.631 211.052 183.379 205.381 144.781 161.46 191.666 190.447 203.247 207.692 184.72 207.054 141.112 156.761 185.997 187.295 
203.986 210.46 182.708 204.696 144.816 161.486 191.728 190.487 202.625 207.08 183.309 205.622 141.078 156.703 186.208 187.389 
203.57 210.12 182.304 204.303 144.888 161.669 191.818 190.554 202.059 206.675 182.016 204.176 141.105 156.788 186.362 187.323 
203.209 209.675 181.938 203.958 144.916 161.631 191.797 190.536 201.629 206.32 180.721 202.783 140.998 156.755 186.384 187.086 
202.91 209.454 181.626 203.622 144.864 161.668 191.859 190.552 201.218 206.057 179.005 200.94 140.843 156.734 186.331 186.688 
202.796 209.284 181.468 203.503 144.88 161.649 191.866 190.56 200.949 206.108 177.711 199.092 140.576 156.986 186.084 185.869 
202.796 209.264 181.447 203.494 144.906 161.662 191.847 190.525 200.875 206.159 177.443 198.681 140.448 157.063 186.173 185.751 
202.75 209.209 181.391 203.421 144.927 161.567 191.851 190.629 200.889 206.183 177.419 198.672 140.518 157.127 186.155 185.737 
202.767 209.196 181.412 203.495 144.914 161.557 191.818 190.605 200.877 206.189 177.441 198.668 140.522 157.094 186.18 185.756 
202.778 209.261 181.44 203.466 144.947 161.609 191.86 190.654 200.868 206.186 177.417 198.633 140.464 157.121 186.219 185.742 
201.769 208.402 180.629 202.558 144.989 161.721 191.962 190.712 199.798 205.084 176.592 197.823 140.55 157.162 186.132 185.636 
202.484 209.012 181.132 203.172 144.947 161.61 191.903 190.716 200.746 206.004 177.274 198.535 140.572 157.063 186.164 185.833 
203.334 209.91 182.068 204.099 144.791 161.485 191.829 190.612 201.634 207.009 178.257 199.545 140.528 157.149 186.102 185.658 
204.44 210.964 183.073 205.093 144.825 161.512 191.738 190.538 202.599 207.916 179.18 200.409 140.543 157.074 186.184 185.802 
205.548 212.176 184.316 206.268 144.692 161.437 191.69 190.405 203.757 209.058 180.338 201.672 140.478 157.019 186.117 185.706 
206.786 213.364 185.381 207.356 144.696 161.384 191.604 190.38 204.912 210.22 181.423 202.623 140.464 156.976 186.125 185.743 
207.961 214.533 186.637 208.651 144.582 161.242 191.45 190.229 206.175 211.502 182.808 204.085 140.459 157.018 186.084 185.627 
209.5 216.067 188.114 210.158 144.554 161.131 191.368 190.174 207.683 212.989 184.256 205.538 140.39 156.953 186.026 185.572 
211.142 217.612 189.664 211.765 144.359 160.942 191.284 190.122 209.321 214.636 185.827 207.115 140.422 156.92 186.065 185.693 
212.648 219.251 191.233 213.235 144.309 160.918 191.155 189.981 210.967 216.14 187.393 208.757 140.476 156.898 186.006 185.671 
214.293 220.78 192.876 214.973 144.104 160.709 191.079 189.868 212.613 217.959 189.154 210.442 140.468 156.927 185.965 185.644 
216.003 222.51 194.569 216.631 144.004 160.591 190.93 189.722 214.292 219.605 190.785 212.057 140.359 156.962 185.964 185.53 
217.974 224.47 196.452 218.558 143.797 160.374 190.86 189.639 216.334 221.546 192.719 214.096 140.334 156.749 185.909 185.587 
219.817 226.355 198.338 220.39 143.698 160.251 190.624 189.43 218.137 223.406 194.643 215.999 140.258 156.766 185.838 185.474 
221.951 228.517 200.467 222.548 143.599 160.139 190.512 189.277 220.301 225.487 196.602 218.033 140.18 156.638 185.847 185.492 
223.874 230.434 202.388 224.428 143.49 160.074 190.378 189.126 222.253 227.428 198.522 219.968 140.24 156.647 185.852 185.547 
226.246 232.751 204.473 226.676 143.362 159.782 190.216 189.064 224.551 229.757 200.69 222.185 140.109 156.567 185.812 185.469 
228.242 234.698 206.596 228.756 143.126 159.586 190.076 188.911 226.659 231.853 202.713 224.227 140.177 156.542 185.744 185.457 
230.444 236.904 208.734 230.902 143.061 159.576 189.91 188.679 229.088 234.156 204.757 226.523 140.223 156.538 185.759 185.495 
232.845 239.291 210.934 233.188 142.958 159.299 189.735 188.631 231.149 236.085 206.646 228.585 140.15 156.398 185.719 185.508 
235.061 241.48 213.071 235.369 142.831 159.324 189.678 188.486 233.289 238.103 208.547 230.671 140.112 156.138 185.661 185.532 
237.282 243.644 215.311 237.631 142.665 159.117 189.463 188.334 235.634 240.379 210.257 232.663 140.005 155.931 185.701 185.561 
239.573 246.094 217.622 239.794 142.426 158.892 189.325 188.146 237.641 242.397 211.954 234.555 139.955 155.884 185.753 185.567 
241.814 248.289 219.892 242.102 142.245 158.632 189.187 188.019 239.884 244.626 213.569 236.421 139.916 155.778 185.898 185.655 
244.144 250.568 222.082 244.399 142.14 158.462 189.032 187.858 242.066 246.894 215.222 238.161 139.807 155.7 186.074 185.768 
246.242 252.617 224.247 246.548 141.941 158.315 188.84 187.679 244.296 249.228 216.842 239.794 139.712 155.671 186.313 185.89 
248.591 254.917 226.498 248.886 141.774 158.158 188.645 187.467 246.218 251.187 218.547 241.424 139.683 155.582 186.519 186.039 
250.976 257.182 228.683 251.197 141.64 157.975 188.517 187.365 248.396 253.486 219.977 242.835 139.554 155.553 186.783 186.158 
253.021 259.285 230.908 253.325 141.528 157.971 188.407 187.18 250.375 255.584 221.389 244.097 139.44 155.606 187.025 186.167 
255.105 261.451 233.047 255.331 141.409 157.883 188.261 187.026 252.329 257.685 222.705 245.218 139.365 155.687 187.23 186.075 
256.93 263.306 235.252 257.353 141.25 157.651 188.025 186.875 254.079 259.616 224.077 246.336 139.265 155.734 187.378 185.983 
258.629 265.022 237.093 259.068 141.034 157.515 187.866 186.7 255.909 261.528 225.458 247.573 139.247 155.782 187.514 185.956 
260.664 267.013 239.083 261.159 140.868 157.343 187.634 186.463 257.671 263.331 226.781 248.695 139.212 155.614 187.673 185.998 
262.454 268.85 240.905 262.878 140.686 157.239 187.561 186.319 259.45 265.097 227.998 249.735 139.18 155.381 187.789 186.054 
264.043 270.424 242.61 264.549 140.669 157.181 187.467 186.289 261.108 266.67 229.215 250.804 139.159 155.215 187.991 186.173 
265.78 272.225 244.283 266.151 140.562 157.101 187.337 186.136 262.733 268.334 230.337 251.688 139.116 155.004 188.162 186.303 
267.375 273.825 245.924 267.784 140.523 157.041 187.282 186.16 264.332 269.814 231.51 252.788 139.051 154.698 188.324 186.539 
268.738 275.134 247.265 269.18 140.456 156.92 187.109 185.983 265.633 271.186 232.688 253.754 139.057 154.456 188.464 186.756 
269.876 276.238 248.448 270.399 140.223 156.793 187.084 185.86 266.985 272.426 233.83 254.879 139.08 154.311 188.576 186.936 
271.148 277.571 249.742 271.615 140.229 156.739 186.999 185.859 268.137 273.395 234.957 256.09 138.975 154.005 188.7 187.097 
272.224 278.562 250.815 272.728 140.061 156.561 186.828 185.633 269.254 274.529 236.037 257.115 138.956 153.802 188.746 187.291 
273.062 279.426 251.623 273.515 140.019 156.532 186.827 185.721 270.194 275.439 237.131 258.248 138.758 153.711 188.779 187.26 
273.864 280.184 252.438 274.395 140.01 156.505 186.746 185.572 270.964 276.187 238.198 259.276 138.738 153.658 188.744 187.18 
274.54 280.957 253.116 274.993 140.013 156.579 186.709 185.5 271.674 276.927 239.249 260.313 138.764 153.77 188.724 187.101 
275.016 281.377 253.583 275.468 139.941 156.475 186.694 185.515 272.301 277.53 240.178 261.331 138.677 153.922 188.626 186.881 
275.453 281.79 254.075 275.957 139.852 156.453 186.686 185.483 272.796 278.063 241.214 262.454 138.692 154.153 188.564 186.703 
275.735 282.113 254.349 276.239 139.84 156.538 186.742 185.451 273.179 278.482 242.258 263.587 138.771 154.497 188.419 186.476 
275.903 282.206 254.492 276.412 139.842 156.345 186.633 185.465 273.432 278.866 243.37 264.725 138.858 155.023 188.212 186.087 
275.922 282.252 254.598 276.518 139.84 156.408 186.658 185.454 273.569 279.121 244.501 265.868 138.88 155.651 188.019 185.628 
275.895 282.238 254.549 276.459 139.824 156.347 186.589 185.417 273.688 279.292 245.498 266.884 138.985 156.037 187.706 185.358 
275.833 282.17 254.536 276.417 139.803 156.337 186.608 185.402 273.778 279.325 246.602 268.085 139.052 156.197 187.186 185.096 
275.844 282.188 254.48 276.348 139.839 156.406 186.616 185.404 273.853 279.239 247.812 269.425 139.083 156.044 186.666 185.066 
275.813 282.094 254.446 276.366 139.779 156.403 186.617 185.377 273.996 279.193 249.278 270.906 139.116 155.946 185.846 184.739 
275.62 281.991 254.277 276.159 139.825 156.494 186.654 185.392 273.884 279.063 250.451 271.555 139.205 155.796 184.775 184.298 
275.21 281.54 253.874 275.756 139.86 156.424 186.628 185.461 273.536 278.73 250.093 271.174 139.339 155.842 184.844 184.427 
274.85 281.246 253.49 275.305 139.933 156.503 186.708 185.535 273.21 278.376 249.808 270.909 139.365 155.846 184.788 184.399 
274.417 280.742 253.032 274.882 139.94 156.541 186.719 185.492 272.77 277.939 249.363 270.449 139.461 155.932 184.783 184.406 
273.809 280.083 252.453 274.358 139.999 156.553 186.754 185.549 272.15 277.292 248.744 269.853 139.43 155.96 184.792 184.401 
272.835 279.131 251.507 273.391 140.079 156.638 186.785 185.636 271.18 276.269 247.757 268.862 139.432 155.875 184.811 184.483 
271.6 277.987 250.347 272.166 140.149 156.781 186.932 185.664 269.936 275.094 246.602 267.714 139.362 156.039 184.863 184.403 
270.439 276.883 249.201 270.956 140.197 156.902 186.989 185.711 268.769 273.894 245.377 266.462 139.422 155.915 184.892 184.528 
269.117 275.488 247.871 269.626 140.378 156.978 187.085 185.833 267.172 272.306 243.885 264.963 139.516 155.998 184.921 184.552 
267.363 273.739 246.145 268 140.441 157.072 187.218 186.028 265.727 270.908 242.37 263.509 139.496 156.16 184.932 184.461 
265.527 271.919 244.392 266.191 140.532 157.242 187.337 186.05 263.816 268.947 240.69 261.793 139.41 156.063 184.895 184.431 
263.456 269.833 242.446 264.215 140.652 157.328 187.421 186.157 261.827 267.041 238.807 259.863 139.515 156.213 184.998 184.536 
261.617 268.074 240.543 262.271 140.727 157.403 187.588 186.326 259.953 265.133 236.92 258.024 139.544 156.177 184.982 184.561 
259.885 266.276 238.754 260.541 140.966 157.535 187.685 186.446 258.163 263.427 235.115 256.149 139.594 156.241 185.034 184.6 
258.032 264.445 236.897 258.653 141.049 157.664 187.794 186.582 256.27 261.419 233.219 254.253 139.598 156.114 185.063 184.678 
255.582 262.033 234.675 256.317 141.146 157.792 187.952 186.739 253.87 259.042 231.126 252.095 139.569 156.234 185.106 184.703 
253.505 259.971 232.542 254.287 141.372 158.033 188.117 186.902 251.821 257.005 229.141 250.105 139.666 156.317 185.092 184.665 
251.591 257.967 230.494 252.315 141.519 158.096 188.304 187.098 249.638 254.944 227.067 247.956 139.735 156.491 185.135 184.642 
249.031 255.505 228.225 249.931 141.643 158.341 188.453 187.197 247.394 252.734 225.087 245.896 139.725 156.505 185.122 184.687 
247.029 253.44 226.039 247.844 141.865 158.503 188.567 187.366 245.294 250.712 223.126 243.809 139.771 156.68 185.153 184.685 
244.969 251.37 223.931 245.742 142.065 158.591 188.688 187.558 243.262 248.692 221.37 241.933 139.899 156.711 185.15 184.751 
242.773 249.221 221.806 243.588 142.172 158.792 188.87 187.669 241.092 246.504 219.644 240.05 140.016 156.674 185.026 184.727 
240.584 246.987 219.521 241.273 142.341 158.878 188.973 187.861 238.923 244.373 218.03 238.353 140.19 156.867 185.001 184.77 
237.883 244.187 217.094 238.683 142.57 158.938 189.045 188.06 236.26 241.375 216.207 236.485 140.083 156.45 184.829 184.833 
235.808 242.27 214.824 236.347 142.699 159.098 189.275 188.163 234.469 239.514 214.292 234.785 140.492 156.63 184.755 185.054 
233.415 239.826 212.473 234.019 142.91 159.178 189.446 188.422 232.109 236.924 212.206 232.809 140.594 156.232 184.647 185.272 
231.293 237.716 210.176 231.751 143.074 159.314 189.559 188.532 229.777 234.514 210.211 230.891 140.956 156.231 184.634 185.638 
228.966 235.254 207.812 229.427 143.263 159.355 189.707 188.784 227.468 231.956 208.365 229.201 141.221 156.068 184.565 185.914 
227.034 233.316 205.692 227.41 143.489 159.627 189.871 188.867 225.677 229.939 206.414 227.539 141.513 155.826 184.577 186.32 
224.83 231.109 203.565 225.196 143.628 159.662 190.035 189.09 223.761 227.966 204.655 225.935 141.673 155.786 184.686 186.598 
223.25 229.509 201.85 223.596 143.774 159.83 190.196 189.255 221.914 226.031 202.774 224.218 141.729 155.758 184.792 186.827 
221.19 227.529 199.866 221.652 143.841 159.986 190.378 189.378 220.133 224.264 200.931 222.534 141.712 155.729 184.921 187.031 
219.323 225.712 198.061 219.859 143.923 160.219 190.541 189.46 218.229 222.362 199.225 220.889 141.41 155.898 185.096 187 
217.185 223.588 196.06 217.902 144.043 160.421 190.69 189.59 216.073 220.214 197.491 219.269 141.205 156.102 185.278 187.04 
215.582 222.075 194.379 216.215 144.024 160.609 190.876 189.719 214.154 218.57 195.78 217.577 141.089 156.312 185.448 187.088 
213.74 220.254 192.632 214.471 144.201 160.746 191.009 189.866 212.56 216.874 194.142 216.094 141.019 156.187 185.55 187.239 
212.127 218.563 190.909 212.756 144.326 160.794 191.142 190.032 210.955 215.249 192.527 214.565 141.147 156.378 185.711 187.367 
210.983 217.372 189.643 211.599 144.393 160.961 191.192 190.011 209.415 213.805 190.945 212.99 141.161 156.381 185.824 187.484 
209.336 215.851 188.156 209.984 144.49 161.111 191.346 190.084 208.178 212.559 189.288 211.397 141.164 156.525 186.014 187.565 
208.219 214.726 186.911 208.761 144.649 161.06 191.371 190.262 206.987 211.36 187.842 209.966 141.268 156.343 186.052 187.691 
207.262 213.666 185.835 207.686 144.785 161.178 191.494 190.398 205.873 210.23 186.244 208.353 141.392 156.252 186.079 187.706 
206.225 212.586 184.845 206.696 144.838 161.057 191.471 190.439 204.763 209.086 184.791 206.841 141.387 156.057 186.025 187.712 
205.397 211.797 183.977 205.807 144.918 161.248 191.561 190.47 203.965 208.33 183.192 205.19 141.391 156.028 185.984 187.568 
204.561 210.857 183.027 204.897 144.982 161.12 191.577 190.58 203.05 207.355 181.532 203.473 141.381 155.927 185.884 187.347 
203.992 210.43 182.501 204.314 145.057 161.302 191.634 190.614 202.248 206.733 179.687 201.504 141.283 156.027 185.869 186.927 
203.515 209.912 182.024 203.828 145.061 161.308 191.649 190.637 201.71 206.53 178.203 199.704 141.016 156.378 185.883 186.257 
203.193 209.551 181.671 203.497 145.086 161.365 191.649 190.608 201.302 206.346 177.697 198.909 140.972 156.62 185.827 185.941 
202.911 209.267 181.379 203.208 145.108 161.252 191.666 190.708 201.119 206.107 177.431 198.644 140.931 156.569 185.87 185.945 
202.808 209.173 181.22 203.074 145.135 161.273 191.705 190.725 201.011 205.964 177.322 198.563 140.98 156.594 185.903 185.994 
202.769 209.167 181.187 203.018 145.154 161.356 191.725 190.724 200.984 205.922 177.264 198.517 140.91 156.565 185.92 185.941 
202.74 209.103 181.17 202.997 145.1 161.228 191.674 190.715 200.946 205.983 177.231 198.38 140.873 156.556 185.925 186.003 
202.714 209.055 181.167 202.999 145.143 161.198 191.679 190.732 200.97 205.936 177.257 198.484 140.966 156.615 185.933 186.031 
202.796 209.122 181.17 203.001 145.146 161.274 191.726 190.772 200.981 205.924 177.277 198.485 140.903 156.515 185.892 185.993 
202.017 208.487 180.631 202.399 145.245 161.382 191.786 190.845 200.171 205.19 176.637 197.828 140.94 156.618 185.901 185.933 
202.171 208.58 180.632 202.476 145.25 161.325 191.745 190.86 200.361 205.408 176.729 197.938 140.953 156.579 185.916 185.974 
202.91 209.352 181.388 203.198 145.087 161.288 191.705 190.7 201.177 206.202 177.443 198.6 140.925 156.415 185.928 186.089 
203.886 210.366 182.298 204.091 145.055 161.281 191.671 190.667 202.249 207.285 178.532 199.724 140.917 156.448 185.837 185.955 
204.997 211.413 183.371 205.158 144.944 161.11 191.533 190.545 203.22 208.174 179.448 200.675 140.861 156.264 185.848 186.066 
206.12 212.586 184.443 206.187 144.913 161.061 191.52 190.58 204.427 209.499 180.598 201.823 140.974 156.476 185.753 185.931 
207.292 213.741 185.634 207.429 144.865 160.965 191.423 190.445 205.704 210.702 181.889 203.116 140.9 156.171 185.689 185.983 
208.827 215.254 187.009 208.846 144.778 160.888 191.295 190.354 207.061 212.049 183.188 204.336 140.875 156.202 185.729 186.039 
210.227 216.682 188.507 210.219 144.693 160.769 191.207 190.297 208.518 213.498 184.617 205.819 140.831 156.152 185.685 185.975 
211.825 218.367 190.055 211.723 144.545 160.601 191.1 190.163 210.201 215.089 186.236 207.489 140.789 156.078 185.671 185.953 
213.446 219.923 191.691 213.387 144.406 160.392 190.98 190.095 211.777 216.761 187.917 209.064 140.775 156.02 185.624 185.925 
215.371 221.913 193.461 215.202 144.337 160.319 190.871 189.959 213.649 218.588 189.603 210.76 140.756 155.922 185.611 185.99 
217.169 223.605 195.187 216.961 144.257 160.249 190.716 189.851 215.634 220.477 191.445 212.633 140.743 155.772 185.518 185.989 
219.188 225.575 196.987 218.76 144.085 159.968 190.608 189.78 217.477 222.298 193.199 214.399 140.669 155.787 185.468 185.908 
221.052 227.432 198.725 220.521 143.944 159.809 190.535 189.714 219.356 224.169 195.025 216.267 140.604 155.577 185.478 185.968 
223.193 229.489 200.55 222.486 143.778 159.514 190.41 189.665 221.474 226.163 196.805 218.114 140.598 155.281 185.344 186.07 
225.19 231.473 202.446 224.404 143.689 159.353 190.26 189.473 223.674 228.238 198.376 219.826 140.63 155.118 185.394 186.12 
227.391 233.629 204.13 226.207 143.562 159.104 190.162 189.415 225.687 230.246 199.71 221.28 140.579 155.008 185.419 186.15 
229.401 235.659 205.814 227.863 143.342 158.804 190.135 189.351 227.879 232.339 200.841 222.5 140.525 154.622 185.436 186.161 
231.656 237.898 207.186 229.333 143.245 158.537 190.225 189.416 229.979 234.497 201.821 223.459 140.523 154.569 185.516 186.107 
233.899 240.162 208.422 230.583 143.083 158.303 190.261 189.306 232.175 236.705 202.668 224.189 140.473 154.234 185.554 186.013 
235.947 242.393 209.628 231.577 142.804 158.161 190.412 189.129 234.192 238.694 203.524 224.961 140.416 153.8 185.547 185.999 
237.996 244.599 210.888 232.609 142.669 158.065 190.411 188.878 236.111 240.612 204.508 225.665 140.256 153.281 185.726 186.169 
240.243 246.894 212.088 233.666 142.554 157.749 190.484 188.837 238.349 242.928 205.58 226.492 140.306 152.945 186.083 186.538 
242.259 249.017 213.474 234.808 142.285 157.561 190.693 188.812 240.451 244.808 206.583 227.505 140.248 152.387 186.422 186.985 
244.23 250.932 214.664 235.919 142.129 156.934 190.89 189.194 242.422 246.786 207.591 228.382 140.297 151.986 186.896 187.613 
246.383 253.074 215.809 237.011 142.102 156.555 191.222 189.638 244.534 248.89 208.56 229.146 140.361 151.581 187.365 188.3 
248.319 254.82 216.793 237.938 141.886 155.83 191.522 190.136 246.6 251.004 209.766 230.124 140.401 151.325 187.726 188.74 
250.243 256.713 217.848 238.863 141.715 155.095 191.847 190.705 248.628 252.993 211.092 231.204 140.486 150.99 187.991 189.13 
252.151 258.588 218.95 239.829 141.532 154.516 192.08 191.053 250.69 255.066 212.437 232.341 140.629 150.611 188.231 189.504 
254.09 260.459 220.201 241.02 141.47 153.982 192.103 191.262 252.672 256.897 213.778 233.637 140.743 150.103 188.413 189.808 
256.015 262.341 221.573 242.316 141.419 153.573 192.147 191.394 254.616 258.687 215.051 234.898 140.908 149.661 188.672 190.1 
257.81 263.998 222.949 243.684 141.227 153.121 192.184 191.489 256.427 260.304 216.372 236.284 140.928 149.09 188.932 190.46 
259.601 265.504 224.344 245.142 140.949 152.598 192.146 191.498 258.163 261.661 217.599 237.577 140.873 148.282 189.236 190.93 
261.206 266.961 225.739 246.623 140.889 152.137 192.072 191.543 259.854 263.09 218.75 238.86 140.928 147.585 189.54 191.498 
262.752 268.38 227.174 248.138 140.768 151.822 191.97 191.418 261.56 264.577 219.904 240.129 140.912 146.971 189.848 192.017 
264.409 270.042 228.654 249.603 140.608 151.601 191.943 191.374 263.082 265.747 221.026 241.46 140.789 146.143 190.115 192.535 
265.91 271.304 230.086 251.098 140.462 151.272 191.923 191.303 264.495 266.969 222.165 242.682 140.817 145.502 190.28 192.911 
267.277 272.495 231.56 252.611 140.374 150.931 191.82 191.189 265.873 268.144 223.247 243.958 140.93 144.915 190.448 193.382 
268.607 273.768 232.956 254.069 140.355 150.864 191.733 191.059 267.205 269.161 224.29 245.134 140.856 144.182 190.607 193.782 
269.868 274.933 234.355 255.475 140.246 150.694 191.606 190.875 268.407 270.122 225.376 246.316 140.937 143.426 190.782 194.301 
271.002 275.851 235.676 256.895 140.232 150.492 191.413 190.755 269.507 270.971 226.375 247.517 140.866 142.817 190.891 194.607 
272.01 276.818 236.988 258.229 140.175 150.34 191.183 190.539 270.508 271.757 227.451 248.816 140.932 142.316 190.987 194.956 
272.934 277.61 238.242 259.618 140.156 150.276 190.962 190.355 271.357 272.399 228.473 249.984 140.861 141.877 191.062 195.226 
273.64 278.102 239.402 260.888 140.162 150.181 190.793 190.204 272.024 272.981 229.424 251.167 140.893 141.674 191.116 195.367 
274.214 278.59 240.481 262.068 140.165 150.063 190.657 190.186 272.603 273.447 230.269 252.257 140.96 141.586 191.082 195.376 
274.788 278.892 241.497 263.336 140.171 149.976 190.539 190.144 273.15 273.883 231.076 253.264 141.097 141.594 190.998 195.313 
275.122 279.27 242.544 264.456 140.186 150.11 190.509 190.058 273.523 274.223 231.845 254.156 141.228 141.753 190.854 195.074 
