0.495575 0.241608 0.116699 0.0591736 0.0306702 0.0162048 0.00949097 0.00463867 0.00265503 0.00180054 
1.00378 0.0119324 0.00582886 0.00189209 0.0012207 0.000976562 0.000610352 
0.463654 0.200256 0.092926 0.0437012 0.0207825 0.0110474 0.00518799 0.0027771 0.00146484 
0.699036 0.0889893 0.0357361 0.0158386 0.00759888 0.00296021 0.00170898 0.000854492 
0.489716 0.057251 0.0244446 0.0116882 0.00595093 0.0045166 0.00189209 
0.418884 0.0471802 0.0218811 0.0113525 0.00540161 0.0017395 
0.319092 0.0209961 0.0090332 0.00518799 0.00247192 
0.187988 -0.0116882 -0.00497437 -0.00216675 -0.0010376 
0.0680542 -0.0274658 -0.0112 -0.00561523 -0.00228882 -0.000976562 
0.0422058 -0.00762939 -0.0043335 -0.00115967 -0.000488281 -0.00012207 
-0.038269 -0.0317383 -0.0140686 -0.00701904 -0.00286865 -0.00115967 
-0.00750732 0.00421143 0.00131226 0.000640869 0.000457764 
-0.015625 -0.00823975 -0.00430298 -0.00262451 -0.00115967 -0.000213623 -0.000366211 
-0.155396 -0.0692444 -0.0348511 -0.0178833 -0.00976562 -0.00613403 -0.00338745 -0.00195312 
-0.254669 -0.067749 -0.0296326 -0.0133667 -0.00601196 -0.00271606 -0.000762939 
-0.276733 -0.0509949 -0.0213318 -0.011261 -0.00497437 -0.00201416 -0.000518799 
-0.381165 -0.104401 -0.0484314 -0.0202637 -0.00964355 -0.00375366 -0.00128174 -0.000274658 
-0.492645 -0.11618 -0.060791 -0.0296326 -0.0152893 -0.00836182 -0.00427246 -0.00192261 
-0.731537 -0.160461 -0.0759277 -0.0383301 -0.0186768 -0.00924683 -0.0043335 -0.00241089 -0.000823975 
-0.89563 -0.208221 -0.100372 -0.0461121 -0.0192871 -0.00909424 -0.00375366 -0.00128174 
-1.20486 -0.286469 -0.135284 -0.0692444 -0.0359802 -0.0185852 -0.0105286 -0.0039978 -0.00167847 
-1.11902 -0.163971 -0.0706482 -0.0289917 -0.0119934 -0.00497437 -0.00250244 -0.0010376 -0.000549316 
-1.27521 -0.218262 -0.106781 -0.0510559 -0.0250549 -0.0101318 -0.00524902 -0.00216675 -0.000610352 
-1.54092 -0.263214 -0.124451 -0.0612183 -0.0290527 -0.0128174 -0.0062561 -0.00320435 -0.00131226 
-1.57062 -0.232117 -0.115143 -0.0520325 -0.0228577 -0.0110474 -0.00491333 -0.00268555 -0.000946045 
-1.41537 -0.166168 -0.0739441 -0.0375671 -0.0188293 -0.00906372 -0.00506592 -0.00280762 -0.00149536 
-1.61618 -0.266296 -0.116699 -0.0588074 -0.0294495 -0.0140686 -0.00570679 -0.00354004 -0.00180054 
-1.63742 -0.227051 -0.107391 -0.0536499 -0.0244751 -0.011322 -0.00512695 -0.00283813 -0.00128174 
-1.65471 -0.234924 -0.114563 -0.054306 -0.0242615 -0.0105591 -0.00462341 -0.00268555 
-1.59622 -0.212555 -0.107239 -0.0501556 -0.0220947 -0.00997925 -0.0037384 -0.00170898 
-1.71255 -0.266891 -0.126923 -0.0528717 -0.0239868 -0.00920105 -0.00508118 -0.00160217 -0.000213623 0.000213623 
-1.68672 -0.264343 -0.112091 -0.0490265 -0.0209961 -0.00837708 -0.00361633 -0.00175476 -0.000976562 
-1.67543 -0.272171 -0.117783 -0.0524139 -0.0231934 -0.0108032 -0.00511169 -0.00276184 -0.00106812 -0.000961304 
-1.80092 -0.319656 -0.152374 -0.0794983 -0.0405121 -0.0198364 -0.00878906 -0.00520325 -0.00286865 
-1.74133 -0.256638 -0.123901 -0.0544281 -0.02211 -0.00863647 -0.00469971 -0.00292969 -0.00215149 
-1.91045 -0.329529 -0.133606 -0.062088 -0.0298767 -0.0145569 -0.00746155 -0.00398254 -0.00218201 
-1.85463 -0.237823 -0.11412 -0.055954 -0.0256042 -0.0113831 -0.00466919 -0.00183105 
-1.69777 -0.218506 -0.107956 -0.0457611 -0.0226135 -0.00923157 -0.00567627 -0.00187683 -0.000595093 
-1.73289 -0.265823 -0.121735 -0.0536804 -0.0217438 -0.0067749 -0.00410461 -0.00270081 -0.00170898 
-1.82509 -0.30809 -0.138046 -0.0609894 -0.0309296 -0.0158539 -0.0098114 -0.00578308 -0.00340271 -0.00192261 -0.00102234 
-1.60954 -0.189102 -0.083786 -0.043335 -0.0196228 -0.0108032 -0.00468445 -0.00239563 -0.00149536 
-1.58424 -0.243637 -0.106979 -0.0500641 -0.0276337 -0.0153503 -0.00595093 -0.00384521 -0.00241089 -0.00190735 
-1.57257 -0.233139 -0.105789 -0.0502319 -0.0264435 -0.0145416 -0.00788879 -0.00369263 -0.00221252 -0.00106812 
-1.49326 -0.209229 -0.0886993 -0.0403748 -0.0184174 -0.0083313 -0.00369263 -0.00253296 -0.0014801 
-1.4296 -0.217636 -0.0924377 -0.03862 -0.016983 -0.00778198 -0.00314331 -0.00161743 -0.000762939 
-1.40961 -0.213364 -0.0966949 -0.0415039 -0.0188751 -0.00622559 -0.00259399 -0.00146484 -0.000839233 
-1.4286 -0.206818 -0.10257 -0.0473022 -0.0207825 -0.00856018 -0.0039978 -0.00238037 
-1.25577 -0.146774 -0.0675507 -0.0314026 -0.0154419 -0.00846863 -0.00418091 -0.00222778 -0.00126648 
-1.10872 -0.136185 -0.0720978 -0.0378113 -0.0186615 -0.00895691 -0.00483704 -0.00244141 -0.001297 
-1.15466 -0.187424 -0.0790558 -0.0321655 -0.01474 -0.00627136 -0.00294495 -0.00141907 
-1.21805 -0.193878 -0.0961151 -0.0451813 -0.020462 -0.00891113 -0.00440979 -0.00175476 
-1.04881 -0.128067 -0.0588379 -0.0270844 -0.0124664 -0.00631714 -0.00311279 -0.00135803 
-0.956482 -0.114914 -0.0471954 -0.0196381 -0.00938416 -0.00505066 -0.00111389 -0.000823975 
-0.949387 -0.140991 -0.066864 -0.0323944 -0.016098 -0.0083313 -0.00454712 -0.00230408 -0.00109863 
-0.671387 -0.0209351 -0.00823975 -0.00364685 -0.00157166 -0.000274658 
-0.589188 -0.0774384 -0.0362549 -0.0168152 -0.00708008 -0.00337219 -0.00154114 -0.000961304 -0.000427246 
-0.61879 -0.100555 -0.0500488 -0.023941 -0.0114746 -0.00521851 -0.00216675 
-0.460297 -0.0193329 -0.00810242 -0.00338745 -0.000839233 -0.000259399 
-0.409134 -0.0597687 -0.0305939 -0.0160217 -0.0080719 -0.00411987 -0.00175476 
-0.269943 0.00883484 0.00393677 0.00190735 0.000854492 
-0.164062 0.0071106 0.00387573 0.00178528 0.000900269 
-0.0843506 0.0157166 0.00790405 0.00332642 0.00143433 
-0.0563965 0.004776 0.00224304 0.00115967 0.000228882 -0.000152588 
-0.0328522 0.00575256 0.00257874 0.00152588 0.000640869 
0.0038147 0.0145416 0.00634766 0.00265503 0.00160217 
-0.00245667 -0.00135803 -0.00038147 -0.000152588 1.52588e-05 -0.000183105 
-0.493927 -0.221832 -0.0931244 -0.0388641 -0.0169373 -0.00732422 -0.00268555 -0.00151062 -0.000396729 
0.176788 0.199661 0.0879974 0.0404205 0.02034 0.0092926 0.00453186 0.00233459 0.00138855 
0.532059 0.19072 0.091156 0.045578 0.0226898 0.0113373 0.00582886 0.00350952 0.00161743 
0.657883 0.143875 0.0586395 0.0252991 0.0110016 0.00491333 0.00227356 0.00102234 
0.788818 0.192078 0.0913086 0.0462189 0.0239716 0.0118408 0.0063324 0.003479 0.00137329 
0.842514 0.134613 0.0614471 0.0293579 0.0144806 0.0071106 0.00357056 0.00143433 
0.938126 0.207291 0.105972 0.0471954 0.0205841 0.00843811 0.00405884 0.00164795 0.000640869 
0.960724 0.168945 0.0791016 0.0375977 0.0172424 0.008255 0.00392151 0.00177002 0.00102234 
1.06235 0.176498 0.0794983 0.0384216 0.0191803 0.00978088 0.00436401 0.00248718 0.00114441 
1.17165 0.242249 0.0996857 0.0403748 0.0159302 0.0072937 0.00250244 0.000991821 0.000305176 
1.19685 0.211563 0.110123 0.057312 0.0269623 0.0125427 0.00553894 0.00267029 0.00166321 
1.22772 0.218399 0.105087 0.0526276 0.0265656 0.0143127 0.00750732 0.00390625 0.00222778 0.00106812 
1.20261 0.183487 0.0900726 0.0423431 0.0198822 0.00892639 0.00416565 0.00163269 0.00100708 
1.48213 0.281357 0.138184 0.0651703 0.0299225 0.013092 0.00643921 0.00299072 0.00169373 
1.33086 0.158432 0.0744629 0.0366669 0.0190887 0.0100098 0.00447083 0.0022583 
1.4751 0.266388 0.11586 0.055542 0.0285034 0.0140381 0.00753784 0.00276184 0.00141907 
1.5401 0.238373 0.104294 0.0496979 0.0245667 0.0121307 0.00610352 0.00296021 0.00169373 
1.58629 0.249161 0.108704 0.0526733 0.0264282 0.0128479 0.00717163 0.00389099 0.00205994 
1.65767 0.255554 0.118408 0.0604858 0.0294189 0.0140228 0.00700378 0.0032196 0.00180054 
1.51576 0.185898 0.08461 0.0429688 0.0205078 0.0118408 0.00523376 0.00167847 0.00115967 
1.78058 0.306946 0.14769 0.0691681 0.0320282 0.0146179 0.00679016 0.00262451 0.00126648 
1.70581 0.260864 0.121353 0.0517883 0.0245056 0.00959778 0.00514221 0.00288391 0.00177002 
1.66716 0.273056 0.126602 0.0599823 0.0272522 0.0124359 0.00668335 0.00212097 0.001297 0.000808716 
1.5343 0.211349 0.0955963 0.0427551 0.0210876 0.00761414 0.00511169 0.00434875 0.00221252 -0.00128174 
1.76068 0.35202 0.170853 0.0920868 0.0461578 0.0225983 0.0111237 0.00537109 0.00154114 
1.66577 0.235291 0.125702 0.0582428 0.0259705 0.0116882 0.00701904 0.0037384 -0.000671387 
1.76535 0.325989 0.137329 0.0566711 0.0230713 0.0100098 0.00402832 0.00297546 
1.68817 0.248993 0.100769 0.0418091 0.0187531 0.009552 0.00282288 0.00140381 
1.81973 0.302017 0.129425 0.0643158 0.0323792 0.0167084 0.00772095 0.00405884 0.00218201 0.00088501 
1.66248 0.196518 0.0965118 0.0489044 0.0195312 0.0138702 0.00209045 0.00134277 0.000961304 
1.64471 0.224808 0.106796 0.0533752 0.0241547 0.0118561 0.0043335 0.00291443 0.00204468 
1.56927 0.201263 0.0999451 0.0505676 0.0238037 0.00927734 0.00601196 0.00341797 0.000213623 
1.29895 0.119873 0.0498962 0.0212402 0.0100708 0.00430298 0.00161743 0.000640869 
1.34143 0.251709 0.112549 0.0469055 0.0195618 0.00894165 0.00344849 0.00146484 
1.20087 0.139343 0.0687256 0.0354614 0.0191956 0.00891113 0.00531006 0.00366211 0.00219727 
1.22287 0.206635 0.093811 0.0412903 0.0189819 0.00732422 0.00369263 0.00231934 0.000549316 
1.23694 0.172729 0.0846558 0.0414124 0.02005 0.010498 0.00424194 0.00256348 0.00088501 
1.27274 0.205688 0.0835876 0.0342407 0.0133972 0.0102234 0.00344849 0 
1.125 0.151306 0.0802307 0.0401611 0.0192261 0.00930786 0.00463867 0.00134277 0.000640869 
0.934723 0.0960999 0.0440369 0.0204163 0.00845337 0.00424194 0.00177002 0.000793457 
1.01935 0.181396 0.0737305 0.0312805 0.0126648 0.0055542 0.00192261 0.000915527 
0.888489 0.0959473 0.0436401 0.0194092 0.0085144 0.00289917 0.00231934 0.000732422 
0.838593 0.105042 0.0432129 0.0184631 0.00891113 0.00415039 0.00177002 0.000671387 
0.774811 0.103821 0.0456543 0.0196838 0.009552 0.00418091 0.00216675 0.000946045 
0.643616 0.059845 0.0260315 0.0115662 0.0038147 0.00143433 0.000396729 
0.510895 0.0425415 0.0240479 0.0107117 0.00598145 0.00332642 0.00170898 0.000701904 
0.440033 0.0411682 0.017334 0.00769043 0.00314331 0.00119019 
0.327423 0.0164185 0.00878906 0.00421143 0.00222778 0.00125122 
0.291046 0.0317078 0.0142212 0.0062561 0.00289917 0.0015564 
0.151398 -0.0203552 -0.00912476 -0.00283813 -0.00198364 
0.0585327 -0.0196838 -0.00802612 -0.00375366 -0.00152588 -0.000610352 
0.0196228 -0.0148315 -0.00640869 -0.00350952 -0.00149536 -0.000671387 
-0.0325012 -0.0233459 -0.010376 -0.00497437 -0.00201416 -0.000854492 
-0.0191956 -0.0017395 -0.00125122 -0.000793457 -3.05176e-05 
-0.0232849 -0.00790405 -0.00418091 -0.00143433 -0.000671387 
-0.152924 -0.0666199 -0.0341187 -0.0167542 -0.00848389 -0.00488281 -0.00228882 -0.00140381 
-0.253601 -0.0682983 -0.030426 -0.0139771 -0.00668335 -0.00335693 -0.00131226 
-0.29306 -0.0581055 -0.0240479 -0.0108948 -0.00585938 -0.00256348 -0.0012207 
-0.363098 -0.0896912 -0.0412903 -0.0177307 -0.00747681 -0.0038147 -0.00186157 
-0.435822 -0.0931091 -0.0442505 -0.0220642 -0.0115356 -0.00552368 -0.00253296 -0.00115967 
-0.742737 -0.176819 -0.0780945 -0.0379028 -0.0192871 -0.00946045 -0.00488281 -0.00274658 -0.00137329 
-0.911926 -0.20874 -0.106506 -0.0513611 -0.024353 -0.0112915 -0.00546265 -0.00302124 -0.0015564 
-1.00604 -0.199097 -0.0856018 -0.0367737 -0.0166931 -0.00726318 -0.00323486 -0.00177002 -0.000518799 
-1.21646 -0.217255 -0.1073 -0.0493774 -0.0229492 -0.0101318 -0.00463867 -0.00167847 -0.000457764 
-1.30508 -0.209991 -0.0899963 -0.0435486 -0.0213928 -0.00952148 -0.0057373 -0.00350952 -0.0017395 
-1.36191 -0.245422 -0.100555 -0.0434875 -0.0187073 -0.00820923 -0.00372314 -0.00158691 
-1.4064 -0.257782 -0.108856 -0.046936 -0.0198669 -0.00933838 -0.00396729 -0.00161743 -0.00112915 
-1.23813 -0.160309 -0.0842285 -0.0423584 -0.0213013 -0.00997925 -0.00540161 -0.00274658 -0.00164795 
-1.54526 -0.322998 -0.161896 -0.077179 -0.0353699 -0.0154114 -0.00689697 -0.00326538 -0.00140381 
-1.57968 -0.256897 -0.125763 -0.0570984 -0.024292 -0.0118408 -0.00436401 -0.00216675 -0.00112915 
-1.63345 -0.291443 -0.128357 -0.0550079 -0.0238953 -0.0102692 -0.00506592 -0.00164795 -0.000640869 
-1.66553 -0.275421 -0.112579 -0.0478363 -0.0212402 -0.00817871 -0.00485229 -0.00244141 -0.000991821 -0.000488281 
-1.75157 -0.285004 -0.119675 -0.0552979 -0.0281219 -0.0146332 -0.0068512 -0.00415039 -0.0022583 
-1.90366 -0.285385 -0.13829 -0.0637207 -0.0278625 -0.0120392 -0.0052948 -0.00241089 -0.000900269 
-1.53616 -0.153275 -0.0777283 -0.0366516 -0.0161438 -0.00743103 -0.0038147 
-1.67735 -0.263382 -0.128525 -0.0569153 -0.0258331 -0.0110779 -0.00424194 -0.00239563 -0.000610352 
-1.89595 -0.331757 -0.141769 -0.0634766 -0.0300751 -0.0146942 -0.00796509 -0.00439453 -0.00216675 -0.00119019 
-1.75189 -0.242905 -0.116501 -0.0610352 -0.0312347 -0.0163574 -0.00830078 -0.00393677 -0.00234985 
-1.78473 -0.299942 -0.146912 -0.0672455 -0.0297852 -0.0133209 -0.00628662 -0.00297546 -0.0017395 
-1.95096 -0.322891 -0.132767 -0.0617065 -0.0314941 -0.0170441 -0.00791931 -0.00492859 -0.00242615 
-1.78217 -0.206802 -0.103424 -0.048645 -0.025116 -0.00970459 -0.0067749 -0.00273132 -9.15527e-05 
-1.79362 -0.257507 -0.121536 -0.0522003 -0.022644 -0.00920105 -0.00372314 -0.00175476 -0.000854492 
-1.62445 -0.215515 -0.098526 -0.04216 -0.0188141 -0.00682068 -0.00375366 -0.00230408 -0.000442505 
-1.50482 -0.197525 -0.0970764 -0.0446777 -0.0189819 -0.00837708 -0.00483704 -0.000366211 
-1.56335 -0.227066 -0.111267 -0.0503082 -0.0219116 -0.00984192 -0.00401306 -0.000686646 -0.00038147 
-1.57301 -0.226898 -0.111237 -0.0485382 -0.0209503 -0.00880432 -0.00430298 
-1.53618 -0.212418 -0.106018 -0.0481873 -0.0233002 -0.00837708 -0.00505066 -0.00306702 
-1.41879 -0.177307 -0.0807495 -0.0421295 -0.0219574 -0.0106659 -0.00595093 -0.00276184 
-1.4855 -0.23851 -0.104782 -0.0510101 -0.0256805 -0.0126953 -0.00706482 -0.00340271 -0.00230408 
-1.25705 -0.148041 -0.0683441 -0.030426 -0.0137939 -0.0062561 -0.00285339 -0.00146484 -0.000915527 
-1.18242 -0.156219 -0.0715332 -0.0340424 -0.0193329 -0.0111542 -0.00538635 -0.00289917 -0.00160217 
-1.12769 -0.163818 -0.0730286 -0.030365 -0.0121155 -0.0068512 -0.00238037 -0.000762939 
-1.21001 -0.194153 -0.088623 -0.0428009 -0.0218353 -0.0115662 -0.00648499 -0.00247192 
-1.1407 -0.179504 -0.0869598 -0.0393524 -0.019577 -0.00808716 -0.00485229 -0.00311279 -0.00212097 
-1.03496 -0.118332 -0.0506592 -0.0215912 -0.00953674 -0.00389099 -0.00140381 -0.000579834 
-0.884125 -0.0966492 -0.0435791 -0.0209503 -0.00970459 -0.00466919 -0.00245667 -0.0015564 
-0.78804 -0.0847778 -0.0361328 -0.0140991 -0.00691223 -0.00299072 -0.00143433 
-0.62999 -0.0572052 -0.0273438 -0.0136414 -0.00569153 -0.00297546 -0.00143433 -0.000732422 
-0.567825 -0.0710907 -0.0354309 -0.0169678 -0.00743103 -0.00404358 -0.00186157 -0.000900269 
-0.44194 -0.0242462 -0.0106964 -0.00387573 -0.00146484 -0.000518799 
-0.384766 -0.0511322 -0.0271301 -0.0146484 -0.00712585 -0.0032959 -0.00190735 
-0.281982 -0.00491333 -0.00178528 -0.00120544 -0.00125122 -0.000793457 
-0.177261 0.00326538 0.00163269 0.000335693 0.000274658 
-0.0945435 0.0153351 0.00697327 0.00341797 0.00202942 
-0.0713654 3.05176e-05 0.000213623 0.00012207 -3.05176e-05 -0.000564575 
-0.0404358 0.00587463 0.00279236 0.00144958 0.000869751 
0.0106659 0.0186005 0.00952148 0.00296021 0.00100708 
-0.0745239 -0.0346832 -0.0172119 -0.00804138 -0.00396729 -0.00227356 -0.000961304 
-0.443848 -0.181763 -0.0772095 -0.0321198 -0.0137329 -0.00628662 -0.00288391 -0.00120544 
0.223907 0.206284 0.0906525 0.0436249 0.0213623 0.0104523 0.00498962 0.00239563 0.0014801 
0.494736 0.158066 0.0750732 0.0365295 0.0173645 0.00872803 0.00421143 0.00230408 0.0012207 
0.714294 0.178085 0.0730591 0.0310059 0.0132904 0.00567627 0.00286865 0.00131226 
0.670853 0.120102 0.056839 0.0272522 0.013092 0.00624084 0.00370789 0.00163269 0.000686646 
0.892288 0.186523 0.0783386 0.0355988 0.0169525 0.00808716 0.00396729 0.00175476 
0.94342 0.18782 0.100189 0.0499878 0.0240021 0.0107422 0.00471497 0.0015564 
1.03178 0.205322 0.0949402 0.0431366 0.0209656 0.0091095 0.00468445 0.00219727 0.000701904 
1.08005 0.162903 0.0731964 0.0358734 0.0180054 0.00895691 0.00450134 0.00158691 
1.25554 0.264343 0.107193 0.0442352 0.0194244 0.0085144 0.00454712 0.00170898 0.000671387 
1.17433 0.186691 0.0979004 0.0449371 0.0201569 0.00942993 0.00340271 0.00151062 0.00115967 
1.30565 0.259003 0.129013 0.0697784 0.0387726 0.0202332 0.0108948 0.00492859 0.00224304 0.00117493 
1.40678 0.258255 0.126419 0.0669098 0.0368805 0.0196228 0.0113831 0.00639343 0.00401306 0.00250244 
1.39371 0.223129 0.10585 0.0519714 0.0274048 0.013855 0.00688171 0.00408936 0.00161743 
1.40848 0.237885 0.109818 0.0509644 0.0246887 0.0114899 0.00621033 0.00215149 0.00109863 
1.59023 0.311676 0.146103 0.0735931 0.0377045 0.0196228 0.0101318 0.00540161 0.00263977 0.00144958 
1.6678 0.302521 0.15509 0.0839081 0.0407257 0.0190735 0.00840759 0.00473022 0.00239563 0.00144958 
1.5632 0.221771 0.118607 0.0598145 0.0285034 0.0130157 0.00588989 0.00254822 0.00114441 
1.61528 0.278976 0.144638 0.063858 0.0270691 0.0124664 0.00505066 0.00259399 0.00161743 
1.79623 0.336792 0.136261 0.05867 0.0239258 0.00970459 0.00558472 0.00297546 
1.71437 0.244293 0.0986633 0.0435181 0.0218964 0.0096283 0.00578308 0.00161743 0.00108337 
1.70891 0.245575 0.106522 0.0519714 0.0253906 0.0131683 0.00646973 0.00267029 0.001297 
1.7316 0.247849 0.117844 0.0594025 0.0270386 0.0124359 0.00558472 0.00344849 0.00169373 
1.82681 0.305161 0.139572 0.0617828 0.0277252 0.0124664 0.00569153 0.00219727 0.000732422 
1.82584 0.315018 0.148453 0.074707 0.0433807 0.0205383 0.013382 0.00350952 0.00250244 0.00152588 
1.7317 0.249832 0.132034 0.0615082 0.0280609 0.0123901 0.00608826 0.00267029 0.00154114 
1.76001 0.301895 0.130737 0.0538483 0.0235596 0.00895691 0.00566101 0.00227356 
1.67726 0.249832 0.103439 0.041275 0.016861 0.0103607 0.00210571 0.000778198 
1.77026 0.290375 0.117798 0.0553894 0.0256653 0.0127716 0.00694275 0.00205994 0.000610352 
1.80424 0.260284 0.12677 0.0612946 0.0293427 0.0130157 0.00535583 0.0022583 0.000915527 
1.69923 0.236908 0.114838 0.0528564 0.021637 0.0112 0.00256348 0.00170898 0.00100708 
1.45041 0.152649 0.0749512 0.0373535 0.0184021 0.00970459 0.00543213 0.00198364 
1.57574 0.236755 0.109802 0.0538635 0.0263367 0.0126953 0.00561523 0.00238037 0.00158691 
1.46945 0.17038 0.0759583 0.0350952 0.0158386 0.011322 0.00292969 0.000549316 -0.000213623 
1.38608 0.209717 0.0812378 0.0381775 0.0139771 0.00738525 0.00299072 0.00186157 
1.33997 0.223663 0.100494 0.0438232 0.0203857 0.00765991 0.00338745 0.00125122 
1.11899 0.108337 0.0489502 0.0236206 0.0112 0.0062561 0.00378418 0.0020752 
1.13541 0.170624 0.0860596 0.0400696 0.0189819 0.00939941 0.00354004 0.00134277 
1.11334 0.158783 0.0643921 0.0260925 0.0118408 0.00537109 0.00195312 0.00140381 0.000274658 
0.948944 0.109283 0.0516357 0.0249939 0.0116577 0.00585938 0.00311279 0.00119019 
0.846588 0.0883484 0.0371704 0.0157166 0.00738525 0.00289917 0.0015564 0.000854492 
0.749146 0.0882263 0.0405884 0.0158691 0.0114441 0.0032959 0.00128174 
0.644867 0.0657654 0.0281372 0.0126038 0.00524902 0.00198364 0.00119019 
0.496429 0.0350952 0.0167236 0.00952148 0.00424194 0.00161743 0.000640869 0.000366211 
0.456146 0.0513 0.0263367 0.0109863 0.00180054 0.00115967 0.000640869 
0.349579 0.0230103 0.0105591 0.00805664 0.00299072 0.00189209 
0.280975 0.0192261 0.0090332 0.00418091 0.0020752 0.000854492 
0.144592 -0.0197144 -0.00854492 -0.00314331 -0.00100708 
0.0430603 -0.0239868 -0.00872803 -0.00421143 -0.00228882 -0.00125122 -0.00088501 
0.014679 -0.0125732 -0.00524902 -0.00216675 -0.00109863 
-0.0168457 -0.0161743 -0.00616455 -0.00256348 -0.00134277 
-0.0150757 -0.00601196 -0.00158691 -0.000457764 -0.000793457 
-0.0560303 -0.0247803 -0.0112305 -0.00424194 -0.0022583 -0.00131226 
-0.171295 -0.0681763 -0.034729 -0.0180054 -0.00930786 -0.00515747 -0.0027771 -0.00143433 
-0.222687 -0.048645 -0.0217896 -0.00964355 -0.00524902 -0.00247192 -0.000793457 
-0.234497 -0.0425415 -0.0183716 -0.00888062 -0.00335693 -0.000854492 
-0.389618 -0.117432 -0.054718 -0.0257263 -0.010437 -0.00552368 -0.00149536 
-0.465698 -0.0987854 -0.0478821 -0.0242615 -0.0125732 -0.0057373 -0.00335693 -0.00170898 -0.000915527 
-0.732513 -0.171417 -0.0768433 -0.0389099 -0.0195618 -0.00964355 -0.0050354 -0.00238037 -0.0012207 
-0.891663 -0.203583 -0.102478 -0.0506897 -0.0236206 -0.0104065 -0.00460815 -0.00216675 
-1.05179 -0.224274 -0.0983276 -0.042572 -0.0189514 -0.00918579 -0.00418091 -0.0015564 -0.00100708 
-1.13205 -0.18512 -0.0897522 -0.0430603 -0.0203552 -0.00942993 -0.00390625 -0.0017395 -0.000671387 
-1.13797 -0.186096 -0.0750427 -0.0317993 -0.0139465 -0.00524902 -0.00201416 -0.00112915 
-1.25818 -0.250671 -0.11972 -0.0545044 -0.0239868 -0.0106201 -0.00442505 -0.00198364 0 
-1.44748 -0.276367 -0.138062 -0.06427 -0.0290833 -0.0129395 -0.00604248 -0.00323486 -0.00143433 
-1.36252 -0.192902 -0.0960999 -0.0487366 -0.025116 -0.0133057 -0.00595093 -0.00250244 
-1.61157 -0.31546 -0.15506 -0.0769348 -0.0337524 -0.0145874 -0.00875854 -0.000549316 0.000457764 
-1.56143 -0.235321 -0.116241 -0.0531616 -0.0239563 -0.0111389 -0.00494385 -0.00241089 -0.00146484 
-1.70795 -0.319305 -0.137985 -0.0572205 -0.0235291 -0.0101776 -0.0040741 -0.00183105 -0.00154114 
-1.61571 -0.241058 -0.101227 -0.0436859 -0.0192108 -0.00918579 -0.00366211 -0.00175476 -0.000473022 
-1.72476 -0.291733 -0.118317 -0.0516968 -0.0253906 -0.0113983 -0.00550842 -0.00205994 -0.00102234 
-1.7411 -0.244827 -0.108856 -0.0549927 -0.0274506 -0.0141754 -0.00747681 -0.0040741 -0.00177002 
-1.614 -0.197983 -0.0907898 -0.0473175 -0.0227051 -0.0125275 -0.00498962 -0.00268555 
-1.58286 -0.209534 -0.0936584 -0.0457306 -0.0240936 -0.0128021 -0.00700378 -0.00366211 
-1.6783 -0.247726 -0.117233 -0.0592651 -0.0280762 -0.0124664 -0.00614929 -0.00238037 -0.000869751 
-1.87802 -0.317566 -0.142899 -0.0633392 -0.0275574 -0.0125122 -0.00523376 -0.000976562 -0.000595093 
-1.83363 -0.282791 -0.12764 -0.0596313 -0.0349274 -0.017746 -0.0131226 -0.0037384 -0.0012207 
-1.76949 -0.2547 -0.128418 -0.062851 -0.0293427 -0.01297 -0.00595093 -0.00346375 -0.00158691 -0.00106812 
-1.66745 -0.239258 -0.116776 -0.0546265 -0.0228119 -0.0107422 -0.00497437 -0.00236511 -0.00138855 
-1.76604 -0.304443 -0.126343 -0.0540771 -0.0268402 -0.0135803 -0.00421143 -0.00231934 -0.000320435 
-1.77954 -0.26207 -0.111938 -0.0496216 -0.0262756 -0.0140991 -0.00701904 -0.00299072 -0.00161743 
-1.59341 -0.192429 -0.0854797 -0.0396423 -0.0207977 -0.00906372 -0.00550842 -0.00338745 -0.00134277 
-1.52228 -0.215729 -0.0918121 -0.0419159 -0.0194244 -0.00901794 -0.00518799 -0.00262451 -0.00125122 
-1.58679 -0.264404 -0.113388 -0.0531006 -0.0265198 -0.0140533 -0.00604248 -0.00390625 -0.00213623 
-1.37332 -0.164261 -0.0731201 -0.030838 -0.0133514 -0.00802612 -0.00111389 -0.000549316 
-1.53899 -0.300034 -0.134903 -0.0597076 -0.0278015 -0.0126495 -0.00566101 -0.00395203 -0.00111389 
-1.46271 -0.217163 -0.102493 -0.0462799 -0.0219269 -0.00872803 -0.00476074 -0.0027771 -0.00123596 
-1.21371 -0.115585 -0.0535126 -0.0259552 -0.0137024 -0.00650024 -0.00390625 -0.00210571 
-1.26178 -0.215668 -0.0916901 -0.0402222 -0.0153503 -0.00570679 -0.00320435 -0.0014801 -0.000930786 
-1.24345 -0.174561 -0.0863495 -0.0418396 -0.0194092 -0.00961304 -0.00390625 -0.00175476 -0.000701904 
-1.06293 -0.128693 -0.0586548 -0.0262756 -0.0120392 -0.00576782 -0.00259399 -0.00109863 -0.00038147 
-1.23035 -0.229324 -0.10791 -0.0588837 -0.0331116 -0.0175781 -0.00802612 -0.00500488 -0.00273132 
-0.961197 -0.0706329 -0.0326691 -0.0149536 -0.00653076 -0.0027771 -0.00128174 
-0.880035 -0.13913 -0.0691376 -0.0324402 -0.0154877 -0.00761414 -0.00331116 -0.00190735 -0.00106812 
-0.793732 -0.086792 -0.0379639 -0.0172119 -0.00669861 -0.00361633 -0.0018158 
-0.665298 -0.0779114 -0.0411072 -0.0220795 -0.0115509 -0.00585938 -0.00343323 -0.00218201 
-0.605591 -0.0687103 -0.0333862 -0.0171814 -0.00889587 -0.00463867 -0.00245667 -0.0012207 
-0.458008 -0.0216064 -0.00830078 -0.00323486 -0.0014801 -0.000869751 
-0.404068 -0.045578 -0.0209656 -0.0106506 -0.00523376 -0.00236511 -0.000991821 
-0.331055 -0.0275116 -0.0124512 -0.00663757 -0.00289917 -0.00105286 
-0.25 -0.0134125 -0.00596619 -0.00306702 -0.0012207 
-0.127579 0.02005 0.0098877 0.00517273 0.00154114 0.000793457 
-0.0520172 0.0180664 0.00791931 0.00317383 0.0012207 0.00038147 
-0.0297852 0.00848389 0.00410461 0.00132751 0.000808716 
-0.0170288 0.00524902 0.00198364 0.00109863 
-0.00328064 0.00636292 0.00265503 0.000976562 0.00038147 0.000244141 
-0.289352 -0.134613 -0.0649719 -0.0301361 -0.0133362 -0.00668335 -0.00279236 -0.00134277 
-0.15184 0.0179291 0.0072937 0.00344849 0.00132751 0.000320435 0.000106812 
0.398834 0.213608 0.104889 0.0484009 0.0222015 0.0106812 0.00439453 0.00183105 0.00117493 
0.59613 0.178085 0.0832825 0.0367279 0.0151215 0.00679016 0.00282288 0.00163269 
0.660446 0.142731 0.0714722 0.0351562 0.0170593 0.00743103 0.00369263 0.00180054 0.0012207 
0.871567 0.224609 0.0932159 0.0381622 0.0150604 0.00679016 0.00340271 0.000900269 
0.956116 0.192429 0.0917664 0.0459442 0.0237885 0.0120239 0.00602722 0.00309753 0.0017395 
1.03996 0.184708 0.0943909 0.0461578 0.0209503 0.0103302 0.00460815 0.00198364 0.00117493 
1.09705 0.190475 0.0788879 0.0324249 0.0148621 0.00671387 0.00216675 0.00134277 
1.11952 0.208145 0.112305 0.0553589 0.0257111 0.0117645 0.00450134 0.00259399 0.00169373 
1.16975 0.206879 0.0967865 0.0470123 0.0230408 0.0113678 0.00593567 0.0030365 0.00158691 0.000900269 
1.3369 0.271454 0.12944 0.0602417 0.0279083 0.014679 0.0059967 0.003479 0.00216675 
1.4632 0.269806 0.126968 0.0592957 0.0265808 0.0124359 0.00608826 0.00296021 0.00114441 
1.41577 0.222824 0.109329 0.0504456 0.0236969 0.0111694 0.0045929 0.00248718 0.00157166 
1.57637 0.28981 0.139755 0.0648499 0.0299835 0.0138245 0.006073 0.00309753 0.00146484 0.000732422 
1.48682 0.219315 0.106049 0.0491638 0.0227356 0.0106812 0.00521851 0.00292969 0.00169373 
1.60039 0.286453 0.137726 0.0628662 0.028595 0.0131836 0.00770569 0.00521851 0.00254822 0.000244141 
1.7028 0.311218 0.146896 0.0716858 0.0387421 0.0214233 0.0107117 0.00596619 0.00309753 0.00141907 
1.62689 0.23967 0.116745 0.061264 0.0335388 0.0180054 0.00862122 0.00439453 0.00215149 
1.61139 0.26001 0.13475 0.0711212 0.0361786 0.0164337 0.00613403 0.00309753 0.00216675 
1.77986 0.343765 0.157089 0.065506 0.0283203 0.0116272 0.00634766 0.00326538 
1.70309 0.25267 0.102158 0.0440369 0.0187988 0.00993347 0.00294495 -0.000274658 
1.68265 0.260056 0.102417 0.046524 0.0192719 0.00985718 0.00526428 0.00111389 
1.7097 0.25148 0.105301 0.0482788 0.0245056 0.0131378 0.00456238 0.00254822 0.00152588 
1.82582 0.284424 0.138641 0.06604 0.0298767 0.0137177 0.00483704 0.000701904 0.00038147 
1.79858 0.291687 0.132797 0.0621338 0.0279388 0.012558 0.00784302 0.00527954 -4.57764e-05 
1.77219 0.290482 0.136673 0.0690765 0.038269 0.021637 0.0104218 0.00619507 0.000976562 0.000488281 
1.51682 0.159439 0.0753326 0.0391998 0.0188293 0.00990295 0.00344849 0.00166321 0.00123596 
1.64806 0.312866 0.152634 0.0813599 0.0434418 0.0204468 0.0105743 0.00527954 -0.000335693 0.00138855 
1.60963 0.227753 0.118301 0.0590973 0.0282898 0.0125427 0.00325012 0.00166321 0.000991821 
1.67322 0.299591 0.148972 0.0635681 0.0271149 0.0116882 0.00608826 0.00239563 0.0012207 
1.46317 0.177734 0.0909729 0.0431213 0.0196838 0.00842285 0.0043335 0.00152588 0.000732422 
1.47034 0.235596 0.121216 0.0614014 0.0295715 0.0135803 0.00592041 0.00192261 0.00125122 0.000335693 
1.3869 0.180725 0.0852356 0.0420532 0.0258179 0.0109558 0.00213623 0.000946045 0.000305176 0.000732422 
1.36578 0.225494 0.0983887 0.04599 0.0197754 0.0105591 0.00445557 0.00198364 0.00167847 
1.16568 0.113983 0.0557861 0.0279846 0.0161133 0.0043335 0.00289917 0.00198364 
1.27109 0.225891 0.0913391 0.0371704 0.0172424 0.00671387 0.00323486 0.00140381 
1.04337 0.104736 0.0534363 0.0285034 0.0159302 0.00845337 0.00485229 0.00241089 0.00131226 
1.02795 0.158356 0.0755615 0.033844 0.0152588 0.00808716 0.00234985 0.000335693 
1.06476 0.16449 0.0658264 0.0283203 0.0124817 0.00491333 0.00250244 
0.90271 0.101074 0.0463562 0.022644 0.0111694 0.00512695 0.00286865 0.0017395 
0.812592 0.0924377 0.0394592 0.0171204 0.00808716 0.00280762 0.000946045 
0.7099 0.0810242 0.0344849 0.0155334 0.00653076 0.00344849 0.00216675 
0.63443 0.0782471 0.0352783 0.0150146 0.0067749 0.00357056 0.00115967 0.000579834 
0.556732 0.0649109 0.0325317 0.0168762 0.00750732 0.00405884 0.00241089 
0.582367 0.0977478 0.0456543 0.0236206 0.0115051 0.00476074 0.00262451 
0.378571 -0.00494385 -0.00271606 -0.00143433 -0.000854492 -0.000488281 
0.18808 -0.0238953 -0.011261 -0.0038147 -0.00210571 -0.0012207 
0.0957031 -0.0203857 -0.00842285 -0.00326538 -0.00152588 -0.000579834 
0.0150757 -0.0274353 -0.0119629 -0.00445557 -0.000823975 
-0.000244141 -0.00994873 -0.00558472 -0.00244141 -0.00125122 -0.000305176 
-0.0168762 -0.0112 -0.00469971 -0.00170898 -0.000640869 
-0.00189209 0.00149536 0.000274658 9.15527e-05 
-0.0990906 -0.0443115 -0.0210266 -0.0108948 -0.0050354 -0.00256348 -0.00131226 -0.000183105 
-0.22876 -0.0828552 -0.039917 -0.0198059 -0.00906372 -0.00436401 -0.00204468 -0.000946045 
-0.233673 -0.0354614 -0.0160522 -0.0071106 -0.00161743 -0.000946045 
-0.336517 -0.0878906 -0.0450745 -0.0217896 -0.0104065 -0.00509644 -0.00259399 -0.000610352 
-0.380768 -0.0718079 -0.0316162 -0.0140076 -0.00588989 -0.00253296 -0.00137329 -0.0010376 
-0.569336 -0.168121 -0.078064 -0.0351868 -0.016449 -0.00823975 -0.00326538 -0.00140381 -0.000488281 
-0.75061 -0.176178 -0.080719 -0.0357971 -0.0158691 -0.00598145 -0.00274658 -0.00115967 -0.000213623 
-0.914001 -0.187958 -0.0762024 -0.0333557 -0.013916 -0.00692749 -0.00201416 -0.000915527 
-1.13373 -0.252319 -0.126678 -0.0597229 -0.0263977 -0.0116577 -0.00588989 -0.00180054 -0.000854492 
-1.18411 -0.204285 -0.0921631 -0.0428162 -0.0210266 -0.00967407 -0.00476074 -0.00283813 -0.00112915 
-1.18967 -0.19928 -0.0932922 -0.0414429 -0.018219 -0.00753784 -0.00332642 -0.00119019 
-1.22995 -0.177887 -0.0782471 -0.0401306 -0.0202332 -0.0102234 -0.00430298 -0.00213623 -0.00131226 
-1.59119 -0.312256 -0.135864 -0.0681763 -0.0332031 -0.0164795 -0.00811768 -0.00363159 -0.00106812 
-1.34912 -0.141113 -0.0586853 -0.0259705 -0.0121155 -0.00558472 -0.0017395 -0.000915527 
-1.62839 -0.327332 -0.129944 -0.0596313 -0.0292358 -0.0157471 -0.00784302 -0.00430298 -0.00183105 -0.00119019 
-1.51974 -0.192535 -0.0785522 -0.0353394 -0.016571 -0.00756836 -0.003479 -0.0017395 -0.000732422 
-1.56064 -0.266113 -0.109177 -0.0468903 -0.0230713 -0.0108185 -0.00564575 -0.00289917 -0.00111389 
-1.77673 -0.289108 -0.127808 -0.0659485 -0.030838 -0.0147095 -0.00335693 -0.00161743 -0.00128174 
-1.64723 -0.207138 -0.104141 -0.0494995 -0.0233765 -0.0108643 -0.00511169 -0.0027771 
-1.67665 -0.244064 -0.119919 -0.0549927 -0.0240173 -0.0104675 -0.00491333 -0.00163269 -0.000778198 
-1.84184 -0.316299 -0.140167 -0.0626068 -0.0288086 -0.0127716 -0.00643921 -0.00276184 -0.00125122 -0.000747681 
-1.87057 -0.309479 -0.153046 -0.0750732 -0.0378265 -0.0153656 -0.00860596 -0.00518799 -0.000183105 
-1.88551 -0.308807 -0.12973 -0.0582581 -0.0223389 -0.0119171 -0.00408936 -0.00257874 -0.00163269 -0.0010376 
-1.89705 -0.280045 -0.123032 -0.0623779 -0.0318298 -0.0158234 -0.00730896 -0.00349426 -0.00193787 
-1.83273 -0.239334 -0.117645 -0.0528107 -0.0240326 -0.0114136 -0.00314331 -0.00160217 -0.000640869 
-1.81061 -0.274216 -0.119629 -0.0524292 -0.0220337 -0.00852966 -0.00476074 -0.00291443 -0.000717163 
-1.72102 -0.256973 -0.107391 -0.050705 -0.0228882 -0.013382 -0.00422668 -0.00256348 -0.0015564 -0.001297 
-1.82347 -0.316757 -0.153412 -0.0821533 -0.0397186 -0.0200348 -0.0106659 -0.00300598 -0.00112915 0.000457764 
-1.59351 -0.179276 -0.0955505 -0.0483246 -0.021698 -0.0106964 -0.004776 -0.0032959 -0.00172424 
-1.63913 -0.262878 -0.132553 -0.0626526 -0.0294495 -0.013855 -0.0050354 -0.00302124 -0.000900269 
-1.63092 -0.255264 -0.123535 -0.0574188 -0.0259247 -0.0104523 -0.00631714 -0.0025177 -0.000106812 -0.000778198 
-1.51328 -0.214981 -0.105896 -0.0487823 -0.0222778 -0.00956726 -0.00466919 -0.00234985 -0.00100708 
-1.45197 -0.200714 -0.107971 -0.0550079 -0.0269165 -0.0132141 -0.00556946 -0.00257874 -0.00167847 -0.00088501 
-1.51334 -0.235947 -0.121185 -0.0618439 -0.0308075 -0.0146332 -0.00672913 -0.00279236 -0.00137329 
-1.48352 -0.214142 -0.10817 -0.0579681 -0.0291901 -0.0146027 -0.00785828 -0.00430298 -0.000900269 
-1.27043 -0.131058 -0.0559845 -0.024231 -0.0112762 -0.00465393 -0.00183105 -0.000762939 -0.000534058 
-1.11604 -0.129562 -0.0644531 -0.0326385 -0.0155334 -0.00701904 -0.00390625 -0.00210571 
-1.1134 -0.184082 -0.085556 -0.0387878 -0.0179749 -0.00817871 -0.00364685 -0.00186157 -0.00120544 
-1.18883 -0.187912 -0.0906525 -0.0497894 -0.0272369 -0.0141449 -0.00714111 -0.00352478 -0.00164795 
-1.02736 -0.120331 -0.053421 -0.0229797 -0.0092926 -0.00468445 -0.00198364 -0.000747681 
-0.76796 -0.0554047 -0.0285034 -0.014267 -0.00717163 -0.00379944 -0.00178528 -0.000747681 
-0.793182 -0.130585 -0.0631104 -0.0288086 -0.0138702 -0.00515747 -0.00276184 
-0.633621 -0.0451965 -0.0232239 -0.0136871 -0.0075531 -0.00376892 -0.00262451 
-0.611481 -0.0858459 -0.0390625 -0.0184479 -0.00839233 -0.00343323 -0.00218201 -0.00164795 
-0.557083 -0.0636597 -0.0262146 -0.0104675 -0.00537109 -0.00219727 
-0.391769 -0.0160065 -0.0071106 -0.0037384 -0.0020752 -0.000473022 
-0.338837 -0.0384827 -0.0196228 -0.00900269 -0.00454712 -0.00169373 -0.0012207 
-0.255753 -0.0104675 -0.00492859 -0.00202942 -0.000930786 -0.000579834 
-0.145584 0.0129395 0.0055542 0.00259399 0.00146484 
-0.0519104 0.0241241 0.0106201 0.0057373 0.00299072 0.00131226 
-0.0427246 0.00115967 0.000564575 0.00062561 0.000167847 
-0.0110931 0.0121765 0.00335693 0.00216675 0.00143433 
0.0017395 0.00648499 0.00369263 0.00187683 0.000686646 
-0.504532 -0.226379 -0.0960541 -0.0401764 -0.0166779 -0.00779724 -0.00335693 -0.00123596 -0.000869751 
0.158508 0.193741 0.0825195 0.0371704 0.0172577 0.00805664 0.00372314 0.00216675 0.000793457 
0.537491 0.197479 0.0918579 0.0444641 0.0218811 0.0106354 0.00576782 0.00239563 0.00154114 
0.721832 0.169846 0.0712128 0.0312042 0.0141754 0.00650024 0.00315857 
0.821457 0.187134 0.0919342 0.0479889 0.0245361 0.0132751 0.00718689 0.00358582 0.0018158 
0.852432 0.143402 0.0713501 0.036911 0.0179291 0.00894165 0.00416565 0.00215149 
0.909668 0.188034 0.085556 0.0373688 0.0159607 0.00691223 0.00305176 0.001297 0.000427246 
1.07054 0.2258 0.107559 0.0538483 0.0281067 0.0143433 0.00799561 0.00424194 0.00209045 0.00128174 
1.16023 0.21402 0.103561 0.0487518 0.0230255 0.00933838 0.00444031 0.00218201 0.00125122 
1.17732 0.177277 0.0784607 0.0389404 0.0183411 0.00871277 0.00431824 0.00241089 0.000915527 
1.24936 0.241867 0.101456 0.0417175 0.0188904 0.00740051 0.00370789 0.00170898 0.000747681 
1.30748 0.244156 0.117676 0.0516052 0.0227814 0.00894165 0.00430298 0.00135803 0.000564575 
1.4427 0.285385 0.143829 0.0636444 0.0271912 0.012085 0.00506592 0.00224304 0.00108337 
1.41096 0.223755 0.119766 0.0604095 0.0273895 0.0117798 0.00566101 0.00241089 0.000915527 
1.54504 0.298386 0.155502 0.070755 0.0310211 0.0146332 0.00584412 0.00288391 0.00111389 
1.49141 0.227509 0.12085 0.0544891 0.02565 0.0114136 0.00436401 0.00196838 0.000717163 
1.67879 0.330185 0.147766 0.0609741 0.0261688 0.0112457 0.00547791 0.00192261 0.00128174 
1.61668 0.256058 0.111008 0.0466614 0.0184784 0.0102081 0.0045929 0.000930786 
1.6376 0.277527 0.113007 0.0487213 0.0210876 0.00933838 0.00390625 0.00190735 0.000808716 
1.80899 0.307617 0.132919 0.0664673 0.0345764 0.0177155 0.00654602 0.00411987 0.0019989 
1.73257 0.231461 0.116364 0.0537567 0.026123 0.0116119 0.00523376 0.00317383 0.000900269 
1.71584 0.258133 0.122787 0.0533142 0.0237274 0.00979614 0.00460815 0.00195312 0.000778198 
1.78305 0.310806 0.141663 0.0671844 0.0328217 0.0162659 0.00828552 0.00442505 0.00193787 0.000671387 
1.78986 0.307205 0.159103 0.0816498 0.0388489 0.0180969 0.00561523 0.00357056 0.00239563 
1.78484 0.293884 0.125992 0.0505524 0.0196075 0.010025 0.00350952 0.00109863 
1.65976 0.246292 0.102066 0.0436554 0.0220184 0.00585938 0.00370789 0.00302124 
1.7608 0.296997 0.122726 0.0545197 0.026062 0.0120087 0.00698853 0.00367737 0.00314331 
1.81744 0.26088 0.126038 0.0609283 0.0295258 0.0147858 0.00520325 0.00231934 0.00117493 
1.65927 0.206055 0.102203 0.0452728 0.0237885 0.00921631 0.00642395 0.00588989 -0.00230408 
1.62619 0.223038 0.110779 0.0503998 0.0239105 0.0096283 0.00514221 0.00241089 0.00128174 
1.4973 0.178772 0.0867615 0.0419922 0.0189514 0.0137634 0.00198364 0.00115967 0.000823975 
1.41254 0.17395 0.0724487 0.0350952 0.0162964 0.00765991 0.00439453 0.00372314 -0.00088501 
1.53763 0.268982 0.108124 0.0496826 0.0227661 0.0115051 0.00531006 0.00317383 0.00161743 
1.48148 0.215363 0.0863953 0.0377502 0.0172119 0.00717163 0.00369263 0.00189209 
1.31046 0.189331 0.085907 0.0377502 0.0164795 0.00631714 0.00335693 0.00195312 
1.29819 0.203186 0.104614 0.0561829 0.0284729 0.0137939 0.00610352 0.00222778 0.00088501 
1.21555 0.163513 0.0700378 0.0321655 0.0135193 0.0108643 0.00189209 0.000366211 0.000152588 
1.11954 0.125763 0.058075 0.0369263 0.0098877 0.00973511 0.00918579 -0.000305176 -0.00338745 
1.00449 0.146851 0.0733948 0.032196 0.0148621 0.00668335 0.00323486 0.000915527 
0.93573 0.126801 0.0565796 0.0256958 0.0123596 0.00250244 0.00149536 -0.00192261 
0.926331 0.128723 0.0522461 0.022583 0.00912476 0.00341797 0.00149536 0.000274658 
0.746277 0.0679626 0.0292053 0.0126648 0.00531006 0.00231934 0.00125122 
0.674133 0.0943604 0.0440674 0.0192261 0.00857544 0.0039978 0.0017395 0.000427246 0.000762939 
0.533173 0.0362854 0.0171204 0.00720215 0.00604248 0.00289917 0.000305176 
0.447632 0.0444946 0.0197144 0.0088501 0.00393677 0.00152588 6.10352e-05 
0.382812 0.039856 0.0196838 0.0103149 0.00527954 0.00268555 
0.281891 0.00927734 0.00421143 0.00158691 0.000305176 -0.000305176 -0.000244141 
0.170135 -0.00759888 -0.00396729 -0.00180054 -0.000854492 -0.000488281 
0.0709229 -0.0209961 -0.00918579 -0.00430298 -0.00180054 -0.00125122 
0.011322 -0.0204468 -0.00918579 -0.0039978 -0.00201416 0.000152588 
-0.025116 -0.0172119 -0.0078125 -0.0038147 -0.00134277 
-0.00292969 0.00247192 -0.000183105 -0.000427246 9.15527e-05 0.00012207 
-0.0137024 -0.00637817 -0.00418091 -0.00164795 -0.000335693 
-0.10144 -0.0426025 -0.0206909 -0.0101624 -0.00442505 -0.00198364 -0.00088501 
-0.245514 -0.0923157 -0.0448914 -0.0220032 -0.00918579 -0.00527954 -0.00283813 
-0.249054 -0.0374756 -0.01651 -0.00582886 -0.00283813 -0.00125122 
-0.305695 -0.0758972 -0.0379639 -0.0186157 -0.00827026 -0.0043335 -0.00231934 
-0.415283 -0.095459 -0.0420227 -0.0171814 -0.00860596 -0.00280762 -0.00161743 -0.000427246 
-0.636078 -0.175842 -0.0723877 -0.0318604 -0.0134583 -0.00588989 -0.00256348 -0.00143433 
-0.83548 -0.20105 -0.0872498 -0.038147 -0.0179749 -0.00796509 -0.00402832 -0.00201416 -0.00109863 
-0.872131 -0.139893 -0.0603638 -0.0279541 -0.0133362 -0.00704956 -0.0015564 -0.000640869 -0.000640869 
-0.985321 -0.20874 -0.10556 -0.050415 -0.0225525 -0.0105896 -0.00408936 -0.00204468 -0.00100708 
-1.17838 -0.241241 -0.105469 -0.0491943 -0.0240173 -0.0113525 -0.00601196 -0.00332642 -0.00131226 
-1.3176 -0.252502 -0.111481 -0.0482483 -0.020813 -0.00860596 -0.00460815 -0.00228882 -0.000915527 
-1.50476 -0.27948 -0.122192 -0.0515137 -0.0209961 -0.0107422 -0.00439453 -0.00170898 -0.000946045 
-1.48212 -0.239624 -0.10672 -0.0449524 -0.0190735 -0.00704956 -0.00262451 -0.00146484 
-1.39444 -0.194733 -0.0932312 -0.0438538 -0.019104 -0.0072937 -0.00424194 -0.00265503 -0.00112915 
-1.45084 -0.213806 -0.101013 -0.0518494 -0.0238953 -0.0126343 -0.00460815 -0.00320435 -0.00109863 
-1.76578 -0.303406 -0.148102 -0.0636902 -0.0269928 -0.0111084 -0.00559998 -0.00265503 -0.00038147 
-1.66373 -0.247559 -0.110245 -0.0461578 -0.019989 -0.00952148 -0.0032959 -0.000762939 -0.000335693 
-1.55223 -0.230972 -0.102951 -0.0441284 -0.0196381 -0.00764465 -0.00369263 -0.00135803 -0.000640869 
-1.83794 -0.344452 -0.149323 -0.0704651 -0.036438 -0.019455 -0.0115967 -0.00572205 -0.0022583 -0.00184631 
-1.71622 -0.235413 -0.117874 -0.059494 -0.0301819 -0.0145111 -0.00663757 -0.00360107 -0.00221252 
-1.61063 -0.231812 -0.118073 -0.0597076 -0.027771 -0.0130005 -0.00552368 -0.00238037 -0.00151062 
-1.64192 -0.258636 -0.127914 -0.058548 -0.0260162 -0.0117188 -0.00524902 -0.00228882 -0.00123596 -0.000198364 
-1.70242 -0.289902 -0.123795 -0.0551758 -0.0238647 -0.00978088 -0.00498962 -0.00189209 -0.000534058 
-2.0177 -0.353241 -0.164795 -0.0796814 -0.0354309 -0.015213 -0.00637817 -0.00331116 -0.000991821 
-1.69777 -0.192978 -0.0940094 -0.0428314 -0.0184326 -0.00820923 -0.00338745 -0.00144958 
-1.75841 -0.281769 -0.125183 -0.0530853 -0.0232544 -0.010437 -0.00404358 -0.00163269 -0.000640869 
-1.72493 -0.263901 -0.110016 -0.0489502 -0.02211 -0.0106506 -0.00527954 -0.00241089 -0.00105286 -0.000289917 
-1.78566 -0.292084 -0.137863 -0.0721436 -0.0383759 -0.0194244 -0.0098877 -0.00476074 -0.00228882 -0.000839233 
-1.64859 -0.217606 -0.112091 -0.057312 -0.0292816 -0.0140839 -0.0068512 -0.00317383 -0.00169373 
-1.633 -0.251251 -0.130035 -0.0626984 -0.0298004 -0.0148315 -0.00682068 -0.00312805 -0.00160217 -0.000869751 
-1.39316 -0.14418 -0.0724182 -0.0393524 -0.0220184 -0.0128937 -0.00720215 -0.00413513 -0.00238037 
-1.43272 -0.229538 -0.103333 -0.0497742 -0.0258636 -0.0131836 -0.0068512 -0.00366211 -0.0020752 -0.00117493 
-1.46233 -0.232269 -0.100494 -0.0453644 -0.0213776 -0.0104523 -0.00509644 -0.00291443 -0.00111389 -0.000671387 
-1.56096 -0.273438 -0.117447 -0.0535278 -0.0252228 -0.0121918 -0.006073 -0.00296021 -0.00125122 
-1.40277 -0.18837 -0.0804443 -0.0306549 -0.013504 -0.00881958 -0.0014801 -0.000518799 -0.00038147 
-1.39627 -0.217667 -0.101334 -0.0444336 -0.0209045 -0.00819397 -0.00340271 -0.00231934 -0.00166321 
-1.35831 -0.189606 -0.0953369 -0.0470428 -0.0217133 -0.0105591 -0.0042572 -0.00119019 -0.000793457 
-1.06558 -0.092865 -0.0450745 -0.021347 -0.00939941 -0.00505066 -0.00163269 -0.00062561 
-1.14986 -0.189621 -0.0824585 -0.0389252 -0.0176086 -0.00752258 -0.00515747 -0.00218201 -0.00161743 
-1.00725 -0.118011 -0.0598755 -0.0290833 -0.0134125 -0.00648499 -0.00289917 -0.00132751 
-0.82486 -0.0832672 -0.0458374 -0.0254211 -0.0129852 -0.00753784 -0.00360107 -0.00218201 -0.00123596 
-0.78244 -0.10817 -0.0562286 -0.0272064 -0.0125885 -0.00657654 -0.00317383 -0.00151062 
-0.697922 -0.0757294 -0.0382233 -0.0196838 -0.0133057 -0.00563049 -0.0030365 
-0.662201 -0.0902557 -0.0420227 -0.0205383 -0.0103912 -0.00572205 -0.00248718 -0.00132751 
-0.538193 -0.042099 -0.0191193 -0.00546265 -0.00335693 -0.00195312 -0.000991821 
-0.407303 -0.0293884 -0.0139771 -0.00537109 -0.00195312 -0.00106812 -0.000778198 -0.000686646 
-0.333344 -0.029007 -0.0140686 -0.00746155 -0.00387573 -0.00131226 
-0.238693 -0.00408936 -0.00169373 -0.000900269 -0.000671387 -0.000366211 
-0.136887 0.0119324 0.00509644 0.00221252 0.00135803 
-0.0695343 0.0142212 0.00726318 0.00320435 0.00205994 0.00102234 
-0.0400238 0.00657654 0.00340271 0.00205994 0.00144958 0.000915527 
-0.0288849 0.0018158 0.000930786 0.00050354 7.62939e-05 
0.0283051 0.02388 0.010849 0.0050354 0.00228882 0.00111389 
-0.379501 -0.186829 -0.0876617 -0.0394592 -0.016983 -0.00704956 -0.00210571 -0.000686646 -0.000213623 
-0.0610657 0.0808411 0.0328827 0.0144501 0.00628662 0.0019989 0.000152588 
0.379379 0.191971 0.0984192 0.0483398 0.0227966 0.011795 0.00447083 0.00366211 0.00267029 0.00152588 
0.607712 0.195358 0.0935364 0.041153 0.0200195 0.00627136 0.00460815 0.00265503 0.00126648 
0.727417 0.178772 0.0919495 0.0445557 0.0214691 0.0106049 0.00479126 0.00190735 0.00102234 
0.816971 0.167877 0.0700531 0.0287323 0.0123749 0.00758362 0.00476074 0.000213623 
0.868927 0.176407 0.0869141 0.0443878 0.0230865 0.0119019 0.00689697 0.00393677 0.00241089 
1.02792 0.195892 0.0998535 0.0527344 0.0258179 0.0133057 0.00579834 0.00363159 0.00213623 0.000823975 
1.08194 0.197098 0.0839539 0.03479 0.0155334 0.00701904 0.000518799 0.000335693 
1.19856 0.262985 0.143082 0.0682831 0.0304871 0.0138855 0.00648499 0.00218201 0.00114441 0.000671387 
1.18279 0.181961 0.091095 0.0474548 0.0247955 0.0143433 0.00813293 0.00416565 0.00228882 
1.336 0.282883 0.135498 0.068222 0.0349731 0.0183716 0.00953674 0.00497437 0.00291443 0.00198364 
1.33035 0.21907 0.106445 0.0498505 0.0240326 0.0117493 0.0057373 0.00230408 0.00119019 0.000411987 
1.4689 0.284119 0.139282 0.065918 0.0309906 0.0155334 0.00762939 0.00387573 0.00175476 0.000701904 
1.43369 0.221527 0.112274 0.0543365 0.0256653 0.0121155 0.00663757 0.00289917 0.0014801 0.000823975 
1.57692 0.296768 0.146286 0.0694275 0.0337372 0.0158691 0.00750732 0.00398254 0.00212097 0.000564575 
1.53749 0.245956 0.119186 0.0561981 0.0276184 0.0133209 0.0063324 0.0032959 0.0014801 0.000595093 
1.64943 0.314804 0.151001 0.0740509 0.0382843 0.0202637 0.0108948 0.00584412 0.00363159 0.00190735 
1.60626 0.252625 0.125931 0.0671692 0.0379028 0.0203705 0.012207 0.00637817 0.00309753 0.00177002 0.00105286 
1.74471 0.337997 0.179184 0.0824585 0.0375671 0.0162201 0.00801086 0.00389099 0.00175476 
1.78206 0.306763 0.130219 0.056076 0.0250854 0.011734 0.00558472 0.00285339 0.000595093 
1.72978 0.255142 0.11087 0.053833 0.0274963 0.0134125 0.00747681 0.00379944 0.00257874 
1.68839 0.236435 0.11145 0.0579224 0.030777 0.0164032 0.00749207 0.0037384 0.00186157 
1.83174 0.315781 0.158386 0.0754089 0.0358734 0.0167542 0.00794983 0.00382996 0.00196838 0.00106812 
1.70509 0.259384 0.12648 0.0626221 0.0315399 0.0162506 0.00881958 0.00434875 0.00273132 
1.63007 0.258759 0.128143 0.0673218 0.0370636 0.0207062 0.0118408 0.00624084 0.0035553 0.00219727 
1.71291 0.310562 0.169357 0.0852661 0.0411682 0.0194855 0.00958252 0.00395203 0.00210571 0.00134277 0.000717163 
1.62793 0.245819 0.125595 0.0586243 0.0274963 0.0129547 0.00590515 0.00271606 0.000808716 
1.61115 0.27623 0.124283 0.0541077 0.0233307 0.0100555 0.00500488 0.0018158 0.000839233 
1.60823 0.27655 0.120438 0.0531006 0.0232849 0.010376 0.00416565 0.00210571 0.000930786 
1.55559 0.247009 0.107071 0.0464478 0.0204773 0.0090332 0.00384521 0.00131226 0.000671387 
1.56146 0.272278 0.117676 0.0502014 0.0227661 0.0100098 0.00448608 0.0020752 0.00109863 
1.45807 0.222107 0.0990906 0.0429993 0.0186462 0.00793457 0.00360107 0.00189209 0.0010376 
1.34644 0.194397 0.102844 0.051178 0.024292 0.0115051 0.00549316 0.00268555 0.00128174 0.000732422 
1.23639 0.155914 0.0724792 0.0347595 0.0163269 0.00869751 0.00366211 0.0020752 
1.1857 0.172363 0.0861511 0.0411072 0.0198669 0.00836182 0.00427246 0.00210571 0.00115967 
1.30377 0.212738 0.0969849 0.0474243 0.0236816 0.0120544 0.0055542 0.00286865 
1.13306 0.14978 0.0680542 0.0301514 0.0137939 0.00579834 0.00302124 0.0012207 0.000549316 
0.998444 0.122986 0.0565491 0.025177 0.0121765 0.00631714 0.00262451 0.00125122 
0.979797 0.129517 0.0565186 0.0267029 0.0129089 0.0065918 0.00344849 0.0015564 
0.958374 0.161224 0.0871582 0.0428162 0.0213928 0.0105286 0.00515747 0.00210571 0.00134277 
0.787933 0.064209 0.0311584 0.0155029 0.0072937 0.00473022 0.00125122 0.000549316 
0.748138 0.116425 0.0622559 0.0332947 0.0168152 0.0085144 0.00448608 0.00216675 0.00088501 
0.632324 0.0476685 0.0207825 0.00921631 0.00445557 0.00167847 0.000946045 
0.470184 0.0288086 0.0140686 0.0062561 0.00314331 0.00143433 
0.402618 0.0386353 0.0184021 0.00881958 0.00421143 0.00201416 0.000976562 
0.368469 0.0462341 0.0230103 0.0102844 0.00531006 0.00296021 0.00146484 
0.234985 -0.00735474 -0.00354004 -0.00231934 -0.000946045 
