0.99115 -0.0111694 0.000732422 0.00143433 
1.02469 0.000915527 
0.891327 -0.0517883 0.000335693 
0.917877 -0.0770264 0.0125732 -0.0010376 
0.611511 -0.021759 0.0065918 
0.523804 -0.0178223 0.00125122 -0.000793457 
0.359833 -0.00424194 0.00222778 
0.158112 0.00701904 -9.15527e-05 -0.000640869 
0.00485229 0.0189514 -0.00396729 0.0015564 
0.0264893 0.00308228 -0.00238037 0.00326538 -0.00247192 0.00137329 -0.00125122 0.00140381 -0.00140381 0.00170898 -0.00195312 0.00177002 -0.00143433 0.00131226 -0.00189209 0.00204468 -0.00265503 0.00296021 -0.0015564 
-0.114655 0.0212708 -0.0017395 -9.15527e-05 
0.00320435 -0.00323486 0.000946045 
-0.0340576 0.00256348 -0.00213623 0.0015564 
-0.302917 0.00244141 -0.00244141 
-0.400452 0.0309753 -0.0043335 0.00119019 
-0.401947 0.0353088 -0.0020752 
-0.595367 0.0309143 -0.00546265 0.00128174 
-0.738098 0.00637817 0.000457764 
-1.14066 0.109314 -0.00848389 -0.000610352 0.000610352 -0.000549316 0.000488281 -0.000946045 0.000762939 -0.000488281 0.000549316 -0.000457764 0.000579834 -0.000976562 0.000946045 -0.000549316 0.000640869 -0.000732422 0.000671387 -0.000701904 0.000610352 -0.000671387 0.000671387 -0.000457764 0.000457764 -0.000701904 0.000671387 -0.000396729 0.000518799 -0.000854492 
-1.33795 0.0626526 -0.0107422 0.00350952 
-1.84283 0.0797119 -0.00747681 0.00231934 -0.00109863 
-1.46118 0.0722046 -0.0148926 0.00244141 
-1.85632 0.186493 -0.0289001 0.00656128 -0.00259399 
-2.27313 0.267212 -0.0418396 0.00485229 -9.15527e-05 0.000213623 
-2.19482 0.214752 -0.0389404 0.00790405 -0.00302124 0.00317383 -0.00262451 0.00186157 -0.00161743 0.00109863 -0.000549316 -0.00115967 0.0017395 0.000518799 -0.00219727 0.00115967 9.15527e-05 -0.000305176 -0.000732422 0.00296021 -0.00375366 0.00167847 0.000671387 -0.000152588 -0.00231934 0.00360107 -0.00323486 0.00357056 -0.00369263 0.00396729 
-1.86243 0.1362 -0.00585938 -6.10352e-05 
-2.34265 0.26886 -0.0411987 0.00244141 
-2.25821 0.221375 -0.0354919 0.00354004 -0.00189209 
-2.29269 0.229294 -0.0425568 0.00680542 -0.000946045 
-2.15475 0.174927 -0.0305328 0.00500488 0.000900269 
-2.41318 0.257751 -0.050415 0.011673 -0.00567627 0.00239563 
-2.29781 0.165726 -0.0186768 0.00209045 
-2.28305 0.127853 -0.00813293 0.00170898 0.000335693 
-2.52692 0.108551 -0.0130768 0.000305176 
-2.30841 0.106903 -0.0121918 -0.00260925 
-2.70514 0.220367 -0.00932312 0.00198364 
-2.49713 0.222534 -0.0375214 0.00540161 -0.000350952 
-2.23572 0.151138 -0.02742 0.0045929 
-2.38557 0.200455 -0.0348511 0.00544739 -0.000396729 
-2.53954 0.132477 0.00584412 0.00105286 
-2.04555 0.0723114 0.00502014 0.000152588 
-2.13605 0.0908203 0.00479126 
-2.10115 0.0770721 0.00483704 0.0015564 
-1.96338 0.0974426 0.00144958 
-1.89626 0.101944 -0.0150757 0.00198364 
-1.88989 0.120575 -0.0300598 0.00827026 
-1.94617 0.146744 -0.0302124 0.00543213 
-1.58926 0.0607605 -0.00212097 
-1.40573 0.0155945 -0.00186157 
-1.56548 0.100952 -0.0161743 
-1.67827 0.10704 -0.0171204 0.00273132 
-1.31438 0.03125 -0.00369263 0.000274658 
-1.23148 0.0899811 -0.0139618 
-1.27515 0.0544891 -0.000259399 
-0.718307 0.0153351 -0.00338745 
-0.743179 0.0124969 -0.0018158 
-0.826538 0.0133972 -0.00050354 
-0.503983 0.0149689 -0.00183105 
-0.519714 -0.0106049 -0.00132751 
-0.246033 -0.00424194 -0.000350952 
-0.150894 -0.000213623 0.000518799 
-0.0485992 -0.00653076 
-0.0488586 -0.000640869 4.57764e-05 
-0.0215454 -0.000854492 0.000350952 
0.0327301 -0.00189209 0.000213623 
-0.00665283 -0.000442505 
-0.9814 0.120758 -0.0206451 0.00471497 
0.664352 -0.119446 -0.000961304 0.000289917 
0.924164 -0.0187988 -0.000610352 
1.00372 -0.11171 0.0142365 -0.00285339 
1.19844 -0.0297089 -0.00244141 0 
1.17532 -0.081665 0.00146484 0.000259399 
1.35606 -0.0285797 0.0063324 -0.0014801 
1.30254 -0.0269623 0.00378418 
1.50418 -0.112183 0.00193787 -0.000183105 
1.67101 -0.108719 0.0240936 -0.00767517 
1.64703 -0.0259705 0.00688171 -0.000839233 
1.67235 -0.0138092 0.00105286 0.000762939 
1.59377 -0.047821 0.0092926 -0.00250244 
2.18233 -0.183655 0.0261383 -0.00358582 
1.71542 -0.0803223 0.00314331 -0.00105286 
2.11308 -0.150894 0.00700378 -0.00163269 
2.12912 -0.15358 0.00386047 -0.000167847 
2.20526 -0.160629 0.00492859 -7.62939e-05 
2.30988 -0.185669 0.0264282 -0.00474548 0.00259399 -0.00160217 
1.9827 -0.112854 0.00012207 -0.000152588 
2.59711 -0.271866 0.0427551 -0.006073 
2.28528 -0.112518 0.0111389 0.000701904 
2.24957 -0.0732727 0.000564575 
1.97719 -0.0583954 0.00631714 -0.00976562 
2.52992 -0.0687714 0.0107574 -0.00106812 
2.15457 -0.026886 0.00611877 -0.004776 0.00454712 
2.45041 -0.148331 0.0315857 -0.0134735 0.0042572 0.000823975 
2.22679 -0.122833 0.00819397 -0.00102234 
2.56078 -0.205139 0.0234985 -0.000473022 
2.16054 -0.131042 0.01651 -0.0015564 -0.000442505 
2.2334 -0.183243 0.0267639 -0.00259399 
2.08113 -0.134796 0.0158081 0.00268555 
1.58942 -0.0945435 0.0111694 -0.00302124 
1.84952 -0.0734558 0.0140076 -0.00265503 
1.50266 -0.0153198 -0.00317383 0.000152588 
1.66153 -0.0761414 0.0100098 0.00088501 0.00128174 
1.66394 -0.0983276 0.0112 -0.00415039 
1.75131 -0.136414 0.0137634 -0.00546265 0.00393677 
1.43582 -0.00949097 0.00259399 -0.00146484 
1.12796 -0.0199585 0.0039978 
1.41891 -0.106567 0.01651 -0.00219727 
1.10907 -0.0568542 0.0124512 
1.09979 -0.0924683 0.0124512 -0.00326538 0.00140381 
1.0079 -0.0529785 0.00738525 -0.00204468 
0.783386 -0.0413818 0.00793457 -0.00183105 
0.602448 -0.00448608 0.00158691 
0.534149 -0.0263977 0.00198364 
0.360718 0.00112915 -0.000366211 
0.357727 -0.0101624 0.00140381 -0.000762939 
0.101532 0.0137939 -0.00314331 0.00119019 -0.000732422 0.00119019 -0.000976562 0.00112915 -0.00170898 0.00140381 -0.000946045 0.00119019 -0.0015564 0.00137329 -0.000976562 0.00115967 -0.0015564 0.00128174 -0.000915527 0.00112915 -0.00119019 0.00131226 -0.00164795 0.00137329 -0.000946045 0.0012207 -0.00158691 0.00125122 -0.000823975 0.000946045 
0.0128174 0.0144348 -0.00204468 
-0.0120544 0.00662231 -0.00247192 0.00216675 
-0.0878601 0.0162964 -0.00448608 0.00143433 -0.000762939 
-0.0220032 -0.00189209 -3.05176e-05 
-0.0390625 0.0027771 -0.000213623 
-0.289856 0.000854492 0.000671387 0.000152588 
-0.401215 0.0279236 -0.0038147 0.000152588 
-0.431549 0.0401001 -0.00564575 
-0.547913 0.0284729 -0.00558472 0.000823975 
-0.638245 0.0219116 -0.000183105 
-1.20581 0.138672 -0.00537109 3.05176e-05 -0.00012207 
-1.36972 0.0528564 -0.00787354 -0.000183105 
-1.43253 0.0872192 -0.0114746 0.000305176 
-1.80304 0.209442 -0.0423584 0.00765991 -0.00161743 
-1.86038 0.179932 -0.010376 0.000427246 -0.000793457 
-1.92151 0.141205 -0.00497437 0.00112915 
-1.95615 0.114746 -0.0150146 
-1.57593 0.0140076 -0.00271606 -0.000305176 
-2.2796 0.127594 -0.0195618 0.00128174 
-2.14374 0.0958862 -0.0155334 0.00143433 
-2.26538 0.132782 -0.0187683 0.00233459 
-2.28113 0.153641 -0.0110931 -0.00164795 
-2.44498 0.18454 -0.00770569 -0.000869751 
-2.69493 0.307053 -0.0591583 0.0119019 -0.00291443 
-1.8912 0.0664978 -0.00982666 0.00157166 
-2.36845 0.239532 -0.0470428 0.00880432 
-2.71571 0.214584 0.00636292 -0.000244141 
-2.31345 0.0795288 -0.00328064 -0.000488281 
-2.44304 0.105728 -0.0145416 0.00189209 
-2.73491 0.216751 -0.0124512 -0.00302124 0.00192261 -0.0017395 
-2.32953 0.169434 -0.0257111 0.00476074 -0.00445557 0.00422668 -0.00221252 0.00170898 -0.00283813 0.00195312 -0.00111389 0.000869751 0.000167847 -0.000762939 0.00106812 -0.00120544 0.000671387 -0.000167847 0.0014801 -0.00331116 0.00434875 -0.00466919 0.00416565 -0.00405884 0.00418091 -0.00431824 0.00436401 -0.00454712 0.00488281 -0.00456238 
-2.45531 0.232117 -0.0471191 0.0093689 
-2.10872 0.110336 -0.0187683 0.00218201 
-1.96094 0.0996552 -0.0169373 0.00318909 
-2.14386 0.1884 -0.0409393 0.0104675 -0.00646973 
-2.13866 0.175751 -0.0353699 0.00543213 
-2.07222 0.155502 -0.026123 0.00131226 
-1.85628 0.100388 -0.00515747 4.57764e-05 
-2.05621 0.130219 -0.00431824 -0.00100708 
-1.55099 0.0278473 -0.00520325 0.00157166 
-1.5459 0.0543671 0.00300598 0.000457764 
-1.46942 0.0669403 -0.0140381 0.00440979 
-1.68159 0.103531 -0.00488281 0.00271606 
-1.49957 0.0204926 -0.00419617 
-1.31987 0.0878601 -0.0121307 0.00416565 
-1.10719 0.0464172 -0.00456238 
-0.992065 0.0675049 -0.0117798 
-0.743759 0.00765991 0.00012207 
-0.712662 0.00842285 -0.00260925 0.00062561 
-0.497391 0.0153656 -0.00152588 
-0.476669 -0.0128021 -0.00184631 
-0.289413 -0.00201416 0.00172424 
-0.165543 -0.00563049 0.00038147 
-0.0615692 -0.00569153 0.00221252 
-0.0732269 -0.000717163 
-0.0258636 -0.000579834 
0.0482635 -0.00492859 
-0.152649 0.00816345 -0.00152588 
-0.832123 0.083374 -0.0124054 0.00271606 
0.725967 -0.11853 0.000198364 -0.000747681 
0.827454 -0.0296173 0.000488281 
1.14796 -0.137756 0.0105438 -0.00166321 
0.923172 -0.0241241 0.000717163 
1.36537 -0.146393 0.00601196 -0.000366211 
1.33469 -0.0140991 0.00286865 -0.00126648 
1.45093 -0.0435028 0.00611877 -0.000106812 
1.49158 -0.107437 0.00117493 -0.000686646 
1.83383 -0.143326 0.0175476 -0.00318909 
1.55035 -0.0125275 0.00149536 0.000350952 
1.84869 -0.0101318 0.00465393 -0.000473022 
1.93661 -6.10352e-05 0.00344849 0.0010376 
1.85619 -0.0271606 -0.00234985 0 
1.90714 -0.0569 0.00177002 0.001297 
2.25537 -0.0533447 -0.00364685 0.00105286 
2.28796 -0.00888062 0.00602722 0.000427246 
2.026 -0.0123444 0.00239563 -0.000610352 
2.20422 -0.0653992 0.0105896 0.000320435 
2.52341 -0.166245 0.0143127 4.57764e-05 
2.28004 -0.144791 0.0035553 
2.33586 -0.183945 0.0113068 0.00123596 
2.37144 -0.189255 0.0261383 -0.00337219 0.000762939 -0.00062561 
2.55103 -0.186844 0.0193939 -0.00297546 
2.49036 -0.0389404 -0.000640869 -0.000183105 
2.26466 -0.0468292 0.010025 -0.00445557 
2.38905 -0.116745 0.0182495 -0.00285339 0.00311279 
2.20525 -0.116898 0.0173798 -0.00556946 9.15527e-05 
2.45886 -0.179062 0.000305176 0.000518799 
2.47502 -0.197372 0.028595 -0.00222778 
2.25748 -0.134796 0.0278625 -0.00473022 
1.80969 -0.0710449 0.0109558 -0.00161743 
2.20563 -0.205994 0.0281982 -0.00601196 0.00418091 -0.00137329 
1.92676 -0.142883 0.00115967 -0.00680542 
1.85013 -0.120636 0.0144653 0.000183105 -0.00320435 
1.78445 -0.0501099 0.0121765 -0.00323486 0.000518799 0.000457764 
1.35306 -0.0310974 0.00228882 
1.53912 -0.0871582 0.016449 
1.46872 -0.105743 0.0176697 -0.00296021 
1.18835 -0.0330811 0.00408936 -0.00231934 
1.07101 -0.0766907 0.00720215 -3.05176e-05 3.05176e-05 
0.9487 -0.0382996 0.00180054 -0.00323486 
0.797058 -0.0419006 0.00631714 -0.00146484 
0.570618 -0.00247192 -0.00311279 0.000976562 
0.576508 -0.0354004 0.0107422 -0.0065918 0.00448608 -0.00543213 0.00680542 -0.00579834 0.00531006 -0.00601196 
0.397095 0.00402832 0.000732422 
0.319641 -0.00750732 0.000488281 
0.0995789 0.0117798 0.000671387 -0.000579834 
-0.0158386 0.0235596 -0.00588989 0.000701904 
-0.0131531 0.00479126 0.00100708 
-0.0525513 0.00961304 -0.00204468 0.00186157 -0.00161743 0.00128174 -0.00143433 0.00128174 
-0.0254211 0.00317383 6.10352e-05 
-0.10733 0.00466919 0.000610352 
-0.30426 -0.00558472 -0.00137329 0.00109863 
-0.327362 0.0211182 -0.00497437 
-0.334534 0.0280457 -0.00234985 
-0.634338 0.0335083 -0.00650024 0.00305176 
-0.676788 0.0166626 -0.00115967 
-1.16901 0.120605 -0.00579834 -0.0032959 
-1.33026 0.0444641 -0.00485229 
-1.53519 0.0891724 -0.00537109 0.00189209 
-1.604 0.141052 -0.026886 0.00485229 
-1.57306 0.129883 -0.0155029 0.00320435 -0.000213623 
-1.80261 0.0903625 -0.0137024 0.00427246 -0.00289917 0.000396729 
-2.078 0.112915 -0.0135498 0.0015564 
-1.80203 0.0538025 -0.00286865 
-2.34567 0.146484 -0.0205078 0.00576782 0.00186157 
-2.07877 0.07724 -0.0112 0.00170898 
-2.41997 0.174088 -0.0232849 0.00450134 
-2.1353 0.110275 -0.0141602 0.00263977 0.00114441 
-2.41949 0.189423 -0.00280762 1.52588e-05 
-2.38275 0.199615 -0.0207825 -0.000518799 
-2.1328 0.150726 -0.0117798 -0.0012207 0.000335693 
-2.13716 0.171417 -0.0131683 0.000366211 -0.000411987 
-2.345 0.227249 -0.0367432 0.00578308 
-2.69681 0.264481 -0.0218506 0.00456238 
-2.49524 0.120697 -0.00361633 0.00196838 
-2.37085 0.118134 -0.0158234 0.000137329 
-2.19174 0.0856781 -0.0148926 0.00166321 
-2.44545 0.159073 -0.0155029 0.00318909 -0.00163269 0.00184631 -0.00190735 0.00184631 -0.00175476 
-2.41931 0.169922 -0.00764465 -0.00102234 
-2.05519 0.106277 0.00177002 3.05176e-05 
-2.02371 0.113464 -0.000976562 
-2.18456 0.117432 -0.00169373 
-1.71808 0.0606079 -0.0110168 0.00526428 
-2.19212 0.114441 -0.00654602 -0.000335693 
-1.91364 0.0505219 -0.0065918 -0.000320435 
-1.4809 0.0404205 0.00421143 6.10352e-05 
-1.72974 0.111069 -0.0152893 -0.00105286 
-1.65581 0.0854645 -0.0124969 0.00265503 
-1.32397 0.0281219 -0.0035553 
-1.7623 0.0687866 -0.00161743 -0.000457764 
-1.101 0.0149536 -0.00172424 
-1.14597 -0.00273132 -0.00135803 
-0.977371 0.0356445 -0.00585938 0.000411987 
-0.811035 -0.0189362 -0.000289917 
-0.751801 0.0109406 0.000198364 
-0.508911 0.0177612 -0.00279236 
-0.505173 0.0137634 0.000640869 
-0.384583 0.00338745 0.000396729 
-0.277374 0.00285339 
-0.0839996 -0.00386047 0.000289917 
-0.0141907 -0.00794983 0.00105286 
-0.015564 -0.000396729 
-0.0080719 -0.000656128 
0.00741577 -0.000411987 
-0.57428 0.0332031 -0.00309753 
-0.108521 -0.0121918 6.10352e-05 
0.874741 -0.0734863 0.00784302 -0.00212097 
0.940231 -0.02565 0.00823975 -0.00115967 
0.963867 -0.0244904 0.00128174 
1.32579 -0.0877228 0.0169067 -0.00335693 
1.3591 -0.0222778 -0.000305176 
1.46327 -0.0679169 0.00782776 -0.00117493 
1.52879 -0.116455 0.0146027 -0.00354004 
1.54901 -0.00874329 0.00308228 0.00125122 
1.59187 -0.0285339 0.00131226 
1.90858 -0.0616913 0.00306702 0.00201416 
2.05023 -0.0904999 0.00978088 -0.00175476 
1.89276 -0.0596619 0.0112305 -0.00279236 
2.23705 -0.12085 0.0106812 -0.000808716 
1.95338 -0.0552063 0.00808716 -0.000610352 
2.23921 -0.106583 0.0111389 -1.52588e-05 
2.36087 -0.0437469 -0.000152588 
2.13774 -0.0273132 0.000732422 -0.00038147 
2.15767 -0.0230255 0.00541687 -0.000854492 
2.48587 -0.103302 0.0144653 0.0012207 
2.24203 -0.118988 0.0147552 -0.00630188 -0.00125122 0.000427246 
2.28136 -0.157059 0.00402832 -0.000610352 
2.34204 -0.190033 0.0119171 0.00038147 
2.56204 -0.230316 0.0352936 -0.0071106 0.00119019 
2.44553 -0.11113 0.00856018 -0.00630188 
2.39601 -0.0461578 0.000335693 -0.00260925 
1.86745 -0.039505 -0.000900269 9.15527e-05 
2.31007 -0.038681 0.00714111 -0.00653076 
2.10429 -0.0444794 0.00534058 0.000473022 
2.29866 -0.0786591 0.0148468 -0.00257874 
1.82411 -0.0161133 0.00296021 
1.98312 -0.0466614 0.00576782 -0.00192261 
1.78983 -0.0471191 -0.00744629 
1.82928 -0.057373 0.00372314 0.000732422 
1.42676 -0.034729 -0.000549316 -0.000518799 
1.78232 -0.143127 0.0133362 -0.00143433 
1.26053 0.000762939 0.00012207 0.00201416 
1.36783 -0.0548706 0.012207 -0.0050354 
1.44528 -0.113434 0.0151062 -0.00271606 0.000244141 -0.000183105 
1.12491 -0.033783 0.00323486 
1.03656 -0.0693359 0.00671387 -0.00167847 
0.890442 -0.0405579 0.0038147 0.000793457 
0.801605 -0.0318298 0.00598145 -0.00247192 0.000244141 
0.69278 -0.0078125 0.00247192 
0.788391 -0.0210571 0.000610352 0.000427246 
0.365326 -0.000549316 
0.135681 0.0126343 -0.00326538 
0.0520325 0.0111389 -0.00189209 0.000366211 
-0.0477905 0.0210266 -0.00360107 
-0.0227966 0.00466919 0.000366211 -0.000366211 
-0.0427246 0.00646973 0.000335693 
0.0027771 -0.00296021 
-0.197266 0.0144958 -0.000335693 
-0.392883 0.00405884 -0.000854492 
-0.319977 0.0281982 -0.00231934 
-0.536407 0.0270996 -0.000732422 -0.0015564 0.00332642 -0.000518799 -0.000183105 -0.00228882 0.00247192 -0.00189209 0.00137329 -0.00292969 0.00378418 0 -0.000976562 -0.00125122 0.00216675 -0.00204468 0.00128174 -0.0020752 0.00283813 -0.000305176 -0.000183105 -0.00213623 0.00161743 -0.00244141 0.00396729 -0.000823975 -0.000427246 -0.00128174 
-0.540619 0.0378418 -0.00588989 0.000579834 
-0.904907 0.0290222 -0.00390625 -0.000793457 
-1.12451 0.06604 -0.0124207 0.00134277 
-1.35861 0.132782 -0.012146 0.00332642 
-1.70804 0.102997 -0.0166931 0.00167847 
-1.64554 0.0830994 6.10352e-05 -0.00088501 0.000488281 
-1.63782 0.100555 -0.0188293 0.00460815 -0.00137329 -0.0010376 
-1.69888 0.137238 -0.00219727 -0.000183105 -0.00302124 
-2.40491 0.271484 -0.037323 0.00311279 0.000793457 
-1.7077 0.119354 -0.00942993 0.00204468 
-2.4292 0.245728 -0.0225525 0.0020752 
-2.00278 0.148132 -0.00158691 -0.000610352 
-2.18428 0.159164 -0.00227356 0.000427246 
-2.55382 0.285416 -0.0484467 -0.00038147 0.00115967 0.000579834 
-2.18549 0.156982 -0.0209808 0.000366211 0.000335693 
-2.31552 0.218155 -0.0445557 0.00837708 
-2.6205 0.208328 -0.0019989 -0.000396729 -0.00088501 
-2.57784 0.114258 -0.0167236 0.00740051 
-2.56857 0.156403 -0.0169525 -0.00062561 
-2.58897 0.188675 -0.02211 0.00126648 -0.001297 
-2.45532 0.208481 -0.0409088 0.00891113 
-2.46547 0.189545 -0.0258331 0.00265503 
-2.28191 0.0961456 0.00375366 -0.0014801 
-2.53189 0.0910187 -0.0142822 0.00889587 
-1.99226 0.0336304 -0.00480652 0.0025177 
-2.24028 0.104401 -0.0144806 0.00177002 
-2.18092 0.0772552 -0.0131226 0.00288391 
-1.96486 0.0450134 -0.00311279 -0.000793457 
-1.90916 0.0454559 -0.0027771 0.000396729 
-2.06528 0.0827942 -0.00814819 0.00119019 
-1.97476 0.060318 -0.00784302 0.00294495 
-1.57402 0.0831909 -0.0122223 0.00415039 
-1.41844 0.0478363 -0.00442505 
-1.48126 0.0318604 -0.00352478 0.000106812 
-1.63211 0.0587158 0.000762939 
-1.27565 0.0457764 -0.0108948 0.00262451 -0.000991821 
-0.871887 -0.00749207 0.000747681 
-1.06706 0.030838 -0.00384521 
-0.726013 -0.00369263 -0.00100708 
-0.803375 0.0383301 -0.00308228 
-0.703186 0.0469818 -0.00994873 0.000823975 
-0.422577 0.00248718 -0.000335693 
-0.414948 0.00149536 0.000640869 
-0.274582 -0.000762939 0.000610352 
-0.118423 -0.00360107 0.00102234 
-0.00164795 -0.00863647 0.00257874 
-0.0428009 0.00146484 
0.0145569 -0.00268555 -0.000793457 
0.010788 0.00102234 0.000411987 
-1.00821 0.12886 -0.0230865 0.00416565 
0.636749 -0.136063 0.00404358 0.000350952 
0.951172 -0.0371704 -0.000411987 0.000244141 
1.13051 -0.117279 0.00808716 -0.00112915 
1.22256 -0.0245819 -0.00102234 
1.1772 -0.042038 0.00302124 -0.000930786 
1.27927 -0.038208 0.00752258 -0.00125122 
1.54594 -0.0271149 -0.0019989 
1.61639 -0.0574341 0.00738525 0.000579834 
1.60944 -0.10498 0.00161743 -0.000427246 
1.75587 -0.104279 0.0177002 -0.00318909 
1.80951 -0.0619049 0.0145874 -0.00421143 
2.03745 -0.0643158 0.0139008 -0.000396729 
1.87839 -0.0202789 0.00437927 -0.0027771 
2.1698 -0.0523071 0.0119781 -0.00170898 
1.9604 -0.028656 0.00656128 -0.00202942 
2.38689 -0.144745 0.0265503 -0.00547791 0.00230408 
2.14349 -0.0889282 0.0127563 -0.00566101 
2.24409 -0.13765 0.0111542 -0.00161743 
2.56329 -0.201355 0.0201721 -0.000808716 
2.31554 -0.153152 0.0231934 -0.00454712 0.00164795 
2.33183 -0.164612 0.0268402 -0.00366211 
2.46541 -0.0943298 -0.00454712 -0.00012207 
2.42059 -0.0179138 0.00578308 0.000564575 
2.38014 -0.110764 0.0235901 -0.00735474 0.000579834 -0.00038147 -0.000213623 
2.17131 -0.0949249 0.00732422 0.00540161 -0.00221252 
2.44304 -0.157364 0.00401306 -0.00590515 0.00627136 -0.00596619 0.00569153 -0.0063324 0.00630188 -0.00531006 0.00491333 -0.00604248 0.00561523 -0.00495911 0.00613403 -0.00602722 0.0058136 -0.00584412 0.00596619 -0.00636292 0.00650024 -0.006073 0.00587463 -0.00636292 0.00654602 -0.0062561 0.00622559 -0.00666809 0.00669861 -0.00585938 
2.5023 -0.201965 0.0297546 -0.00817871 
2.17038 -0.134033 0.0137329 0.00819397 
2.17807 -0.148834 0.0237122 -0.00462341 0.00402832 
1.94194 -0.110779 0.0115662 -0.000305176 
1.85599 -0.136963 0.00662231 
2.16846 -0.164368 0.00134277 -6.10352e-05 -0.00012207 
1.97794 -0.134979 0.0098877 -0.000427246 
1.68341 -0.0406189 0.00643921 0.00164795 
1.73257 -0.0135193 -0.00335693 -0.00177002 
1.5603 -0.0564575 0.00271606 0.000244141 
1.45224 -0.0809631 -0.0043335 0.00262451 
1.28265 -0.00466919 0.000732422 
1.19452 -0.0440369 0.0124512 -0.00485229 
1.23575 -0.106262 0.0184326 -0.00317383 -0.00088501 0.00134277 -0.00109863 0.000244141 -6.10352e-05 
0.899292 -0.0387573 0.00704956 -0.00119019 
0.862915 -0.0205078 0.00430298 -0.00131226 0.00109863 -0.00109863 0.000854492 -0.00112915 0.00137329 -0.000762939 6.10352e-05 0.000549316 -0.000366211 
0.612518 -0.0138855 0.00927734 -0.00518799 0.00247192 
0.543365 -0.0229187 0.00619507 
0.459961 -6.10352e-05 0.000854492 
0.299713 -0.00668335 0.0038147 
0.139832 0.0152588 -0.00411987 0.000671387 
0.021698 0.0137024 -0.00158691 -0.000396729 
-0.0346375 0.0125122 -0.00448608 0.00311279 
-0.0681763 0.0119019 -0.000274658 
0.00314331 -0.00527954 0.00241089 
-0.0282288 0.00161743 
-0.191895 0.0114136 -0.00180054 
-0.424622 0.00219727 -0.00195312 -0.000396729 
-0.332794 0.0278015 -0.0055542 
-0.467407 0.0134583 -0.00140381 0.000946045 
-0.625549 0.048645 -0.00747681 0.00430298 
-1.01605 0.0858765 -0.0123901 0.00149536 
-1.27139 0.0823975 -0.00637817 -0.00088501 
-1.22293 0.0970764 0.00143433 0.000946045 
-1.43875 0.0574646 -0.0107422 0.00131226 
-1.7124 0.0942078 -0.00198364 
-1.88754 0.133972 -0.0116577 -0.000946045 
-2.1813 0.201691 -0.019989 0.00308228 
-2.0285 0.141785 -0.0231323 0.00369263 
-1.85446 0.115692 -0.0206299 0.000671387 
-2.0069 0.165863 -0.0211792 -3.05176e-05 -9.15527e-05 -0.0015564 0.00164795 -0.00012207 -0.000396729 
-2.60353 0.319931 -0.0521851 0.0098114 -0.00177002 
-2.23518 0.151382 -0.0215302 0.00611877 
-2.06569 0.115723 -0.0188904 0.00447083 
-2.67314 0.196747 -0.00578308 -0.000686646 
-2.25362 0.0747528 -0.00679016 0.00213623 
-2.12431 0.0588226 -0.00582886 0.000717163 
-2.22453 0.106552 -0.0188293 0.00544739 -0.00157166 
-2.33252 0.130554 -0.0122375 0.00163269 
-2.93895 0.311005 -0.0584564 0.0100708 -0.00161743 0.00105286 
-2.13127 0.0857086 -0.0166931 0.00274658 
-2.43723 0.203842 -0.02948 0.00601196 
-2.31863 0.131622 -0.00410461 -0.000274658 
-2.46742 0.111923 -0.00801086 0.000198364 
-2.13464 0.0461731 -0.00315857 
-2.19069 0.067749 -0.010437 0.000198364 
-1.70647 0.00828552 -0.000717163 
-1.94514 0.0686035 0.00741577 0.000854492 
-1.97238 0.0940552 -0.00221252 0.000579834 
-2.17807 0.115494 0.00823975 0 
-1.80006 0.0886078 -0.0181427 0.00308228 
-1.89369 0.121078 -0.0238037 0.00308228 
-1.80792 0.0879364 -0.0152283 0.00430298 
-1.2525 0.0132751 -0.0027771 
-1.59683 0.0954895 0.0080719 
-1.26044 0.020752 -0.00050354 -9.15527e-05 
-0.990936 -0.0164337 0.00132751 
-1.00453 0.00811768 -0.00271606 
-0.862656 0.00254822 0.00105286 
-0.855637 0.0292969 -0.00274658 
-0.634415 0.0302887 -0.00631714 
-0.46405 0.00283813 -0.000152588 
-0.388138 -0.00109863 -6.10352e-05 
-0.244873 -4.57764e-05 -0.000396729 
-0.110458 -0.00502014 
-0.0404663 -0.00271606 0.0022583 
-0.0271454 0.000289917 7.62939e-05 
-0.025238 0.000244141 
0.0795593 -0.00798035 -4.57764e-05 
-0.775925 0.0654907 -0.0147095 0.00259399 0.000930786 
0.132294 -0.0599976 0.00747681 -0.00379944 
0.774048 -0.0139008 0.00619507 -0.00149536 
0.973358 -0.00462341 0.00485229 -0.000396729 
1.07709 0.00231934 0.00474548 -0.00152588 
1.16423 -0.0665741 0.0138245 -0.00369263 0.000656128 
1.22466 -0.00267029 0.00416565 0.0010376 
1.47792 -0.0578918 0.00544739 
1.49995 -0.0838776 0.00863647 -0.00305176 
1.71083 0.0102844 0.00747681 -0.000808716 
1.55884 -0.00334167 0.00294495 0.000396729 
1.89867 -0.00953674 0.0040741 0.00134277 
1.76297 -0.0155029 0.00323486 
2.06976 -0.0602875 0.00987244 -0.00117493 
1.89836 -0.0351562 0.00827026 -0.000549316 
2.22087 -0.0735626 0.00769043 -0.000656128 
2.03734 -0.0314636 0.00508118 0.000411987 
2.29492 -0.0278778 0.00363159 0.000152588 
2.11296 0.0187378 0.00126648 0.00137329 
2.4231 -0.0208282 0.00975037 -0.000320435 
2.39735 -0.0835419 0.00701904 -0.000854492 
2.30913 -0.101501 -0.00218201 0.00038147 
2.25887 -0.112228 0.00822449 0.000671387 
2.56779 -0.133942 0.0127716 -0.000167847 0.00012207 
2.22031 -0.00619507 0.00509644 0.000289917 
2.13631 0.0230865 0.00437927 
2.3252 0.0301514 -0.000534058 0.00160217 
2.09525 0.0103302 0.00300598 -0.00120544 
2.1438 -0.0480347 0.0143433 -0.00430298 
2.14722 -0.056427 0.0113525 -0.00231934 
2.05344 -0.0711365 0.0112915 -0.00192261 
2.10648 -0.0737915 0.0111084 -0.00192261 
1.89099 -0.043335 0.00939941 -0.00183105 
1.73682 0.00543213 -0.000671387 0.000488281 
1.56656 -0.0378723 0.00341797 -0.00109863 
1.55533 -0.0412598 0.00656128 -0.000549316 
1.81738 -0.11441 0.00402832 -0.000457764 
1.42493 -0.0280151 0.0078125 -0.0010376 
1.25888 -0.0389404 0.00668335 
1.29593 -0.0831909 0.00488281 0.000671387 
1.27875 0.00964355 0.0010376 
0.926025 -0.0144653 -0.000244141 
0.983582 0.00860596 0.0010376 
0.744659 -0.0335388 0.00610352 -0.00106812 
0.531738 -0.00891113 0.00216675 
0.484589 -0.00942993 -0.000335693 
0.460907 -0.00473022 0.00228882 
0.218292 0.000183105 0.00012207 
