271.515 277.814 250.121 272.055 140.197 156.637 186.949 185.804 269.883 275.086 246.484 267.597 139.464 155.924 184.896 184.588 
0.043457 0.261292 0.159302 -0.0344238 -0.06604 0.192612 -0.0265503 -0.162582 0.179352 0.0974731 0.121338 0.0884399 0.12854 0.0199585 -0.0778351 -0.121567 
-0.0270081 -0.20343 -0.115662 0.0671387 0.0246887 -0.183014 -0.0210876 0.0960846 -0.00994873 -0.0203247 0.0602722 0.0368042 -0.174896 -0.127213 7.62939e-05 0.0101929 
0.0458374 0.129639 0.0791626 0.0400085 0.0688324 0.121017 -0.00765991 0.00163269 -0.0858154 -0.0480042 -0.0673828 0.00418091 0.148941 0.0784302 0.00968933 -0.00152588 
-0.211487 -0.168549 -0.169617 -0.209991 -0.0291443 -0.00909424 0.0390778 -0.0137634 -0.166382 -0.179016 -0.213013 -0.202637 0.0332184 -0.0396118 0.0237122 0.182724 
-0.203278 -0.315491 -0.305359 -0.218567 0.035614 -0.0814056 0.0113373 0.107193 -0.34549 -0.29129 -0.342941 -0.364929 -0.0899963 0.0246124 0.0392761 -0.044632 
-0.265686 -0.308716 -0.286575 -0.251526 0.00889587 0.0888824 0.0358734 -0.0602722 -0.220947 -0.185303 -0.199066 -0.212921 -0.0728149 0.0780182 0.0559387 -0.0354462 
-0.342438 -0.326935 -0.348007 -0.382233 0.00202942 -0.0559845 0.0421295 0.0667267 -0.317963 -0.30249 -0.300232 -0.292755 0.0616302 0.0143433 -0.0452423 -0.0229797 
-0.340881 -0.330963 -0.281708 -0.283569 0.0390015 -0.0257721 -0.0139771 0.0288239 -0.309631 -0.347473 -0.259811 -0.257202 0.00195312 -0.00813293 -0.00811768 0.00585938 
-0.178162 -0.157471 -0.229797 -0.214203 0.0608063 0.0949554 0.044342 0.0329742 -0.232117 -0.267517 -0.298203 -0.278992 0.0501556 -0.0256348 0.0604858 0.0995483 
-0.202148 -0.205688 -0.124146 -0.148834 -0.00862122 -0.0545807 -0.0225067 0.013504 -0.149445 -0.0976868 -0.0946503 -0.104401 -0.0859222 -0.0119019 -0.050354 -0.0853729 
-0.00701904 -0.0519714 -0.0300446 -0.0185547 -0.020401 0.0542908 -0.00643921 -0.0548096 -0.0380859 -0.0454102 -0.0441895 -0.0488892 0.0222778 0.00912476 0.00108337 -0.0141602 
-0.01474 0.0504456 -0.069809 -0.127991 0.0302429 0.057312 0.0705566 0.0759277 -0.0277405 -0.102814 -0.121536 -0.0816956 0.0144653 -0.0820923 0.0342255 0.0945282 
-0.266296 -0.308044 -0.219513 -0.156067 -0.0171204 -0.0298767 -0.0183411 -0.0225372 -0.253387 -0.201233 -0.257996 -0.29657 -0.00202942 0.0529938 -0.00834656 -0.0350952 
-0.239105 -0.17926 -0.261139 -0.297119 0.0661469 -0.00167847 0.0105133 0.0658722 -0.221008 -0.283234 -0.160645 -0.143127 0.113449 -0.0255737 -0.0687866 0.0609894 
-0.12915 -0.122345 -0.107086 -0.142273 -0.0339661 0.106491 0.0362701 -0.0642853 -0.107422 -0.0531921 -0.142746 -0.191071 -0.0348969 0.0769653 0.100967 -0.0185852 
-0.261566 -0.359131 -0.337341 -0.226868 0.0276642 -0.0674896 0.0248108 0.0696716 -0.316925 -0.297089 -0.246979 -0.244904 -0.00679016 -0.0180054 -0.0376587 -0.044281 
-0.310944 -0.292297 -0.273758 -0.317047 0.0725555 0.0594635 -0.0439758 -0.00839233 -0.330627 -0.346832 -0.446045 -0.427002 -0.108826 -0.00816345 0.0820465 0.0686951 
-0.485382 -0.47052 -0.448685 -0.417725 -0.032074 0.0599518 0.073349 0.00157166 -0.560455 -0.523895 -0.473694 -0.452087 0.158279 0.147171 -0.0656738 -0.0608215 
-0.52475 -0.491425 -0.554764 -0.597015 0.0680542 -0.10054 -0.00608826 0.119629 -0.498108 -0.529724 -0.484467 -0.508118 -0.109756 -0.171097 0.00895691 0.0448303 
-0.78064 -0.73938 -0.721863 -0.745728 -0.0109863 0.238052 0.107193 -0.0257874 -0.62149 -0.604309 -0.693344 -0.665222 0.0394135 0.0493927 0.0452881 0.0414886 
-0.0814209 -0.16568 -0.186737 -0.143402 0.0630188 -0.127151 0.0325623 0.0647736 -0.291718 -0.233002 -0.268387 -0.317688 -0.0191803 0.17189 -0.036026 -0.127594 
-0.26947 -0.216553 -0.20961 -0.257721 -0.0233917 0.0283356 -0.0307617 -0.0245361 -0.0802917 -0.161041 -0.00744629 0.034668 0.0784149 -0.196426 0.000778198 0.130508 
-0.487854 -0.559753 -0.464172 -0.404083 0.0743103 4.57764e-05 0.0119019 0.03479 -0.590668 -0.622864 -0.669083 -0.634918 0.0292969 0.137863 0.0464172 -0.0377808 
-0.250153 -0.220123 -0.249542 -0.218994 0.00590515 0.0517731 0.0410156 0.0296631 -0.0785828 -0.0779419 -0.0108948 -0.0227356 -0.000366211 -0.0836792 0.00109863 0.0368958 
0.163788 0.176239 0.111786 0.033905 0.0236053 4.57764e-05 -0.0223541 0.0342255 0.0227661 0.0954285 0.000488281 -0.0499878 -0.0224609 -0.0425873 -0.0253906 -0.0220032 
-0.239929 -0.235107 -0.174896 -0.0953064 0.0367584 0.00463867 0.0166473 0.0186462 -0.163086 -0.190063 -0.166168 -0.144577 -0.0298615 0.0647736 -0.0159607 -0.00793457 
-0.108948 -0.109039 -0.12114 -0.233398 -0.0950775 0.0100708 0.0902252 0.00773621 -0.134888 -0.12204 -0.10051 -0.142487 -0.0178833 0.0181122 0.0481262 0.0322723 
-0.0838013 -0.106049 -0.159424 -0.0861511 0.0131683 0.0227966 -0.0146942 -0.0411835 -0.0807953 -0.121979 -0.137421 -0.0718231 0.0497589 0.0167694 0.0180664 0.00956726 
0.056427 0.116089 0.111053 0.0992584 0.101746 0.0727539 -0.0230713 -0.0215607 0.00183105 0.046463 0.0344086 0.00387573 -0.0218811 -0.060318 -0.0234375 -0.0393677 
-0.146271 -0.149597 -0.111557 -0.114731 -0.0495148 -0.119934 -0.0655212 0.0259705 -0.153336 -0.158127 -0.166702 -0.139725 -0.128113 -0.0118408 -0.0105743 -0.023468 
-0.0416107 -0.0834503 -0.0587463 -0.0124969 0.0193634 0.0658264 0.0248108 0.0211029 -0.0474854 -0.0138092 -0.111771 -0.141693 0.113876 0.0357513 -0.00126648 0.0615082 
-0.0308228 -0.00663757 -0.014328 -0.0354462 -0.0344696 0.00309753 0.0392609 -0.0328827 -0.320984 -0.403198 -0.278458 -0.240845 -0.0380707 -0.0585785 0.0292664 -0.0179749 
-0.283356 -0.292221 -0.258362 -0.303391 0.07547 0.025116 -0.0206146 0.0796356 0.129761 0.212906 0.118179 0.0611877 0.0421906 0.110275 0.0175629 0.00389099 
0.0358734 0.0917358 0.041748 0.012619 -0.00106812 -0.0214081 0.0205231 -0.0116272 -0.136612 -0.217834 -0.116821 -0.0825958 0.0558777 0.0179596 -0.0145264 -0.0276489 
-0.231277 -0.311279 -0.302917 -0.22113 -0.037674 0.0476074 0.103516 0.0394745 -0.260147 -0.224411 -0.209198 -0.203217 0.022171 -0.0759125 -0.0372314 0.0530548 
0.0437775 0.055954 0.0313873 -0.0364075 0.0448303 0.0131073 -0.0380707 -0.0522766 0.3367 0.338486 0.34494 0.344574 -0.038208 0.0223999 -0.0223389 -0.0696869 
0.247009 0.294067 0.280777 0.301804 -0.116241 0.0153046 -0.0164032 -0.0213165 -0.0707397 -0.0476074 -0.0858307 -0.0706787 -0.00621033 0.144043 0.0364532 -0.0104523 
0.052597 0.0302124 0.0695496 0.0694122 0.0809479 -0.100388 -0.0562744 0.0350647 0.355896 0.33815 0.336548 0.320053 -0.00534058 -0.0587616 -0.0186615 0.0113068 
-0.163696 -0.198807 -0.190201 -0.186279 -0.0477142 -0.0294342 -0.0494385 -0.0604858 -0.217133 -0.251266 -0.312515 -0.272079 -0.0833588 -0.171082 0.0227661 0.0423279 
0.314667 0.359116 0.321213 0.336044 0.0883484 0.17305 0.0874176 0.0180817 0.00996399 0.092865 0.123199 0.0719757 0.057724 0.11615 1.52588e-05 -0.0609589 
0.140762 0.116791 0.104889 0.0528717 -0.0362244 -0.150589 -0.0435333 0.00622559 0.420959 0.380661 0.40564 0.402603 -0.0270386 -0.0652161 -0.000534058 0.0572815 
0.093399 0.138153 0.144501 0.171921 0.000473022 0.016571 0.0200043 0.00999451 0.0892029 0.0852966 0.0948181 0.0558777 0.0247345 -0.0289307 -0.00706482 0.0684357 
0.197021 0.201202 0.205399 0.21843 -0.0245056 0.0746155 0.00941467 -0.0390778 0.159378 0.117691 0.0925293 0.156937 0.0129852 0.0399475 0.00474548 -0.0858154 
0.171326 0.160278 0.128204 0.148544 -0.083725 -0.0830994 -0.00253296 0.0276031 0.158478 0.24556 0.198517 0.124146 -0.0105591 0.108429 -0.0161133 -0.0412445 
0.10582 0.0284729 0.0878143 0.109818 -0.0270691 -0.0956116 -0.0792389 -0.0700684 -0.0718231 -0.205902 -0.0559845 0.0719604 -0.017395 -0.129669 0.00476074 0.0576782 
0.0177765 0.0105286 0.0694122 0.0368805 -0.0174408 -0.0472717 0.0600739 0.0812073 0.257294 0.290085 0.250397 0.180618 -0.00274658 -0.0696259 -0.033783 -0.0123596 
0.291977 0.381714 0.302765 0.276001 -0.0202332 0.0899353 -0.0478363 -0.0901031 0.252808 0.274048 0.2173 0.182785 0.0470734 -0.0705414 0.0278473 0.102539 
0.319107 0.326447 0.338196 0.369644 0.0500488 -0.00213623 -0.0492706 0.00758362 0.106262 0.1474 0.0925903 0.102142 -0.0267334 0.24472 0.0898285 -0.110748 
0.0962067 0.0481567 0.0317383 -0.00393677 0.0746765 0.122314 0.0272827 -0.0731049 0.294617 0.365677 0.388855 0.404099 0.0431976 -0.0337982 -0.0672455 0.0189972 
-0.0796814 -0.0819244 -0.0642395 -0.0257111 -0.00180054 -0.100723 0.00753784 0.0696564 -0.0434113 -0.140549 -0.0726166 -0.0573883 -0.0475159 -0.0534515 -0.0457764 -0.102448 
0.233536 0.264343 0.254517 0.23613 -0.113358 -0.057251 -0.0465393 -0.0439148 0.0664062 0.057312 0.0638123 0.0236816 -0.0322876 -0.0825043 0.0380402 0.146072 
0.281601 0.207779 0.219589 0.252823 0.0650635 0.0159912 -0.0517273 -0.00965881 0.456711 0.505753 0.445831 0.462952 0.0667572 0.23259 -0.0139771 -0.0991974 
0.0947723 0.112564 0.14122 0.115906 -0.122681 -0.149261 0.0164185 0.00163269 0.0516205 0.03685 0.032135 0.0338287 -0.076889 -0.252884 -0.0581512 0.0249481 
0.552963 0.610947 0.592361 0.551788 0.0139923 0.0730438 -0.0374451 -0.0911102 0.557999 0.527191 0.577408 0.622375 -0.00164795 0.104935 -0.0243073 -0.0841064 
0.312439 0.242966 0.233658 0.275757 -0.0497589 -0.0861511 -0.0308685 0.0252075 0.233826 0.215836 0.20433 0.208771 -0.0290527 -0.0721436 0.0861816 0.101028 
0.0774689 0.142807 0.0830994 0.0643158 -0.0132751 0.0505066 0.0864563 0.0631104 0.111938 0.0671997 0.168411 0.143295 0.093689 -0.119003 -0.104904 0.0705109 
0.33371 0.311386 0.385056 0.395477 0.0548859 0.0980988 -0.0756989 -0.0910187 0.363083 0.473923 0.389587 0.356262 -0.0305634 0.30426 0.0406342 -0.215103 
0.1521 0.226105 0.227966 0.191315 -0.0963287 -0.149918 -0.0350647 -0.0381775 0.212784 0.212265 0.171738 0.1633 -0.0484772 -0.0686951 0.020401 0.0466309 
0.349091 0.21373 0.229324 0.333084 -0.0065155 -0.0848236 -0.000183105 0.0187225 0.316696 0.253296 0.289871 0.30957 -0.0736084 -0.100464 0.0226593 0.0574493 
0.303909 0.346588 0.358078 0.274429 0.0675507 0.116318 -0.0569611 -0.0832977 0.268234 0.305389 0.226395 0.22641 0.103134 -0.0062561 -0.00415039 0.0208588 
0.256836 0.238708 0.169525 0.162567 -0.0673523 -0.0425415 -0.0527649 -0.0662842 0.201126 0.221588 0.208282 0.197037 -0.0449677 0.0392761 -0.0290833 -0.0593719 
0.139374 0.173172 0.156525 0.150665 -0.021637 -0.0884094 0.0276184 0.0830231 0.151505 0.091507 0.210571 0.211334 -0.0937958 -0.107468 0.00546265 -0.00840759 
0.0848236 0.079361 0.0914612 0.147385 0.031311 -0.0149231 -0.0130463 0.0200653 0.105545 0.139313 0.0678864 0.0571747 0.107132 0.0424805 -0.028656 0.040863 
0.0863037 0.0648956 0.0990143 0.102005 -0.0829163 0.0441895 0.0417328 -0.0141602 0.08461 0.033432 0.110443 0.162796 0.0718231 -0.00553894 -0.0527649 -0.0603485 
0.00346375 -0.0223236 0.00717163 0.00608826 0.0657654 0.00747681 0.0448151 0.104218 -0.0442505 0.0419922 -0.0817413 -0.165512 -0.065979 0.0673065 0.107483 0.10788 
-0.878738 -0.768188 -0.788513 -0.861252 0.0262756 0.13562 0.0337067 -0.084549 -0.860641 -0.8741 -0.751923 -0.654755 0.0369873 0.0632172 -0.0706024 -0.152283 
0.846924 0.752563 0.824799 0.931549 -0.0446014 -0.267868 -0.13559 0.0257568 1.0408 1.03984 1.02007 0.988663 -0.0286255 -0.133575 0.0434723 0.130432 
0.967941 1.02917 0.993286 0.906662 -0.0496368 0.114883 -0.104416 -0.209747 0.876678 0.866119 0.902313 0.885178 -0.0629578 0.145065 -0.0204773 -0.11911 
0.589951 0.555527 0.5233 0.521362 -0.0569611 -0.134171 0.00370789 0.00808716 0.615295 0.580353 0.548294 0.505219 0.0592499 -0.226852 -0.0350494 0.0647278 
0.562637 0.550537 0.551819 0.554535 -0.08815 -0.0153046 -0.0871582 -0.0927124 0.466751 0.491165 0.425995 0.490234 -0.0562897 0.18808 0.00564575 -0.0876617 
0.219757 0.310379 0.199722 0.146698 0.0541077 0.0565338 0.0623016 0.0603638 0.218643 0.129715 0.200867 0.203354 0.0914764 -0.264832 -0.0346375 0.179489 
0.312958 0.220551 0.289368 0.357056 -0.0203552 0.0431061 0.00372314 -0.0510101 0.252411 0.374481 0.302795 0.304276 -0.13858 0.23233 -0.0100861 -0.223465 
0.104294 0.0968475 0.190796 0.214798 -0.0687408 -0.140823 -0.0537415 0.0098114 0.164932 0.166489 0.169754 0.171799 0.0408325 -0.0943909 0.0500488 0.141388 
0.145416 0.137421 0.0758209 0.082901 0.0567474 -0.0886383 0.0223694 0.114349 0.160446 0.042099 0.162018 0.151978 0.0296021 -0.140045 -0.0740509 -0.0287018 
0.255859 0.248993 0.227539 0.228058 0.00314331 0.0236359 -0.0192871 -0.0626373 0.268661 0.311493 0.285843 0.264465 0.00502014 0.1035 0.00636292 -0.0343018 
0.195374 0.261902 0.275787 0.267044 -0.0765381 0.0652313 -0.013916 -0.0719299 0.171722 0.261978 0.145844 0.134811 -0.0594482 0.072937 -0.006073 -0.0644531 
0.134232 0.108337 0.136948 0.0894165 0.0117493 0.0290375 -0.0917969 -0.113235 0.161469 0.116928 0.165329 0.168839 -0.0532074 0.0696259 0.0786285 0.00520325 
-0.0431519 -0.0323334 -0.0597382 -0.0856476 -0.048111 -0.0395966 0.0341797 0.0615082 0.160873 0.137619 0.105835 0.123978 0.0209198 -0.0961151 -0.0228729 0.053009 
0.422333 0.355515 0.356979 0.428726 -0.0230713 -0.163376 -0.0559845 -0.00421143 0.11235 0.127625 0.1707 0.186218 0.0524292 -0.0718079 -0.0359497 0.0442657 
-0.11792 -0.0935364 -0.162796 -0.18811 0.0127258 0.0153809 0.0466919 0.0115204 -0.0448914 -0.0960999 -0.0739899 -0.105606 0.0473938 0.00794983 -0.055481 -0.0310669 
0.224335 0.217316 0.307861 0.355164 0.0668182 0.0215607 0.0149078 0.0327606 0.196182 0.231415 0.198853 0.163864 -0.00643921 -0.0124207 0.0670471 0.0592651 
0.153397 0.213165 0.242996 0.193832 -0.00793457 0.0236053 0.00262451 0.0469666 0.214447 0.181366 0.176331 0.248917 -0.0947876 -0.0955353 -0.00889587 -0.0605164 
0.151566 0.11113 0.0743866 0.0714874 -0.146835 -0.0885315 -0.0702515 -0.135284 0.176254 0.24968 0.242722 0.192917 0.0395966 0.234192 0.0125427 -0.0246124 
0.179504 0.172272 0.145187 0.131882 0.0504608 0.170517 0.0335083 -0.0525818 -0.114014 -0.121231 -0.136108 -0.122314 0.0611877 -0.0434113 0.00860596 0.0309601 
-0.179855 -0.201218 -0.11731 -0.082489 -0.0256195 -0.134842 -0.0509186 0.0149384 0.412186 0.369705 0.420044 0.452133 -0.0921783 -0.0265198 -0.00149536 -0.0431061 
0.350983 0.408798 0.35173 0.328262 0.0727234 0.0874329 -0.00971985 0.0331879 0.0147705 0.0132294 0.0302124 -0.00741577 -0.00289917 -0.0821228 -0.0343018 0.017334 
0.0668182 0.0371552 0.0137634 0.015564 -0.0102386 0.0184784 0.0499115 0.0411835 -0.00686646 0.0574799 0.00744629 0.00654602 0.0209351 0.0713348 -0.023941 -0.0239258 
0.0059967 -0.025116 0.049057 0.0906677 -0.101791 -0.0578766 -0.0351562 -0.0780945 0.0742798 0.0267487 0.0451508 0.0724792 -0.0377045 0.0106506 -0.0244751 -0.0418091 
-0.259888 -0.266373 -0.313354 -0.348755 0.104645 -0.031723 0.0294189 0.0803986 -0.0114288 0.0112152 -0.0116272 -0.0286407 0.0240326 0.0848389 0.0857239 0.00631714 
0.361954 0.35437 0.332748 0.378754 -0.0508423 0.00402832 -0.00299072 -0.0319519 0.0350647 0.00125122 -0.0204163 0.00657654 0.00932312 -0.0146332 -0.0040741 -0.0190125 
-0.0834961 -0.0197296 -0.0389709 -0.0849915 0.0108643 0.0208282 -0.0549011 -0.0424652 0.151993 0.141495 0.235214 0.181564 0.0690002 -0.137054 -0.0329285 0.105835 
0.128891 0.10936 0.135788 0.0852203 -0.0103912 -0.0501556 0.0307312 0.0410767 -0.145721 -0.207703 -0.1689 -0.0963287 0.00918579 -0.0431366 -0.0153503 0.0280457 
-0.13707 -0.130981 -0.159714 -0.0892334 0.0419922 0.0362549 0.0103149 0.00210571 -0.121307 -0.0684509 -0.146957 -0.175888 -0.0227051 -0.00120544 0.00645447 0.000534058 
0.167755 0.141083 0.235229 0.223969 -0.0806122 -0.00294495 0.0172424 -0.011322 0.191101 0.283051 0.190018 0.110718 -0.0153503 0.143707 0.018631 -0.0601654 
-0.216537 -0.116119 -0.252563 -0.264999 0.140701 0.115799 0.00762939 -0.00485229 -0.174362 -0.247986 -0.15683 -0.136993 -0.0888214 -0.139328 -0.0121155 0.0114899 
-0.122391 -0.122772 -0.112228 -0.180725 -0.0958099 -0.0786438 -0.032608 0.00733948 -0.068634 -0.0401917 -0.0507812 0.0166931 0.0565186 0.086792 0.0132141 -0.0139313 
-0.178253 -0.266418 -0.199539 -0.0907593 0.0429993 -0.0220184 0.0318909 0.0408478 -0.174408 -0.210602 -0.256607 -0.264389 -0.000839233 0.0583191 0.0254364 0.00315857 
-0.560181 -0.602692 -0.56459 -0.557983 0.0136566 -0.0588989 0.0496674 0.0619354 -0.557983 -0.544067 -0.446823 -0.453888 0.0750732 0.0139313 -0.0498962 -0.0404358 
-0.0641174 -0.0617981 -0.0749817 -0.0944519 0.00315857 0.0447083 -0.0340118 -0.0449371 -0.113983 -0.0700989 -0.078537 -0.0965881 -0.0984344 -0.0286865 0.016571 -0.0343628 
-0.295715 -0.225647 -0.218231 -0.233002 -0.0106049 0.170975 0.054184 -0.0145264 -0.290741 -0.288818 -0.426102 -0.417847 0.0896912 0.0891266 0.0631256 0.102783 
-0.0600891 -0.0649109 -0.150864 -0.16156 0.0266724 -0.049057 0.0252533 0.0391998 -0.0452271 -0.0559692 -0.00361633 -0.0249023 -0.0792847 -0.196121 -0.0419464 0.0298767 
-0.0285645 -0.0367126 0.00238037 0.0330505 0.00344849 0.0398865 0.0142365 0.0336609 0.140381 0.140045 0.144119 0.175232 0.0671387 0.0945282 0.0174103 -0.0140076 
0.0391541 0.108276 0.0470123 -0.0248108 0.0267487 -0.0940094 -0.0499725 -0.00299072 -0.118896 -0.203064 -0.141769 -0.124878 -0.0606995 -0.0113373 -0.00750732 -0.0515442 
-0.147888 -0.208099 -0.162994 -0.136322 -0.0732269 0.122711 0.0776825 -0.0790863 -0.208923 -0.184631 -0.15451 -0.157806 0.00672913 -0.000762939 -0.0389099 -0.0209808 
-0.419159 -0.402222 -0.41568 -0.431824 0.156097 0.0432892 -0.0275879 0.120071 -0.290985 -0.239685 -0.285629 -0.31781 0.0241089 0.0398712 0.0166779 -0.0045166 
-0.0466614 -0.104797 -0.085022 -0.0604858 -0.0433044 -0.134705 0.0457458 0.00500488 -0.193146 -0.187408 -0.221924 -0.201233 0.0332336 -0.130264 -0.000869751 0.102585 
-0.259552 -0.175293 -0.156082 -0.153778 0.0597839 0.0875702 -0.0520477 0.0272217 -0.249451 -0.264221 -0.281876 -0.274628 -0.082489 0.0696106 0.0557861 -0.00695801 
-0.197357 -0.274872 -0.260254 -0.237701 -0.0492706 -0.0498047 0.0450287 -0.0339355 -0.0612488 -0.126831 -0.0183563 -0.00689697 0.156204 -0.00335693 -0.0691223 -0.0666809 
-0.159088 -0.16098 -0.155731 -0.12442 0.0501709 0.0611725 -0.00756836 0.0294952 -0.311371 -0.266449 -0.354095 -0.398651 -0.136993 -0.0308533 0.0379944 0.070282 
-0.292969 -0.253418 -0.278625 -0.305725 -0.0515289 -0.00967407 0.0114288 -0.0328064 -0.234436 -0.194611 -0.19574 -0.18222 0.0837097 0.198715 0.0479126 -0.0105438 
-0.319733 -0.283386 -0.298706 -0.378998 0.0486755 0.0872803 0.0709076 0.0684662 -0.27951 -0.327332 -0.306274 -0.279175 0.0344849 -0.0950165 -0.0670624 -0.0597076 
-0.264771 -0.339874 -0.317245 -0.230316 0.0192108 -0.0868835 -0.00715637 0.0454102 -0.281097 -0.249237 -0.255646 -0.300903 -0.154053 -0.0769196 0.0505371 0.0606232 
-0.288239 -0.250153 -0.257248 -0.295898 0.0563812 0.00216675 0.00177002 0.0127258 -0.290344 -0.330048 -0.303085 -0.273499 0.0216217 -0.0183258 -0.00100708 0.0238037 
-0.167633 -0.224792 -0.219864 -0.153809 -0.03302 0.145752 0.0106964 -0.0760498 -0.232422 -0.22226 -0.264389 -0.232239 0.13945 0.124725 -0.00212097 -0.0434265 
-0.311096 -0.236115 -0.247971 -0.29837 0.0469208 -0.0202332 0.0448608 0.0968933 -0.263153 -0.204102 -0.199249 -0.27182 -0.0322876 0.00744629 0.049942 0.0246429 
-0.264313 -0.346863 -0.272018 -0.238861 0.0228882 -0.030426 0.0111237 0.0526733 -0.286194 -0.298126 -0.257782 -0.22052 0.0307465 -0.037262 -0.0292206 0.0138855 
-0.173523 -0.119263 -0.203552 -0.225067 0.00679016 0.0514374 0.0393829 -0.0402069 -0.124878 -0.162109 -0.190567 -0.17099 0.0411377 0.0253143 -0.0103455 0.0475616 
-0.147064 -0.0843811 -0.0980682 -0.126495 -0.00106812 0.0226593 -0.0201416 -0.0112152 -0.126038 -0.12149 -0.108536 -0.113892 -0.161789 -0.00115967 -0.00648499 -0.129852 
-0.020874 -0.0862732 -0.0222626 -0.0179443 -0.0258636 -0.128235 -0.0107422 0.0647125 -0.0466003 -0.0325928 -0.0142822 -0.0656128 0.0147095 -0.0460052 -0.0201263 0.00907898 
-0.00744629 -0.0133667 -0.0803986 -0.0722961 -0.0221558 0.0406189 0.0233612 -0.0196686 -0.0276184 -0.0232239 -0.0645599 0.0213013 0.0475922 0.0210876 0.0730286 0.089325 
-0.247437 -0.267578 -0.200439 -0.175751 0.0418243 0.0972443 0.0212708 0.0158844 -0.258514 -0.33783 -0.301208 -0.330994 0.00982666 -0.0488739 -0.0495453 0.0312805 
-0.244019 -0.198425 -0.284821 -0.294403 0.115234 0.108536 0.0353241 0.00697327 -0.240997 -0.172791 -0.234497 -0.273834 0.0330048 0.0895386 0.064682 -0.00752258 
-0.158173 -0.138214 -0.151871 -0.202698 -0.0160217 0.0292664 0.0281982 -0.0195618 -0.124054 -0.166351 -0.111023 -0.0815735 0.0380707 -0.0918579 -0.0957642 -0.0257263 
-0.207123 -0.234436 -0.201035 -0.149597 0.0672913 -0.0809479 -0.0421906 0.0726776 -0.259918 -0.170868 -0.206955 -0.222443 0.0363464 0.126373 0.0431671 -0.00631714 
-0.204712 -0.244904 -0.256485 -0.233124 -0.0555573 0.0140076 0.02211 0.00628662 -0.200623 -0.317963 -0.353043 -0.31723 -0.13121 0.00463867 0.0565033 -0.00776672 
-0.565521 -0.495239 -0.448059 -0.493256 0.0155029 0.134903 0.0407562 -0.0274048 -0.543701 -0.473724 -0.412872 -0.43277 0.0776978 0.024292 -0.0448608 -0.0327759 
-0.595886 -0.579132 -0.595474 -0.600037 0.0155487 -0.0764008 0.0303955 0.0932007 -0.604095 -0.584259 -0.588623 -0.585022 -0.0427399 -0.127151 0.0572815 0.135757 
-0.368225 -0.457977 -0.403488 -0.344788 0.0748749 -0.0994873 0.0314178 0.0862885 -0.505981 -0.51474 -0.597534 -0.604614 0.0231323 0.125198 -0.000732422 -0.0386353 
-0.450439 -0.382812 -0.450958 -0.504181 0.0131531 0.132507 0.0595856 -0.0448303 -0.259491 -0.243713 -0.122849 -0.144531 0.168961 -0.104767 -0.0399628 0.0644379 
-0.306061 -0.346954 -0.299591 -0.236969 0.0424042 0.113083 0.0154877 0.0410614 -0.355957 -0.413605 -0.429489 -0.411957 -0.132278 -0.0309906 0.0270386 -0.0381165 
-0.238647 -0.222748 -0.232376 -0.290527 -0.0411072 -0.0632629 0.0271912 0.026474 -0.187683 -0.151581 -0.193405 -0.196564 0.0457306 0.156555 0.0469055 -0.00645447 
-0.180939 -0.18927 -0.226105 -0.221313 0.0890198 0.0220184 -0.0371704 -0.0321808 -0.215485 -0.196716 -0.25264 -0.28009 -0.160828 0.0131531 0.0250092 -0.0828552 
0.20163 0.21286 0.216019 0.245239 -0.0398865 -0.0751343 -0.0301514 0.0203705 0.196289 0.155151 0.23938 0.300934 0.0684814 -0.16568 -0.0560608 0.0576324 
-0.447723 -0.478058 -0.421127 -0.459503 -0.0180664 -0.00770569 0.0448914 0.0388947 -0.451843 -0.455261 -0.456314 -0.473129 0.0728607 0.0422974 -0.00952148 0.072525 
-0.185211 -0.113617 -0.130386 -0.125671 0.0528259 0.0914001 0.0698853 0.0816345 -0.381638 -0.383759 -0.356796 -0.333817 0.0631714 0.138306 0.0399323 -0.0344391 
-0.177856 -0.227478 -0.264053 -0.20195 0.0236053 0.0032196 -0.00012207 0.0147552 0.113327 0.157288 0.081543 0.0678864 -0.0403442 -0.0839081 0.00895691 0.0215454 
-0.0810394 -0.04599 -0.065155 -0.135178 0.0373383 0.097702 0.0204468 -0.0541534 -0.324829 -0.358917 -0.294327 -0.281387 -0.010849 0.02211 -0.0452271 -0.049881 
-0.159073 -0.253052 -0.194855 -0.171387 -0.0467987 -0.00569153 -0.0245667 -0.108459 0.0554199 0.118317 0.110458 0.0935669 0.0236969 0.0401917 0.00169373 -0.00665283 
-0.257034 -0.191467 -0.230331 -0.198868 0.0269318 -0.0370789 0.0205994 0.123047 -0.239151 -0.249588 -0.262436 -0.311951 -0.0664368 -0.0293274 6.10352e-05 -0.0131836 
0.453918 0.422775 0.501984 0.490662 -0.0830078 -0.0321045 -0.040802 -0.112671 0.389877 0.36702 0.408951 0.445374 -0.0586243 0.00375366 0.0211792 -0.0280609 
-0.0175629 -0.0382996 -0.0610809 -0.0170288 0.0426636 0.00318909 0.00450134 0.035141 -0.0209656 -0.0312195 -0.0444794 -0.0313721 -0.0112457 0.0391846 0.00216675 -0.0124512 
-0.356857 -0.283844 -0.274475 -0.353943 0.034668 0.0749054 0.0198517 0.103256 -0.375275 -0.383408 -0.475113 -0.479553 0.0259247 0.00369263 0.0319366 0.0393829 
0.0179901 0.0220795 -0.0813904 -0.0684204 -0.024292 -0.00961304 0.0538635 -0.0259094 -0.297897 -0.31192 -0.324234 -0.30809 0.0827332 -0.160416 0.0108337 0.167465 
-0.0813904 -0.0678253 -0.0906219 -0.10733 0.0256195 0.0209808 0.07164 0.0581818 0.322113 0.365509 0.390076 0.330505 -0.0180359 0.010025 -0.0373383 -0.0762024 
-0.227127 -0.229996 -0.187592 -0.165939 0.0661926 -0.00216675 -0.0950623 -0.026825 -0.210556 -0.255936 -0.156433 -0.112289 0.0426788 0.0762939 -0.0288849 -0.0503845 
0.209747 0.224106 0.240875 0.200531 -0.0238953 0.0363617 0.0128174 -0.0595398 0.195953 0.23056 0.174286 0.175827 -0.00656128 0.027832 -0.0172424 -0.0193176 
0.0776215 -0.000473022 0.0402832 0.0980072 -0.0666199 -0.110382 -0.0949402 -0.0482941 -0.0491486 -0.0419769 0.0412598 0.0638275 -0.0648956 0.0117035 -0.00354004 -0.0310364 
0.292572 0.322021 0.290344 0.276978 -0.0286102 0.00773621 0.0171967 -0.0545349 0.365631 0.361649 0.337463 0.272263 0.0404816 0.0404053 0.0476837 0.0537567 
0.319138 0.359299 0.314453 0.297913 0.00810242 0.0299683 0.102051 0.149109 0.27594 0.276474 0.227463 0.257095 -0.00506592 -0.0732269 -0.000579834 -0.0457153 
0.0718994 0.0939331 0.122971 0.133118 0.0358582 -0.03125 -0.0225372 -0.0117493 -0.096283 -0.0818481 -0.106888 -0.0693817 -0.00447083 0.0899658 0.00709534 0.0464935 
0.001297 -0.0172424 0.0148468 -0.0267487 -0.0475311 0.0301056 -0.0162964 -0.0273743 0.295486 0.264175 0.232666 0.20694 -0.0845642 -0.0996552 0.0171204 -0.0127411 
0.0420227 -0.00640869 -0.00439453 0.0812683 0.0643311 0.00492859 -0.0373077 0.000762939 -0.0125427 -0.0228271 0.0510864 0.0714417 0.12381 0.0448456 -0.0437164 -0.0238495 
0.200989 0.227509 0.203735 0.155991 -0.0881348 -0.114365 -0.0662384 -0.0258179 0.00709534 0.0121307 -0.013855 -0.0494385 -0.0523224 -0.0976257 -0.00827026 0.04599 
-0.046463 -0.108932 -0.0668793 -0.0134125 -0.0350494 0.0161743 0.000244141 -0.0450287 0.16394 0.173492 0.109711 0.0834503 0.0308685 -0.00852966 0.0166016 -0.0396271 
0.358109 0.400543 0.315338 0.239532 0.0305328 -0.0294952 0.0446167 0.0458984 0.307068 0.297836 0.311279 0.359268 -0.076889 0.0334015 0.0441895 0.0782471 
0.267319 0.281921 0.355896 0.36116 -0.0253448 0.0587006 -0.0676727 -0.102737 0.0960388 0.0944366 0.148911 0.140564 0.012619 0.079422 -0.026062 -0.130035 
0.218384 0.199173 0.216721 0.219406 -0.0150604 -0.0639343 -0.00352478 -0.0416412 0.489853 0.472733 0.471451 0.479599 0.0751038 -0.0438843 -0.033432 0.0786591 
-0.0475464 0.00465393 -0.12291 -0.116989 0.0280304 0.0918732 0.0428467 0.0704956 -0.350388 -0.333954 -0.318863 -0.359299 -0.00735474 0.0543518 0.0116882 -0.054718 
0.0352631 -0.0351105 0.0446625 0.0308075 0.0439301 -0.0989227 -0.0673676 0.00912476 0.297867 0.297241 0.238297 0.311417 -0.121429 -0.160706 -0.0038147 0.0636597 
0.260605 0.296173 0.310135 0.328094 -0.120255 0.00561523 0.00680542 -0.0808258 0.26181 0.365479 0.408386 0.33551 0.0287933 0.203827 -0.0386505 -0.138962 
0.337433 0.300903 0.307175 0.384491 0.0509033 -0.0249329 0.00128174 0.0571747 0.177307 0.054657 0.076355 0.0554657 0.0529938 -0.267105 -0.00706482 0.150986 
0.328293 0.400787 0.423218 0.327515 -0.0722046 0.0202637 -0.0353394 -0.0879211 0.479355 0.529282 0.506729 0.565201 -0.0170746 0.1987 -0.0119781 -0.100449 
0.377502 0.297531 0.290512 0.328247 -0.00564575 -0.135468 -0.0716553 -0.0110321 0.360352 0.311264 0.366776 0.343506 -0.073349 -0.104385 -0.00393677 -0.0413361 
0.241623 0.232544 0.237122 0.248062 -0.0365143 -0.00949097 0.0466156 0.0353546 0.229691 0.230377 0.158813 0.144318 0.139053 -0.00976562 -0.0101318 0.0873718 
0.33931 0.347885 0.374817 0.351105 -0.0636292 0.0174408 -0.065918 -0.112442 0.229721 0.343277 0.344574 0.344467 -0.0627747 0.244888 0.0872345 -0.0892029 
0.176254 0.255615 0.222824 0.171463 0.0247192 0.00785828 -0.0648041 -0.00314331 0.304459 0.225204 0.299911 0.326263 -0.0674744 -0.130127 -0.0483398 -0.0136719 
0.280853 0.185165 0.248169 0.332642 0.0631256 -0.0342712 0.0234528 -0.0366821 0.259384 0.238678 0.180099 0.191605 0.0220642 -0.0974426 -0.0164185 0.112625 
0.275009 0.353622 0.238205 0.194717 -0.0845947 0.0272522 0.04599 0.0897675 0.284943 0.248962 0.201523 0.195328 -0.00123596 -0.0461731 0.0329437 0.0514374 
0.252655 0.210373 0.203156 0.207733 -0.0332184 -0.0320435 0.0015564 -0.0108185 0.155563 0.214783 0.216751 0.192261 0.0814056 0.065506 -0.0500031 -0.0950775 
0.123322 0.102676 0.151962 0.172531 -0.0531006 -0.126328 -0.0963135 -0.0569 0.199844 0.178253 0.189987 0.187881 -0.119186 -0.00192261 0.0415192 0.00260925 
0.0966797 0.152634 0.0934296 0.0380402 0.0352325 0.0262604 0.09935 0.056839 0.0721893 0.13649 0.0911407 0.0643158 0.0335388 -0.0176849 -0.0576324 -0.0233002 
0.115082 0.0474548 0.0684967 0.136688 0.062912 0.0462646 -0.107178 -0.0659027 0.0494232 0.0245667 0.102158 0.119385 0.0176697 -0.0355072 -0.0022583 0.0467072 
-0.131378 -0.0888062 -0.0734253 -0.116425 -0.00508118 0.0586395 0.035141 0.0320435 -0.111984 -0.187485 -0.115387 -0.0756531 0.0439606 0.0517426 0.0761108 -0.00747681 
-0.711472 -0.65535 -0.626038 -0.636185 -0.0487366 0.125687 0.0779877 -0.0323181 -0.698044 -0.621109 -0.606262 -0.571503 -0.0229034 0.0413666 -0.0600891 -0.0862274 
0.908936 0.853256 0.863098 0.872543 -0.062027 -0.289627 -0.109512 -0.0659332 0.997604 0.926102 0.87915 0.848923 -0.0328827 -0.12442 -0.0122223 0.0665131 
0.829773 0.842896 0.919693 0.952103 0.0198517 0.0282745 -0.0997467 -0.0764008 0.85759 0.933655 0.968918 0.968414 -0.0370483 0.0357666 -0.0309143 -0.0348358 
0.716248 0.749969 0.580063 0.516769 -0.0427704 0.0179443 -0.0252991 -0.0400085 0.641647 0.491196 0.495239 0.488541 -0.0161438 -0.14325 -0.0206757 -0.0132599 
0.268311 0.205002 0.335266 0.373138 -0.0448456 -0.0398102 -0.00776672 -0.0157928 0.287735 0.390915 0.331467 0.315948 -0.0745239 0.111572 0.00479126 -0.0759888 
0.419678 0.442581 0.362839 0.351074 -0.0579224 -0.0841064 0.0067749 0.0543518 0.393341 0.389023 0.35051 0.329742 0.121918 0.0313721 0.0562439 0.129456 
0.317947 0.263794 0.266174 0.260422 -0.00952148 0.00227356 -0.0556946 -0.0577393 0.256805 0.355865 0.377533 0.373138 -0.0165558 0.118408 -0.0548706 -0.173218 
0.248505 0.293564 0.305054 0.286285 -0.015213 0.0039978 -0.0310516 -0.125977 0.320343 0.243668 0.219116 0.245834 -0.0265656 -0.178177 0.0272064 0.145874 
0.0916138 0.108414 0.0961761 0.160614 0.0611572 -0.0429688 0.0424194 0.183563 0.119232 0.0778656 0.0924377 0.0943451 0.0358429 0.0249786 -0.0555878 -0.0808258 
0.345001 0.317001 0.330933 0.331741 -0.0435791 -0.0381622 -0.0316467 -0.00360107 0.329514 0.332275 0.354736 0.362701 0.0388947 0.0100098 0.0101471 0.0656738 
0.039444 -0.00515747 -0.00489807 0.0316467 0.0660248 0.145218 0.00331116 -0.0925751 0.126068 0.187607 0.136902 0.0897827 -0.121536 0.0372467 -0.0096283 -0.126724 
0.295776 0.299103 0.340347 0.258743 -0.16507 -0.234756 -0.0648804 -0.0320435 0.312561 0.280869 0.336273 0.385376 0.0412292 -0.0531006 -0.000320435 0.117859 
0.273651 0.315704 0.270248 0.291779 -0.0395813 0.043869 -0.0846252 -0.129288 0.0729523 0.12999 0.0769653 0.045929 -0.0159607 0.150528 0.0479279 -0.104919 
0.0386505 0.00718689 0.0749817 0.0603638 0.0483551 -0.0206909 0.0703888 0.124329 0.0356293 -0.0052948 0.0334473 0.0471191 -0.0690308 -0.13913 -0.0219421 0.0409088 
0.0196686 0.101593 -0.0257416 -0.0824585 0.0400391 0.0410156 0.0117798 -0.00810242 0.301804 0.250854 0.290024 0.314285 0.0729218 0.0357819 -0.0366821 -0.0284271 
0.344727 0.340775 0.391617 0.443207 -0.0107117 0.0282135 -0.0178528 -0.0791168 0.0370636 0.0770874 0.049942 0.0107574 -0.0509491 -0.137253 -0.00814819 0.0645599 
0.30481 0.257706 0.253067 0.280533 -0.040802 -0.0567017 -0.00267029 0.0375366 0.34169 0.296997 0.300919 0.319443 0.0690918 0.105759 0.0203094 -0.0371399 
-0.103256 -0.129532 -0.0424805 -0.0516968 -0.0165558 -0.0570374 -0.0582123 0.0100861 -0.0363159 -0.0131226 -0.0110626 -0.0272522 -0.036377 -0.032486 -0.0137482 -0.0348816 
0.0399017 0.0440521 0.0554504 0.063324 -0.044632 0.0206909 -0.00653076 -0.062561 0.28038 0.188507 0.201172 0.251923 0.0504303 -0.149261 -0.00540161 0.13681 
0.241043 0.164352 0.137589 0.174423 -0.0151672 -0.0793304 0.0385284 0.0291595 -0.091156 -0.000869751 -0.03685 -0.0946503 0.00944519 0.112 0.0384827 -0.0120544 
-0.0825653 0.0106506 -0.0512695 -0.0934906 0.0532837 0.0817261 0.0198669 0.0109711 -0.0750122 -0.00201416 -0.00941467 -0.0275421 -0.00709534 0.0652924 -0.0319824 -0.0668488 
-0.0487366 0.017746 -0.00718689 -0.0350342 0.0305481 0.0340271 -0.0183868 0.0371704 0.0105438 -0.0557251 -0.0994568 -0.0618896 -0.0631104 -0.0417786 0.00750732 -0.00866699 
0.0101318 -0.00918579 0.0473022 0.0375671 -0.0357971 0.0151825 -0.0171051 -0.0810242 0.258957 0.293427 0.294205 0.298325 -0.0461426 0.0552216 0.0256958 -0.0291443 
0.186874 0.164734 0.157562 0.124039 -0.0202789 -0.0995026 -0.121979 -0.0386658 -0.106995 -0.105331 -0.103729 -0.166672 0.0259705 -0.0100861 0.00154114 0.0396881 
0.186768 0.101562 0.152954 0.248306 -0.0567474 0.00195312 0.0434265 -0.0339508 0.200226 0.171127 0.271164 0.332825 -0.0190735 0.0535126 -0.035965 -0.120438 
-0.116516 -0.0925293 -0.192032 -0.185715 0.0707245 0.0659332 0.0886536 0.10466 0.0757446 0.0579681 0.093338 0.0786438 0.0608978 -0.0834808 -0.0201721 0.0436249 
-0.0272522 -0.000579834 -0.0107422 -0.0174103 0.00218201 0.0123749 0.0535736 0.00419617 -0.284683 -0.250839 -0.315475 -0.307053 0.0995026 0.0542297 0.0493317 0.0580444 
-0.207611 -0.195953 -0.114029 -0.158539 0.00160217 -0.0381775 -0.0349884 0.0229645 0.0413208 0.0138245 -0.050827 -0.0383453 -0.084137 -0.0653229 0.00309753 0.0169678 
0.0509033 0.083252 -0.0199585 -0.0269165 0.00384521 0.0316315 0.0192566 0.0284424 0.0639343 0.0465698 0.087265 0.0693359 -0.00270081 -0.0534058 0.00708008 0.0718536 
0.0689392 0.0193481 0.11116 0.126129 0.0287018 -0.111847 -0.0440063 0.0517426 -0.18399 -0.19632 -0.205185 -0.174271 -0.0239105 -0.0284119 -0.0569763 -0.0259399 
-0.110504 -0.0763855 -0.095932 -0.0794067 -0.0167389 0.0952454 -0.0242615 -0.115265 -0.12973 -0.0775146 -0.0899506 -0.115524 -0.0658417 0.1017 0.0759277 -0.015625 
-0.471924 -0.517548 -0.463821 -0.444397 -0.101105 0.0236664 0.0487213 -0.023819 -0.219543 -0.254272 -0.201141 -0.218887 0.0949097 -0.013382 -0.0747375 -0.0346985 
-0.0228577 0.0381165 -0.0376282 -0.138672 0.115005 0.0816956 0.0281372 0.0500946 -0.0336914 -0.0495605 -0.0564117 -0.00537109 0.0171204 -0.0065155 0.0256348 0.0431519 
-0.2229 -0.194946 -0.228851 -0.19281 -0.0220032 0.0209198 0.0301056 -0.0282135 -0.266693 -0.188232 -0.248566 -0.322754 -0.0766754 0.123062 0.0331726 -0.130951 
-0.167999 -0.201416 -0.159195 -0.159302 0.131805 -0.0594025 -0.0280304 0.0932312 -0.378998 -0.419189 -0.293854 -0.235321 0.0839996 -0.0107117 -0.0864563 -0.0181122 
-0.0896912 -0.158203 -0.134125 -0.0649414 -0.0533142 0.0606689 0.0515594 -0.00460815 -0.0895691 -0.103455 -0.170059 -0.165802 -0.0273895 -0.0301208 0.0243073 0.0492859 
-0.455353 -0.427246 -0.431168 -0.445587 0.0438843 -0.0556641 -0.0166016 0.0422974 -0.233368 -0.164307 -0.26413 -0.288757 -0.0351562 -0.0276031 0.112396 0.104599 
-0.135712 -0.0835571 -0.145477 -0.184998 -0.0142822 0.0870819 0.0416412 0.0269623 -0.283173 -0.340424 -0.301346 -0.287506 0.0873108 6.10352e-05 -0.0328522 0.0289764 
-0.135437 -0.227631 -0.127991 -0.0940552 0.0424042 -0.0654297 0.0148773 -0.0102081 -0.126801 -0.162201 -0.0315247 -0.0364075 0.0251617 -0.0234375 -0.0665436 -0.0748901 
-0.288086 -0.250824 -0.311386 -0.314178 -0.0111694 -0.0010376 -0.0146637 0.0128479 -0.270172 -0.276703 -0.431519 -0.418823 -0.157059 -0.153732 0.0596771 0.0466003 
-0.324219 -0.28244 -0.317627 -0.306702 -0.0646973 0.092514 0.0531921 -0.045105 -0.231537 -0.163422 -0.0890656 -0.109283 0.0742035 0.0825806 -0.000991821 0.0148926 
-0.2742 -0.21106 -0.217331 -0.2836 0.0795746 0.0380402 -0.00518799 0.0776825 -0.35965 -0.420959 -0.41127 -0.401276 0.0312805 0.0622406 0.0127563 -0.0122833 
-0.292328 -0.425995 -0.343689 -0.270081 0.0487213 -0.016449 0.0027771 -0.00686646 -0.177948 -0.156525 -0.142181 -0.120667 0.0102539 0.098587 -0.05159 -0.0910034 
-0.351929 -0.268738 -0.298859 -0.377441 -0.040863 -0.0364227 0.0392914 0.0576172 -0.439148 -0.408844 -0.426437 -0.479919 -0.000595093 -0.0240326 0.065506 0.077179 
-0.210052 -0.183685 -0.231339 -0.242676 0.0175476 0.0919037 0.0340118 0.000747681 -0.244812 -0.232819 -0.291367 -0.28833 -0.0183411 0.0226746 0.0182495 0.00756836 
-0.252563 -0.276794 -0.27771 -0.230804 0.0935822 0.0291138 0.0453339 0.0483093 -0.217865 -0.237122 -0.270874 -0.220642 0.0666504 0.0505981 0.0427551 0.0249939 
-0.217102 -0.308411 -0.263046 -0.196655 -0.0689697 -0.0695648 -0.0448608 -0.0477905 -0.285645 -0.295044 -0.171265 -0.172791 -0.0338135 -0.0239105 -0.0870361 -0.0602875 
-0.311676 -0.253967 -0.221985 -0.235321 0.159805 0.132065 0.0586243 0.0749054 -0.297943 -0.24176 -0.279602 -0.293213 -0.0209351 -0.0281219 0.0112762 -0.0370026 
-0.286133 -0.314941 -0.326324 -0.352356 -0.058075 -0.0564575 0.029953 0.0498047 -0.246124 -0.325104 -0.337112 -0.314087 -0.00976562 -0.106354 0.0120087 0.121155 
-0.161316 -0.11087 -0.155243 -0.191376 0.0409088 0.0489655 -0.0190887 -0.0179749 -0.13269 -0.145782 -0.121841 -0.154297 0.0345154 0.00764465 -0.0180206 -0.00941467 
-0.108093 -0.150177 -0.101532 -0.0643311 -0.0244751 -0.00552368 0.00750732 -0.0125427 -0.15567 -0.0690918 -0.105957 -0.111755 -0.00114441 0.0441437 -0.0307617 -0.0773926 
-0.0248718 -0.0396729 -0.0156708 0.00469971 -0.0394897 -0.0396423 -0.0396576 -0.0444031 0.0235291 -0.00720215 0.00730896 0.00881958 -0.0710602 0.0593719 0.0906677 0.0541992 
-0.0789795 -0.0427551 -0.113297 -0.168884 0.00289917 0.000320435 0.0388794 0.0065155 -0.0808411 -0.085968 -0.13826 -0.131134 0.079361 -0.0179901 -0.0197144 0.0121002 
-0.250885 -0.243042 -0.178528 -0.135132 0.0359344 0.0314178 0.0388184 0.0787048 -0.228333 -0.246338 -0.191101 -0.207397 0.0225067 -0.025589 0.0212555 0.0554504 
-0.154541 -0.112488 -0.194473 -0.23877 0.0597382 0.0614014 -0.00527954 0.0263214 -0.192657 -0.225342 -0.183334 -0.163391 0.0116882 0.00686646 0.0306854 -0.000198364 
-0.0769043 -0.100708 -0.12793 -0.151947 0.00764465 0.0656281 0.0531921 -0.00520325 -0.120087 -0.111664 -0.174026 -0.17984 0.0177765 0.00128174 -0.0786285 -0.0336761 
-0.325867 -0.312775 -0.252502 -0.211182 -0.033432 -0.0132446 0.0515289 0.0223083 -0.294434 -0.272583 -0.266403 -0.234314 0.111847 0.132797 0.021759 -0.0205841 
-0.254761 -0.346619 -0.362106 -0.317047 0.0975952 -0.0148468 -0.0964203 -0.0270691 -0.271698 -0.264893 -0.326218 -0.375793 -0.187424 -0.0701752 0.0806122 0.052536 
-0.533691 -0.457458 -0.520905 -0.610748 0.00964355 0.0831757 0.150177 0.128586 -0.609283 -0.62442 -0.539536 -0.50766 0.0845642 -0.115768 -0.0568085 0.0177765 
-0.548798 -0.616455 -0.446533 -0.328705 0.030014 -0.102951 -0.0761414 0.019455 -0.421997 -0.368256 -0.366302 -0.37439 -0.162109 0.102997 0.0198212 -0.0983734 
-0.468414 -0.464752 -0.478729 -0.492645 -0.0209808 0.152344 0.0960388 -0.0895691 -0.462524 -0.490112 -0.555603 -0.547516 0.13942 0.0286102 0.0385437 0.128448 
-0.281525 -0.200531 -0.297485 -0.357117 0.0460663 0.0887756 -0.010437 -0.0146942 -0.263397 -0.274261 -0.219574 -0.227814 0.063385 -0.0568542 -0.0758514 -0.0574951 
-0.0921326 -0.109436 -0.107513 -0.0818481 0.0607605 -0.143524 0.0200043 0.167923 -0.109741 -0.113037 -0.116211 -0.121857 -0.070343 0.0606232 0.0649567 -0.0110474 
-0.289398 -0.323608 -0.305725 -0.328796 -0.0385284 0.0597687 -0.0165253 -0.0591583 -0.363037 -0.355774 -0.350327 -0.333374 0.0309601 -0.00354004 0.0512238 0.0699615 
-0.41861 -0.383545 -0.381409 -0.37085 0.103897 0.000396729 0.0436707 0.129929 -0.601898 -0.531372 -0.588806 -0.628082 -0.00782776 -0.0376587 -0.052597 0.0119476 
-0.0162964 -0.0509033 0.00569153 0.0133972 -0.0210876 -0.0391083 -0.00776672 -0.0358734 0.257385 0.168671 0.228928 0.308105 -0.0447388 0.00634766 0.000808716 -0.113235 
-0.43222 -0.33139 -0.43544 -0.493378 -0.061554 0.0956879 0.0505676 -0.0208588 -0.409515 -0.382568 -0.393814 -0.468597 0.0275116 0.0539551 0.0670471 0.122162 
-0.0567932 -0.215393 -0.095993 -0.0178528 0.0554657 -0.0556488 0.0442963 0.112839 -0.411484 -0.376465 -0.395355 -0.376968 0.0506592 -0.00457764 -0.0295563 0.0115509 
-0.255096 -0.183044 -0.265823 -0.298096 0.0561371 0.192932 0.0635376 -0.0444031 0.118011 0.0500793 0.0581207 0.0775909 -0.0134888 0.00891113 -0.0212097 -0.049118 
0.0828247 0.0904846 0.102844 0.150177 -0.0631561 -0.0460358 -0.0778046 -0.0798035 -0.148361 -0.15036 -0.116867 -0.104935 -0.0426025 -0.0327911 -0.0232239 -0.0698853 
-0.121643 -0.138397 -0.128891 -0.151947 0.011322 -0.0790405 -0.0231934 0.0360565 0.146393 0.18013 0.1745 0.133362 0.124237 0.0169678 0.0037384 0.0666351 
-0.0450134 -0.025589 -0.0450287 -0.0538635 0.0451508 -0.0172882 0.0343781 0.0227356 -0.063858 -0.0417633 -0.0712738 -0.0724182 -0.0628204 -0.020813 0.00331116 0.0010376 
0.190582 0.200745 0.145386 0.115356 -0.0274353 0.0200348 -0.00575256 -0.0233917 0.105362 0.0656128 0.119629 0.164917 -0.00274658 0.0379333 -0.0306854 -0.0707245 
0.148621 0.1017 0.23999 0.323898 -0.0141907 0.0410309 -0.0582733 -0.0951385 0.163467 0.158966 0.160324 0.157959 -0.044693 -0.043869 0.0301666 0.0692291 
-0.0888214 -0.109604 -0.14003 -0.162918 0.00567627 -0.0918884 0.0543213 0.134995 -0.360779 -0.330612 -0.373016 -0.364807 0.0154877 0.0387878 0.0176849 -0.010025 
-0.37117 -0.260681 -0.354294 -0.413681 0.0295105 0.166565 0.0124969 0.000915527 -0.401794 -0.366135 -0.471176 -0.489426 -0.0449524 0.0741425 0.0262299 -0.035614 
-0.164444 -0.163559 -0.146072 -0.214386 0.0337219 0.0384064 0.0612183 0.0161591 0.282837 0.246506 0.351944 0.322144 0.0166473 -0.0693054 -0.00523376 0.0718994 
0.028595 -0.0562744 -0.00820923 0.0957336 -0.0551453 -0.152023 -0.0323639 0.0133362 -0.0139618 -0.0376892 -0.0633392 -0.0213013 -0.0284271 -0.085022 0.029068 -0.00457764 
0.189316 0.265961 0.221359 0.209366 -0.0133209 0.0355835 -0.0346832 -0.0601807 0.164459 0.166641 0.154037 0.150909 0.0341949 0.0132904 -0.0763245 -0.0154724 
-0.054657 -0.10788 -0.0615387 -0.0161591 0.0462952 -0.00511169 0.0266418 0.0357819 -0.128189 -0.0954285 -0.0766449 -0.132629 0.100723 0.113388 0.0236206 -0.0203705 
-0.00190735 -0.00723267 -0.0101624 -0.0299835 0.0581512 0.0808716 0.0485229 -0.0065155 -0.0449524 -0.0501404 -0.00631714 0.0132141 -0.0283356 -0.0369873 0.00688171 -0.0198517 
0.306335 0.316406 0.267471 0.224518 -0.103409 -0.236603 -0.0284729 0.132004 0.294266 0.287125 0.306671 0.334091 -0.0821838 -0.0727539 -0.0353394 0.00971985 
0.23642 0.244339 0.247269 0.288269 -0.00491333 0.106171 -0.0678711 -0.174042 0.0945129 0.057312 0.0581665 0.0105591 0.048996 -0.0479584 -0.0414734 0.0283051 
-0.0282593 -0.0377808 0.0236206 -0.0235901 -0.0633698 -0.0176544 0.0128479 0.00906372 0.22052 0.240494 0.228424 0.271133 0.0647888 0.0778503 0.0571747 0.0456238 
0.36615 0.408875 0.365067 0.375381 0.0241547 0.0613708 -0.0301208 -0.0441895 0.0537872 0.058548 -0.0175018 -0.0498199 -0.112885 0.0112762 0.0565796 -0.0220795 
-0.195908 -0.215103 -0.256927 -0.300858 -0.0153198 -0.0678406 -0.0215607 0.0191193 -0.0977783 -0.021286 0.0263672 0.0228424 -0.0482635 0.0910645 0.022049 -0.0501556 
0.0630493 0.0908508 0.130447 0.138321 0.02742 0.0354614 -0.024353 -0.0518188 0.377914 0.290054 0.257385 0.338089 0.105286 -0.0866241 -0.0215302 0.0466919 
0.474655 0.443085 0.506973 0.572403 -0.0142822 0.128174 0.0243988 -0.0659332 0.250565 0.290741 0.299759 0.262207 -0.0530548 0.00683594 -0.0538177 -0.0897217 
0.104416 0.0489044 -0.00338745 -0.00448608 -0.0205688 -0.185028 -0.00436401 0.0650787 0.0518799 0.0695343 0.088974 0.0852051 -0.0184784 0.0316315 -0.0412445 -0.0606232 
0.0905762 0.187332 0.17543 0.132492 0.0296173 0.0801086 0.0422974 0.0496063 0.375198 0.275146 0.322906 0.310059 0.149643 -0.0880585 0.010437 0.15506 
0.317078 0.218719 0.262115 0.323181 -0.0147705 -0.10228 -0.103928 -0.0502777 -0.0257568 0.00692749 -0.0679626 -0.0473938 -0.0147095 0.0191498 -0.00245667 0.00836182 
-0.205276 -0.193268 -0.187195 -0.191925 0.00570679 0.0120087 0.0477753 0.00996399 0.0610657 0.129501 0.130798 0.0871429 -0.133377 0.0801239 0.0454102 -0.127869 
0.445999 0.502838 0.355713 0.27861 -0.0621338 0.0342712 0.0163727 -0.0460815 0.432449 0.324829 0.410355 0.461105 0.031723 -0.173584 -0.0499878 0.0968475 
0.231873 0.227646 0.313141 0.340546 -0.0841522 -0.123871 -0.105042 -0.0866547 0.179871 0.256638 0.211166 0.181839 -0.0829315 0.144836 0.0357208 -0.0960693 
0.319885 0.282059 0.326202 0.363968 0.100235 -0.00741577 -0.00588989 0.0883331 0.31398 0.309479 0.299637 0.289764 0.0541077 -0.100815 -0.0446167 0.0452271 
0.297256 0.292542 0.325714 0.318115 -0.0668182 0.0282593 0.0345306 -0.0199738 0.241272 0.257706 0.235565 0.227127 -0.0168762 0.0776367 0.013443 -0.0524597 
0.250198 0.293198 0.215759 0.189621 -0.0291138 -0.0466919 -0.0558472 -0.00282288 0.252411 0.214798 0.219055 0.233109 0.108429 -0.0139618 -0.00120544 0.122482 
0.374603 0.358093 0.418381 0.416061 -0.0646973 0.0365448 -0.0195312 -0.116226 0.398636 0.37619 0.444778 0.479996 -0.113785 -0.016037 -0.02211 -0.0818024 
0.214249 0.209137 0.167557 0.158783 0.0190887 -0.0128326 -0.0162048 0.0109863 0.186539 0.294891 0.273712 0.233276 -0.0106659 0.0381622 -0.0238342 -0.0922546 
0.210007 0.138992 0.259583 0.308914 -0.0275421 -0.122864 -0.0606384 -0.0627441 0.187775 0.149857 0.0972443 0.0956726 0.000488281 -0.0351105 0.0535736 0.0749207 
0.213516 0.251221 0.12709 0.103806 -0.00466919 -0.037384 0.0387268 0.0635071 0.304764 0.272781 0.22139 0.202087 -0.0131073 -0.0137024 0.0162048 -0.00460815 
0.297363 0.290344 0.326233 0.350189 -0.00183105 0.0114288 -0.0601044 -0.0296478 0.226685 0.20195 0.287979 0.32045 0.0164642 -0.0738373 -0.0704193 0.0138245 
0.234833 0.260147 0.205017 0.202698 -0.0301208 0.046051 0.0273438 0.012619 0.252945 0.267792 0.238007 0.209991 0.0304108 -0.0256042 0.0065918 0.0581055 
0.125946 0.098587 0.144882 0.126694 -0.0246735 -0.0810547 -0.0140533 0.000961304 0.0909271 0.136261 0.118958 0.121048 -0.0481262 0.0427551 0.0321045 -0.0357208 
0.0598145 0.0848541 0.0802612 0.0944672 0.0339355 0.010849 -0.0102386 -6.10352e-05 0.0875702 0.0537415 0.068985 0.051712 -0.0214996 -0.00302124 -0.00398254 -0.0305328 
0.0333557 0.0899048 0.0591125 -0.0253448 -0.0447388 0.0760803 0.00636292 -0.0461578 0.0468292 0.0530701 0.018158 0.0519867 0.112091 0.0733948 0.0237579 0.032486 
-0.540512 -0.516876 -0.484253 -0.465622 0.0286102 0.0842133 0.0655365 0.00718689 -0.612305 -0.678726 -0.504974 -0.451096 0.0131836 -0.121246 -0.0914459 -0.00611877 
0.0675049 -0.0245056 0.0397644 0.102173 0.0530548 -0.136017 -0.118652 0.0249176 0.22171 0.230011 0.189224 0.161133 -0.0137939 0.109177 0.0242004 -0.0836182 
1.00554 0.997345 0.973267 0.988525 -0.055542 -0.0780792 -0.0575867 -0.121063 0.955856 0.973679 0.978226 0.996078 -0.0800934 0.00546265 0.0063324 0.0293579 
0.774567 0.793945 0.737015 0.676147 -0.0711212 -0.00598145 -0.00271606 -6.10352e-05 0.742477 0.791214 0.707214 0.717621 -0.0604858 -0.0110321 -0.0321503 -0.0710449 
0.45369 0.461395 0.498871 0.525681 -0.076355 -0.00390625 -0.048233 -0.0921326 0.579605 0.525253 0.543442 0.527267 0.00617981 -0.126892 0.0548706 0.105392 
0.526291 0.53157 0.44809 0.401947 -0.0288086 -0.0449829 -0.040863 -0.0412445 0.340881 0.417892 0.372025 0.273529 0.111221 0.0986328 -0.0750885 -0.0602722 
0.35762 0.422577 0.43512 0.427139 0.0497589 0.0408173 0.00308228 0.0477905 0.374222 0.366592 0.43074 0.430847 -0.13382 -0.0199432 -0.0150146 -0.0869293 
0.23938 0.12941 0.225769 0.315628 -0.0860291 -0.141876 -0.0203857 -0.0263062 0.226501 0.187119 0.120865 0.156113 0.0271301 -0.160919 0.0246124 0.182861 
0.126953 0.152634 0.104019 0.0745544 0.0512543 -0.0052948 0.0419464 0.0787048 0.160172 0.131409 0.231567 0.254013 -0.0250549 0.0703735 0.000152588 -0.113815 
0.163544 0.129654 0.160751 0.151566 -0.0269775 0.104965 -0.0482178 -0.115555 0.185989 0.270477 0.17485 0.198639 0.0711975 0.2173 0.0436401 -0.0450134 
0.106567 0.203613 0.197433 0.159164 -0.0445709 -0.0189209 -0.0614319 -0.0711975 0.332169 0.341797 0.266617 0.203018 -0.0750732 -0.0436554 -0.0752869 -0.0811768 
0.335922 0.232056 0.208572 0.241852 -0.0550842 -0.286224 -0.0012207 0.0913696 0.0553131 -0.0953979 0.0272675 0.0933228 0.0324707 -0.178955 0.000656128 0.154495 
0.316574 0.341644 0.330887 0.328491 0.0293121 0.118484 -0.0742493 -0.0696869 0.310318 0.336151 0.382156 0.382568 -0.0547791 -0.0593262 0.000335693 0.0072937 
0.0512238 0.0828094 0.0824738 0.055954 -0.0183716 0.0307159 0.00292969 -0.0741272 0.28511 0.30307 0.259216 0.237778 -0.00265503 0.0395355 0.0183105 -0.0247803 
0.281174 0.243866 0.32695 0.38736 0.0134583 0.0277863 -0.00904846 0.0171204 0.0068512 0.0731812 0.0361328 0.00250244 0.103821 0.118256 -0.0135803 0.0167542 
-0.0561981 -0.0141602 -0.078949 -0.137115 -0.0686798 -0.073349 0.0259705 0.0141144 0.233002 0.220169 0.246933 0.246185 -0.0329285 -0.0997772 -0.0816956 -0.0710907 
0.179077 0.109467 0.159012 0.211273 0.0174408 -0.0123901 -0.0132904 0.0126953 0.127213 0.14418 0.141418 0.154587 -0.0108032 0.106018 0.0782166 -0.00201416 
0.2789 0.361786 0.298874 0.306839 -0.00827026 0.0913849 0.000854492 -0.075592 -0.0321655 -0.0134888 -0.056015 -0.0480347 -0.0534058 0.0401001 0.0435944 -0.0655823 
-0.037735 -0.047821 -0.0757446 -0.0812531 0.0366364 -0.0107117 0.00254822 0.0458984 0.0491333 0.0379639 0.0363007 0.0314484 0.0258636 0.00904846 -0.037262 0.0446167 
-0.0224304 -0.0426331 -0.0711517 -0.0961761 -0.0975494 -0.0716553 0.0105133 -0.0196533 0.241577 0.150345 0.224762 0.250763 0.0514679 -0.138245 -0.0131531 0.052475 
0.233292 0.198471 0.279099 0.272552 0.00152588 -0.0164032 0.0441895 0.0673981 -0.0632172 -0.0799255 -0.0699463 -0.0279694 -0.0209351 -0.0899658 -0.0203552 0.0636292 
-0.109253 -0.0801697 -0.0700073 -0.0658569 0.10817 -0.00328064 -0.057251 0.038681 -0.0652466 -0.016922 -0.0348053 -0.0963745 0.0149384 0.0571747 0.021286 -0.0575256 
-0.0952454 -0.0939178 -0.0716248 -0.0695038 -0.0344543 -0.0158844 -0.0206451 -0.0478058 -0.0403748 -0.0831757 -0.0922394 -0.0441742 0.0193939 0.0196075 0.0231018 0.0763855 
-0.0236359 -0.019455 -0.103088 -0.115982 -0.0293884 0.0629272 0.0747681 0 -0.0279541 0.0231018 -0.0194855 -0.0421906 -0.10997 0.0511475 0.00280762 -0.135956 
0.188751 0.162735 0.236679 0.241257 -0.0150452 -0.0296173 -0.0950775 -0.0354919 0.185989 0.244461 0.208618 0.167389 0.0388641 0.0112152 -0.0159149 0.045166 
0.109436 0.102097 0.108597 0.133438 0.00141907 -0.00190735 -0.0102081 -0.0520935 0.0844574 0.0883026 0.113388 0.109543 -0.0432587 -0.0240173 0.00215149 -0.0337524 
0.0546112 0.0867004 0.0814819 0.0466309 0.0193787 0.0488586 -0.0035553 -0.0555878 0.132126 0.168961 0.110931 0.10347 0.108414 0.12468 -0.00622559 0.0100555 
-0.488251 -0.464127 -0.480896 -0.48848 0.0644226 0.0157623 0.0677338 0.140152 -0.229935 -0.318344 -0.233047 -0.197052 -0.0679016 -0.090271 0.00816345 -0.00701904 
0.125763 0.128876 0.077652 0.0993958 -0.0609283 0.0260162 0.0115204 -0.0667877 -0.244812 -0.305542 -0.231598 -0.205688 0.00572205 -0.115097 -0.0319366 0.0410919 
-0.107452 -0.118164 -0.188889 -0.185974 0.0252075 -0.0592041 0.0400391 0.113693 -0.0576324 -0.0513611 -0.101929 -0.0751953 0.0087738 0.1689 0.0296478 -0.0526276 
0.10881 0.0202026 0.15271 0.191162 -0.121094 -0.111206 -0.0426331 -0.0608521 0.130692 0.167084 0.171631 0.0863647 0.0116882 -0.0969849 0.0101471 0.078186 
-0.346802 -0.298004 -0.332489 -0.351135 0.0624084 0.121704 0.00106812 -0.0450897 -0.375244 -0.293091 -0.391357 -0.398178 -0.0140839 0.018692 0.0277252 -0.0259857 
-0.0943298 -0.0967102 -0.101089 -0.110168 0.0783081 0.041687 0.0310059 0.0582886 -0.0712585 -0.0913696 -0.0479431 -0.0599823 -0.0138245 -0.023056 -0.0251923 -0.0176392 
-0.24295 -0.109955 -0.167328 -0.246674 0.0337372 0.0944977 -0.0195465 -0.00299072 -0.243683 -0.312012 -0.271118 -0.229492 0.0855255 -0.00772095 -0.0266724 0.0705719 
-0.104309 -0.197479 -0.168488 -0.141632 0.0346527 -0.117828 0.0493774 0.108414 -0.0704651 -0.0621338 -0.0870209 -0.1073 -0.0356903 0.00715637 0.031662 0.0487976 
-0.429413 -0.397095 -0.399826 -0.423218 0.0102539 0.0770416 0.0075531 -0.04599 -0.281799 -0.311188 -0.222168 -0.162384 -0.00773621 -0.0254364 -0.00450134 -0.0835419 
-0.00183105 -0.0746765 -0.0450745 0.0232849 -0.0126038 -0.0559845 0.0550995 0.058075 -0.223175 -0.195801 -0.202667 -0.215118 0.0556183 -0.0563507 -0.0640411 0.00152588 
-0.352203 -0.321777 -0.314148 -0.322968 0.0123901 0.0848389 -0.0344849 -0.037323 -0.332428 -0.314911 -0.397934 -0.42453 -0.0542908 0.0991974 -0.0067749 -0.0761108 
-0.154327 -0.134186 -0.199234 -0.244324 -0.0388031 -0.0962372 -0.0177002 0.0584869 0.03479 -0.0594177 -0.0387573 -0.00228882 0.135117 0.0395355 0.0651093 0.120316 
-0.0468445 -0.0557861 -0.025177 0.0130615 0.0837555 0.127426 0.0852509 -0.0293121 -0.309509 -0.251953 -0.220093 -0.250183 -0.109619 -0.139618 -0.0171967 -0.0435791 
-0.25885 -0.335907 -0.276917 -0.236664 0.0674286 -0.0583191 -0.0753326 0.0419617 -0.233704 -0.193634 -0.290756 -0.308685 -0.0155029 0.133102 0.0767975 0.0899353 
-0.275146 -0.163757 -0.248657 -0.319336 -0.107956 0.0285034 0.0475922 -0.0620728 -0.203979 -0.226013 -0.164383 -0.136383 0.049881 -0.0542908 -0.0384979 -0.0814667 
-0.275848 -0.28183 -0.286377 -0.26767 0.139313 0.0804901 0.0563507 0.152847 -0.301361 -0.241699 -0.300537 -0.337585 -0.0641479 0.156998 0.0263214 -0.033432 
-0.22876 -0.308655 -0.198547 -0.10965 -0.0841217 -0.0340729 -0.0284424 -0.104324 -0.119263 -0.133698 -0.0435486 0.00192261 0.0210724 0.0194397 -0.00192261 -0.0123901 
-0.204163 -0.157654 -0.160828 -0.240601 -0.00328064 0.0591888 0.0569763 0.00398254 -0.315308 -0.358246 -0.341324 -0.369598 -0.0314941 -0.148605 -0.00469971 0.0516205 
-0.0255432 -0.0464172 -0.0985107 -0.0461426 0.0168915 -0.0546265 -0.0131378 0.0814667 -0.0128174 0.122589 0.0363007 0.0442505 -0.122696 0.13826 0.0431213 -0.0902405 
-0.391327 -0.383942 -0.361847 -0.37146 0.0740509 0.115677 0.0515747 -0.0180511 -0.426941 -0.486237 -0.482498 -0.495697 0.162796 -0.0789795 -0.019516 0.132904 
-0.463654 -0.434143 -0.458679 -0.438629 -0.00471497 -0.0348969 0.00416565 0.00386047 -0.398773 -0.450928 -0.449554 -0.411072 -0.0501862 0.0246887 0.0129089 -0.0343933 
-0.351044 -0.337311 -0.393265 -0.44104 0.00325012 0.122482 0.0644531 0.0224762 -0.380676 -0.402863 -0.373672 -0.341919 0.0650635 -0.0102081 0.0134735 0.0140381 
-0.273804 -0.314453 -0.199707 -0.228851 0.00616455 -0.173447 -0.00515747 0.118866 -0.240204 -0.18634 -0.23288 -0.276764 0.0887909 0.0242462 0.0201721 0.0455475 
-0.12262 -0.112976 -0.14743 -0.124207 0.0293579 0.0818634 0.0104218 0.000686646 -0.147705 -0.171265 -0.0845947 -0.0951233 -0.0786285 -0.0452271 -0.101074 -0.0765228 
-0.0639954 -0.050293 -0.0919952 -0.0856628 -0.0045929 0.0327301 -0.0045929 -0.0562134 -0.052002 -0.0319824 -0.0863495 -0.0924988 -0.0614777 0.124313 0.0602722 -0.0531769 
0.0195618 0.0250854 0.00852966 0.0193176 0.0295105 0.00994873 -0.0270538 -0.0189972 0.0450745 -0.00198364 -0.0210266 0.0133667 0.0426178 -0.0580139 -0.0169373 0.0534821 
-0.158813 -0.197815 -0.143539 -0.151794 0.0202484 0.0643616 0.0119171 0.00500488 -0.197937 -0.21283 -0.195709 -0.226135 -0.000167847 -0.124054 -0.00816345 0.0786285 
-0.304413 -0.263 -0.308075 -0.317017 0.0442657 -0.0989227 0.0372467 0.123993 -0.29361 -0.254608 -0.258652 -0.289337 0.0240479 -0.0477448 0.0345764 0.0271454 
-0.0892944 -0.108856 -0.0582733 -0.0545959 0.0428314 0.0520477 -0.0178375 -0.0432739 -0.0815125 -0.120178 -0.0650177 -0.0457153 0.0745087 0.0782928 -0.017868 -0.000793457 
-0.247223 -0.275269 -0.289429 -0.258301 -0.0282135 0.0398407 0.0584869 0.00901794 -0.248749 -0.257477 -0.291412 -0.259216 0.0104828 0.0253143 -0.0282898 -0.027771 
-0.141815 -0.107361 -0.200119 -0.226868 -0.0452118 0.0106964 0.0514526 -0.0101318 -0.178406 -0.115967 -0.177887 -0.211823 -0.0720367 0.107605 0.0760956 -0.0249786 
-0.440247 -0.516357 -0.417145 -0.401337 0.0977631 0.00926208 -0.0411072 0.0317688 -0.460785 -0.532288 -0.446701 -0.386383 -0.0760651 -0.178284 -0.00253296 0.0752258 
-0.454803 -0.40097 -0.38887 -0.40979 -0.0932312 0.0367432 0.069809 -0.020813 -0.408447 -0.335052 -0.372894 -0.38797 0.0749359 0.205902 -0.0348816 -0.170029 
-0.421753 -0.373688 -0.435242 -0.441406 0.0608673 0.025238 0.0154114 0.131134 -0.411774 -0.400391 -0.41098 -0.487274 0.0313568 -0.00839233 0.0747223 0.116898 
-0.610229 -0.582428 -0.580093 -0.602509 0.159409 0.0802155 0.0132904 0.017868 -0.583252 -0.687103 -0.640228 -0.546417 -0.0525818 -0.152023 0.00456238 0.078186 
-0.291443 -0.396545 -0.359848 -0.248291 -0.000762939 0.0474854 0.0503845 -0.00402832 -0.382141 -0.315826 -0.35994 -0.376526 0.0433807 0.120148 0.0207367 0.00152588 
-0.114807 -0.0410461 -0.0411224 -0.14389 -0.00985718 -0.135895 0.000991821 0.0695343 -0.0319824 -0.0383301 0.0164337 0.00561523 0.0732574 -0.0735016 -0.0834351 -0.0625305 
-0.0449829 -0.0908203 -0.0659027 -0.0346985 0.0131531 0.0673065 0.000823975 -0.0195007 -0.0735168 -0.0628967 -0.113403 -0.112244 0.0315704 0.113037 0.0685272 0.0218964 
-0.606445 -0.588501 -0.646347 -0.644135 -0.00970459 -0.0443268 -0.00463867 0.0541687 -0.609467 -0.632477 -0.578033 -0.56601 -0.0690765 -0.125381 -0.0196381 0.0743713 
0.193512 0.17865 0.188766 0.20163 -0.046814 0.0839539 0.0281525 -0.0733948 0.161133 0.222534 0.15657 0.12738 -0.0266266 0.0118866 0.0195312 -0.0372314 
-0.434845 -0.400024 -0.313446 -0.339996 0.0953674 0.0770569 0.0175171 -0.0151215 -0.382019 -0.390045 -0.383438 -0.397415 0.0843964 0.0749512 -0.0260315 -0.0432587 
0.0710144 0.0291443 -0.00300598 0.0451965 -0.0118103 -0.0948334 -0.00569153 0.0509491 0.080658 0.0509338 0.042572 0.0834351 -0.0895386 0.112473 0.0309906 -0.0768585 
-0.0921631 -0.0745544 -0.129395 -0.169937 0.022995 0.0832214 0.0555267 0.0364532 -0.143784 -0.18692 -0.127213 -0.123322 -0.0231934 -0.175537 -0.0315399 0.125488 
-0.337143 -0.249115 -0.240799 -0.267731 0.0555878 0.121613 0.00758362 -0.0514984 -0.334549 -0.27919 -0.276199 -0.264114 0.0588226 0.0680695 0.0271301 -0.0265045 
0.0531158 -0.082428 -0.0161896 0.0380402 -0.0371704 -0.152054 -0.00848389 0.0870819 0.0674133 0.0497742 0.0415497 -0.00450134 -0.0147095 -0.0366821 -0.0323181 -0.0379944 
-0.0227966 -0.00689697 -0.0641479 -0.0498199 -0.0766144 -0.0280762 -0.0167694 -0.050766 -0.279297 -0.239136 -0.277344 -0.260345 0.0108948 0.0849915 0.0293579 0.00674438 
-0.287689 -0.220566 -0.260666 -0.312714 0.0730133 0.078949 -0.00540161 -0.0226593 -0.234528 -0.270111 -0.323242 -0.340637 -0.116821 -0.119705 0.0267792 0.0698853 
-0.242813 -0.217178 -0.187164 -0.194992 0.0306091 0.00788879 0.051178 0.116348 0.139496 0.130508 0.240097 0.256622 0.0960083 0.0272064 -0.0147552 -0.006073 
-0.085144 -0.0721283 -0.13269 -0.147522 0.0595703 -0.00942993 0.0334473 0.0693665 -0.101898 -0.128891 -0.230392 -0.194855 0.0600739 0.0212402 -0.0328522 0.00622559 
-0.0261841 -0.127762 -0.0370026 0.010376 -0.0794678 0.000686646 -0.0200348 -0.097641 -0.326187 -0.224701 -0.103119 -0.174423 0.0219879 0.0906219 0.0584106 -0.0414734 
0.140594 0.179321 0.10614 0.144638 0.0402374 0.0914459 0.0225677 -0.0117645 0.114014 0.0815887 -0.0312805 0.00787354 -0.0696259 0.00375366 -0.0366669 -0.092514 
0.0807648 0.0788574 0.138214 0.10582 -0.0438232 -0.0475464 -0.0249176 -0.0341949 0.397446 0.38208 0.432159 0.470963 -0.061554 0.0106659 -0.0276794 -0.0447235 
0.163391 0.168198 0.159119 0.152405 0.0177155 -0.0189362 -0.0418091 -0.0208588 0.137421 0.119812 0.124741 0.0892029 0.104126 -0.0720062 0.00352478 0.145737 
-0.169846 -0.165146 -0.107422 -0.169968 -0.00914001 -0.0843048 0.0268097 0.127747 -0.192505 -0.237823 -0.270905 -0.259048 -0.0573578 -0.123886 0.0494843 0.111404 
0.364304 0.350891 0.330292 0.398041 -0.0261078 0.0665131 -0.0438843 -0.139664 0.0688171 0.141251 0.128983 0.0670776 0.00346375 0.106277 -0.00840759 -0.0580139 
0.0517883 0.0722351 0.0294037 0.0408936 0.0222626 -0.0202942 -0.00363159 -0.0254517 0.351456 0.305176 0.3255 0.334366 -0.0352478 -0.0969696 0.00491333 -0.0244904 
0.0463715 0.0176849 -0.00828552 -0.0292358 -0.0437012 -0.000808716 0.0932007 0.114334 -0.00280762 0.0468597 0.0294342 0.0293274 0.062912 0.0314636 -0.0260468 -0.017334 
0.208435 0.243927 0.252686 0.214584 0.022049 -0.00283813 -0.085144 -0.0769958 0.151749 0.170197 0.237076 0.266006 -0.0553284 0.0316467 0.0169067 -0.0284882 
0.183807 0.120728 0.163086 0.224136 -0.0277252 -0.0514526 -0.0428925 0.00996399 -0.0299835 -0.13324 -0.154007 -0.113419 0.1371 -0.0531311 -0.0162048 0.11644 
-0.0221863 0.079361 0.0350189 -0.0206604 -0.0335693 0.13562 0.0401917 -0.0892334 0.305786 0.381729 0.32518 0.284653 -0.115158 0.10791 0.0443115 -0.138138 
0.0337677 -0.0346527 0.0536499 0.117447 -0.0440369 -0.157791 -0.0114899 0.000411987 0.0317383 0.0341949 0.0923462 0.104355 -0.0252686 0.0639191 -0.0553284 -0.0617065 
0.436722 0.454483 0.320282 0.282059 0.131775 0.0484467 0.0230103 0.145416 0.34462 0.361877 0.444885 0.445572 0.0404053 -0.0357208 -0.067749 -0.0433807 
0.40509 0.379349 0.46759 0.472748 -0.0681152 -0.0664978 -0.0644531 -0.0607605 0.470261 0.416962 0.320801 0.285858 0.0475769 -0.0108643 0.0419464 0.107758 
0.150452 0.241867 0.125351 0.0510254 -0.0798645 0.120224 0.0497894 -0.110031 0.073822 0.055954 0.0350189 0.0495911 -0.038681 -0.0244293 0.0467377 0.0343933 
-0.0651855 -0.0652313 0.0453186 0.0946045 0.0489655 -0.0258942 -0.0260773 0.0192719 -0.047287 0.0189819 0.0332336 0.0162811 -0.0587616 -0.0264282 -0.0412445 -0.109879 
0.265945 0.216293 0.219833 0.208221 -0.0630493 -0.20816 -0.105804 0.0162964 0.338562 0.275742 0.277283 0.306061 0.0885162 -0.05159 -0.0221405 0.08461 
0.526657 0.423828 0.466064 0.54866 -0.0448914 0.0032959 0.0269623 -0.0436554 0.295059 0.376022 0.354034 0.342834 -0.0584717 -0.0202942 0.0662689 0.0531006 
0.159027 0.170792 0.148056 0.170746 -0.00102234 0.0482635 -0.0422516 -0.0452728 0.362289 0.248962 0.303879 0.351334 0.0651093 0.0575562 -0.0483398 -0.0359802 
0.365585 0.380356 0.375381 0.335129 0.0224915 -0.0922852 -0.0640717 -0.00331116 0.286484 0.409317 0.375702 0.303391 -0.142303 0.0508728 -0.016922 -0.103241 
0.169479 0.160202 0.173355 0.144821 -0.0535583 -0.040451 -0.0146179 0.00907898 0.109695 0.0170441 0.0522308 0.0890656 0.052475 -0.107651 -0.0256958 0.0394287 
0.179718 0.246201 0.188126 0.137039 -0.0430756 0.0328064 0.0324707 -0.06073 0.335678 0.321259 0.321869 0.353775 0.00976562 0.0357208 0.0505066 0.0398102 
0.33429 0.402374 0.365295 0.415573 0.0744934 0.143204 0.0259705 0.0387726 0.257751 0.324341 0.350449 0.323151 0.0750122 0.0836487 -0.0489197 -0.0552063 
0.198471 0.116837 0.204514 0.194916 -0.0444336 -0.121643 -0.0726013 -0.0841675 0.245193 0.230896 0.159134 0.162003 -0.133911 -0.164902 -0.0105286 0.0187531 
0.235245 0.293472 0.196228 0.180939 -0.101791 -0.0178833 0.0386658 0.00900269 0.229355 0.254166 0.259842 0.2164 0.0500641 0.0131989 0.0288544 0.045578 
0.280167 0.210434 0.256897 0.298889 0.0196838 -0.0429535 -0.0519867 -0.029129 0.233459 0.201767 0.195068 0.143661 -0.0618591 0.00866699 -0.0334473 -0.0538177 
0.267487 0.234787 0.270737 0.270142 0.0215759 -0.0142059 -0.0540009 -0.0536499 0.244965 0.219635 0.195633 0.277359 -0.0231171 -0.0265808 0.0533142 0.0455322 
0.108978 0.112366 0.10582 0.0822144 0.0110016 -0.101883 0.00167847 0.112015 0.178085 0.19928 0.177521 0.197266 0.106613 0.10379 -0.0298004 -0.0377197 
0.0925751 0.077301 0.111725 0.154953 -0.0329895 0.00592041 -0.0419922 -0.0546875 0.0610962 0.0755463 0.11937 0.0913696 -0.0052948 -0.0475006 0.00634766 0.000305176 
0.041626 0.118515 0.0701904 0.00138855 0.0348816 0.0950012 0.0687256 0.0447998 0.0139771 0.0159454 0.00604248 -0.00749207 -0.0808258 0.0200958 0.0286407 -0.0230713 
-0.897339 -0.779465 -0.813217 -0.860107 0.00436401 0.13176 0.101227 0.0171814 -0.920914 -0.926987 -0.796143 -0.749527 0.154068 0.074707 -0.0804291 -0.0579987 
0.812729 0.715607 0.790665 0.848007 -0.0665588 -0.200745 -0.12796 -0.0471649 1.0191 0.950119 0.945206 0.893219 -0.0844269 -0.169235 -0.00120544 0.131271 
0.99559 0.977036 1.00743 1.01907 -0.109146 -0.0209198 -0.0846558 -0.153336 0.956375 1.08128 1.04291 1.06393 -0.0571442 0.136581 -0.0249634 -0.199249 
0.716583 0.667236 0.638474 0.622467 0.0427094 -0.0396271 -0.058197 -0.00717163 0.581177 0.4991 0.456039 0.431839 0.024704 -0.140793 0.0774384 0.183807 
0.558029 0.643616 0.58992 0.544693 -0.0532532 0.0519257 0.0222626 -0.085556 0.526718 0.565475 0.542786 0.613846 -0.0335693 0.0875092 -0.0211029 -0.0942535 
0.218781 0.148865 0.125168 0.168915 0.00393677 -0.118759 -0.0509338 0.0488892 0.197601 0.143082 0.129288 0.0552826 -0.0386658 -0.130188 -0.0401917 0.00575256 
0.181686 0.175446 0.195435 0.249817 0.00883484 0.0121155 -0.0500031 -0.0371094 0.239822 0.237289 0.345932 0.411041 0.062439 0.0594025 -0.0141602 -0.0371246 
0.340851 0.318695 0.389526 0.388626 -0.038147 -0.0225525 -0.0220795 -0.0518036 0.351624 0.420502 0.338287 0.318207 -0.032135 0.125992 -0.0286865 -0.0952301 
0.243301 0.192429 0.171555 0.194 -0.0847931 -0.169464 0.017868 0.0874786 0.274185 0.295258 0.240631 0.181213 -0.0179749 -0.0605164 0.0627441 0.143738 
0.0604248 0.209 0.104416 0.0313721 0.025177 0.126465 0.0110016 -0.0301666 0.116547 -0.0703888 0.00183105 0.0925446 0.0594025 -0.153473 -0.0439758 0.044754 
0.169205 0.0528259 0.208298 0.253296 -0.0317841 -0.0155945 -0.0120239 -0.0622711 0.118164 0.225632 0.212509 0.164108 0.000808716 0.0167389 -0.0162354 -0.00338745 
0.185471 0.214661 0.153122 0.0979462 0.00450134 0.0191345 -0.0331726 -0.0361176 0.142029 0.16954 0.160263 0.137558 -0.0603027 0.117294 0.0173645 -0.120422 
0.327042 0.297348 0.300827 0.339478 -0.0385284 -0.0523834 0.00476074 0.00424194 0.357468 0.336792 0.346741 0.377594 0.0349884 -0.0560913 -0.0401001 0.0412598 
0.0680695 0.117752 0.106155 0.0753174 -0.00898743 -0.0526886 -0.0935364 -0.0519867 0.0297546 0.104355 0.126953 0.10817 -0.0712433 0.0444031 -0.00675964 -0.0670471 
0.278412 0.267349 0.292313 0.310333 0.000701904 0.0396729 0.0424347 0.00106812 0.299728 0.258118 0.215958 0.201172 0.0166016 0.0103455 0.0455627 0.00906372 
-0.0248566 -0.00219727 -0.056076 -0.0640411 -0.00117493 0.043396 0.0125122 -0.00679016 0.0205231 -0.00942993 0.00874329 0.0289307 0.0883331 -0.0165558 0.0188599 0.0913696 
0.281189 0.290649 0.289215 0.257065 0.042984 -0.136047 -0.0593872 0.09021 0.208145 0.253464 0.225815 0.200943 -0.131485 -0.0918579 -0.0320129 -0.0676727 
-0.0205994 -0.0843964 -0.0231628 0.0524902 -0.0545502 -0.00204468 0.0233459 -0.0349121 0.0473175 -0.046463 -0.0202789 -0.0120239 0.0705261 -0.0852356 -0.0490723 0.0549622 
0.00843811 0.0705414 0.00567627 -0.0406952 0.0152435 0.101181 -0.0324249 -0.083847 0.220261 0.270737 0.204895 0.226242 0.0133972 0.0871582 0.0116119 -0.00161743 
0.269135 0.239639 0.228912 0.260315 -0.0388336 -0.100937 -0.012558 0.0318298 -0.0489502 -0.0435333 -0.024826 -0.0355225 -0.0421753 0.0502167 0.0592651 -0.0257111 
-0.0300903 0.0106354 0.0418243 -0.00598145 0.0427399 0.138657 0.0859222 0.0220184 -0.0182037 -0.0424194 0.0596313 0.0795593 -0.00216675 -0.0270233 -0.0504456 -0.0264587 
-0.0319061 -0.0490112 -0.0493469 -0.0467529 -0.0322266 -0.0358887 -0.0116272 0.00645447 0.222427 0.249893 0.206085 0.17308 -0.0404053 0.0500946 0.0438538 -0.014679 
0.150223 0.164169 0.209259 0.214035 -0.0648499 -0.0497742 -0.0391541 -0.0534058 -0.119598 -0.0767059 -0.0786896 -0.0855408 0.0587769 0.0639343 -0.0138855 -0.0433044 
0.13707 0.0465698 0.0823669 0.122925 0.0535736 -0.0854492 -0.0262756 0.0314789 0.0939941 0.0807343 0.091095 0.109894 -0.00367737 -0.00784302 0.0253906 0.04216 
-0.0414276 -0.022522 -0.0914612 -0.113892 -0.0109406 0.00959778 -0.00953674 -0.0440979 0.0426331 -0.0728912 -0.0404205 -0.0138702 0.0625458 -0.202362 -0.0687714 0.0667877 
-0.244217 -0.206955 -0.203491 -0.242981 0.0159149 0.0393982 0.00747681 0.0595245 -0.00802612 0.0166168 -0.0601654 -0.06073 -0.0394287 0.0436096 0.0654297 0.0149384 
0.0486145 0.0626373 0.0787354 0.125961 -0.0153198 0.0384369 0.00494385 -0.0754395 -0.253052 -0.192673 -0.150665 -0.18158 0.0166779 0.052536 -0.0491943 -0.0180664 
0.0737915 0.0369873 0.00444031 -0.0232849 -0.000717163 -0.0296326 0.0462952 0.0701904 0.104004 0.140396 0.0241241 -0.00813293 -0.0537415 0.0183105 0.0404205 0.00700378 
-0.221878 -0.159149 -0.156601 -0.154221 0.0299225 0.0750275 0.0139008 0.00602722 -0.151276 -0.227905 -0.094223 -0.0345154 -0.0235443 -0.0401154 -0.00216675 -0.0233154 
-0.13327 -0.11969 -0.203018 -0.24884 0.0071106 0.0186615 0.0277405 0.0252686 -0.135925 -0.138947 -0.126968 -0.101562 0.0413055 0.0204926 -0.0237732 0.0125122 
-0.287933 -0.319305 -0.210342 -0.145966 0.0281677 -0.0774231 -0.0566101 -0.0176697 -0.287567 -0.216644 -0.300827 -0.388123 0.0180359 0.0191345 0.00686646 -0.0110321 
-0.293457 -0.331909 -0.351227 -0.348877 -0.0358276 0.0522919 0.0527191 0.00852966 -0.113495 -0.156097 -0.148743 -0.0864563 0.013382 0.0389252 0.00862122 -0.0150757 
0.119751 0.0838623 0.101883 0.164764 -0.0293884 -0.0518188 -0.0715485 -0.0602112 -0.160858 -0.178955 -0.098526 -0.106354 -0.0213928 -0.00244141 -0.0301819 -0.0700531 
-0.0458069 -0.0245361 -0.0584564 -0.12851 0.0447235 0.060379 0.0735779 0.0441437 -0.0299377 0.00784302 -0.0303955 -0.0292053 0.00608826 -0.00959778 0.0279083 0.0356903 
-0.230713 -0.178497 -0.190094 -0.183868 0.0559998 0.119293 0.0866089 0.0794525 -0.191101 -0.161072 -0.21698 -0.233154 -0.00701904 0.088501 -0.000671387 0.00169373 
-0.0765686 -0.0441895 -0.0813599 -0.108612 0.0189362 -0.0171051 -0.026062 -0.016983 -0.0804443 -0.117218 -0.0583344 -0.030365 -0.101425 -0.111679 -0.00784302 -0.0275879 
-0.240265 -0.219482 -0.188522 -0.229187 0.0500641 -0.0265503 0.0219421 0.136063 -0.148102 -0.174957 -0.244568 -0.257355 0.143417 -0.0301361 0.0194244 0.175171 
-0.275635 -0.308441 -0.297821 -0.248169 0.0194855 -0.0305939 -0.0503387 -0.0653839 -0.330322 -0.265442 -0.215424 -0.284515 0.000518799 0.0330048 0.00688171 -0.0624847 
-0.259338 -0.347076 -0.2939 -0.213837 -0.0817719 0.0534515 0.0562744 -0.0501251 -0.16922 -0.183136 -0.120377 -0.0580444 -0.0910339 0.0730133 -0.00480652 -0.0800476 
-0.25058 -0.168518 -0.208054 -0.287262 0.0376892 -0.0457001 0.0162659 0.0924225 -0.36615 -0.391785 -0.42926 -0.465332 0.0341187 0.00038147 0.0770416 0.00770569 
-0.154388 -0.205658 -0.171188 -0.156342 -0.0298462 -0.0188599 -0.077713 -0.13028 -0.128113 -0.140717 -0.172272 -0.11795 0.105316 -0.0442657 -0.0954437 0.0624847 
-0.346771 -0.335632 -0.392014 -0.398041 0.0428467 0.0429688 0.0914154 0.174667 -0.383911 -0.327148 -0.369064 -0.409363 -0.0662537 0.0490875 -0.010025 -0.0884094 
-0.219513 -0.242523 -0.210144 -0.156372 0.0975189 0.144409 0.0183411 -0.0773315 -0.250458 -0.283356 -0.242462 -0.229492 0.00444031 -0.0504608 0.0387115 0.0165863 
-0.355835 -0.269836 -0.317047 -0.393646 0.0344696 0.0592346 0.0209656 -0.00801086 -0.315125 -0.346222 -0.310471 -0.2612 0.0549774 -0.0848846 -0.0134735 0.14415 
-0.274902 -0.314331 -0.298691 -0.280975 -0.00506592 -0.0805969 0.0436859 0.113586 -0.23468 -0.261963 -0.294052 -0.32486 -0.120941 0.0970459 0.0970917 -0.0113678 
-0.208191 -0.275604 -0.171402 -0.148529 -0.0808563 0.0108337 0.0301361 -0.00631714 -0.24231 -0.201233 -0.257431 -0.218933 0.0379639 0.0423889 -0.0104523 -0.0302124 
-0.268768 -0.165955 -0.279343 -0.299072 0.0550079 0.133835 0.0863495 0.0148468 -0.25 -0.237732 -0.213135 -0.212952 0.0945587 0.0103912 -0.0139008 0.02948 
-0.287262 -0.358459 -0.314804 -0.284668 0.0448151 -0.19928 -0.100388 0.0523529 -0.260803 -0.245361 -0.262909 -0.325256 -0.0289459 -0.00692749 -0.0364227 -0.0545807 
-0.278046 -0.271606 -0.203476 -0.191437 0.0203857 0.0930481 0.036087 -0.00752258 -0.300903 -0.340118 -0.227432 -0.208801 -0.0213013 -0.0207672 0.0059967 -0.000747681 
-0.205353 -0.169586 -0.238556 -0.266479 -0.00424194 -0.0300751 -0.04245 -0.0174408 -0.181732 -0.170349 -0.23555 -0.218811 0.0610657 -0.00778198 0.0380096 0.0585938 
-0.129974 -0.148956 -0.105423 -0.123352 -0.0144348 0.0195618 0.0291138 -0.0144043 -0.152069 -0.0884399 -0.0934448 -0.133087 -0.106781 -0.00967407 -0.0426331 -0.0747986 
-0.003479 0.0119629 -0.0772095 -0.0957947 0.0579834 0.0926666 0.0364227 0.0326385 -0.0518799 -0.00460815 -0.0358276 -0.0582581 0.107605 0.0744324 0.017868 0.00645447 
-0.009552 -0.0690613 -0.0130768 0.0531311 -0.0599976 -0.0116425 0.000778198 -0.0227661 0.0143433 -0.0640869 -0.0018158 0.0356445 -0.131378 -0.0620422 -0.000686646 -0.0399475 
-0.153015 -0.06604 -0.138443 -0.170715 0.0623322 0.0799713 0.038559 0.0311584 -0.213379 -0.297211 -0.307709 -0.26178 0.0071106 -0.0557861 -0.0071106 0.0539398 
-0.338623 -0.340851 -0.31926 -0.348419 0.0251923 -0.106491 -0.0241089 0.0852966 -0.240601 -0.195374 -0.196518 -0.256409 0.0957794 0.00942993 0.0775299 0.0984344 
-0.0925903 -0.0746155 -0.115646 -0.150604 0.0615234 0.0855865 0.0489502 0.026062 -0.0818481 -0.0917358 -0.060379 -0.0426025 0.03302 0.0705261 -0.0620728 -0.0543518 
-0.175354 -0.265533 -0.193436 -0.148376 -0.0401764 0.00332642 0.00669861 -0.0699463 -0.188965 -0.180054 -0.211563 -0.209198 0.102341 0.0921478 -0.00323486 0.00900269 
-0.222687 -0.241241 -0.21434 -0.125977 0.0334778 -0.0374603 -0.00135803 0.046875 -0.224762 -0.216888 -0.245865 -0.2388 -0.0869293 -0.0523682 0.0120392 0.0258484 
-0.482697 -0.455048 -0.459259 -0.489014 0.0214233 0.0400543 -0.00540161 0.0308228 -0.480164 -0.529053 -0.475143 -0.476013 -0.0596466 -0.0913086 -0.000656128 0.00502014 
-0.546478 -0.50946 -0.544388 -0.574341 0.0209656 0.0666199 0.115097 0.0116882 -0.600006 -0.551575 -0.664291 -0.650391 -0.070343 0.070755 0.0680695 -0.0265961 
-0.238831 -0.155701 -0.206253 -0.291901 -0.00738525 0.0975342 0.00149536 -0.0279999 -0.214264 -0.187622 -0.139725 -0.174347 0.0936127 -0.0093689 0.000991821 0.0505066 
-0.365387 -0.435333 -0.392029 -0.335114 0.0691986 -0.0848694 0.0235443 0.0938568 -0.546356 -0.55191 -0.503998 -0.48877 0.0722198 0.00419617 0.0113525 0.0302582 
-0.428833 -0.542175 -0.524353 -0.363098 0.0324097 0.0322266 0.0298309 0.0996399 -0.269379 -0.230164 -0.335419 -0.315063 -0.0934448 0.0695496 -0.0224609 -0.099884 
-0.381958 -0.290833 -0.269623 -0.393616 0.0210419 0.0865173 0.00114441 -0.0694427 -0.333496 -0.378571 -0.22464 -0.209656 0.00595093 0.0305328 -0.035614 -0.0522919 
-0.43158 -0.463043 -0.443954 -0.447174 -0.00767517 -0.00718689 0.0110779 0.00233459 -0.419159 -0.407654 -0.557465 -0.561218 0.0833588 0.0234375 0.102524 0.137787 
-0.144104 -0.100311 -0.120667 -0.160339 -0.0409393 -0.0957794 0.0215607 0.0366364 -0.122925 -0.119659 -0.0192871 -0.0171204 0.00115967 -0.0984039 -0.0985565 -0.0154114 
0.100098 0.111664 0.0789948 0.0759277 0.112808 0.0629578 -0.0135651 0.0162964 0.0565796 0.116821 0.0639954 -0.0189819 0.0237885 0.0392151 0.0328522 0.00285339 
-0.0114746 0.0137634 0.00177002 -0.0207214 -0.0545044 0.0185699 0.012146 0.00846863 -0.0158386 -0.138245 -0.0557709 0.00350952 -0.0684814 -0.0753479 0.0233459 -0.010849 
-0.465118 -0.495483 -0.450592 -0.392883 0.0131226 0.0160065 0.0478058 0.0388641 -0.452362 -0.425781 -0.443863 -0.467514 -0.0349731 0.10289 4.57764e-05 -0.0156097 
-0.0724487 -0.124969 -0.126831 -0.0655212 0.0876465 0.0826416 0.0243988 0.0359039 -0.124466 -0.134705 -0.12355 -0.0634766 0.0327454 -0.0665588 -0.0205383 0.00357056 
0.123947 0.122467 0.108337 0.101898 -0.0407257 -0.077179 0.00521851 -0.00657654 -0.0845337 -0.0234833 -0.187302 -0.218552 0.08461 0.0574646 0.0501556 0.0467834 
-0.418549 -0.400772 -0.374619 -0.415421 0.00352478 0.0251617 -0.00265503 0.00408936 -0.135666 -0.163086 -0.0675049 -0.0666809 -0.0467834 -0.0793762 -0.0445251 0.0231628 
0.0203247 0.069046 0.0560608 0.0264893 0.0210419 0.0279999 -0.037323 -0.0175476 0.0593872 0.107834 0.111465 0.0526428 -0.0480499 0.0557098 0.0141754 -0.0332031 
0.159134 0.159317 0.150452 0.16185 0.0123749 -0.0494232 -0.0228119 0.0160675 0.123734 0.0906219 0.0785522 0.123306 0.0391388 0.0188141 0.0473175 -0.000823975 
0.0509644 0.0341492 0.00280762 0.00619507 -0.0612335 0.0385437 0.0501404 -0.039978 0.0228119 -0.104736 -0.0187683 0.0519867 0.0403748 -0.161606 -0.124542 0.00611877 
-0.0558777 -0.0480804 -0.0735016 -0.110794 0.00627136 -0.0229645 -0.0157318 0.0104675 -0.0700531 0.0607605 -0.00592041 -0.0904694 0.0413361 0.116699 0.0502319 -0.0154266 
-0.505219 -0.576035 -0.590393 -0.579346 0.0701599 -0.0470581 0.0229187 0.0497742 -0.478683 -0.599762 -0.443314 -0.392746 -0.0890808 -0.109665 -0.0444489 -0.0535431 
0.290298 0.380066 0.313263 0.240417 0.0128021 0.0533752 0.0161133 -0.0531006 0.299896 0.321518 0.226624 0.221054 0.124619 0.0129242 -0.0510864 0.0623016 
0.0262146 -0.0497894 0.0374756 0.125412 0.0387878 -0.00811768 -0.019455 0.0803986 -0.0184631 -0.00532532 -0.079895 -0.11409 -0.000137329 0.0118561 0.0386047 -0.00611877 
0.0786591 0.131302 0.113617 0.0265808 -0.0629578 -0.0434875 -0.0572815 -0.0643311 -0.230331 -0.197052 -0.190186 -0.225739 -0.0693817 -0.14537 0.0463104 0.180267 
-0.126846 -0.239685 -0.123627 -0.0141296 0.0481262 -0.0297241 0.0233612 0.0771484 -0.0506439 -0.109711 -0.0977325 -0.079483 0.0904236 0.116226 0.0144501 -0.0573883 
0.183014 0.261642 0.225494 0.203751 -0.00830078 0.0393829 0.00738525 -0.0657959 0.433777 0.464233 0.409317 0.460739 -0.0201721 -0.039505 0.00889587 0.0321503 
0.0813446 0.122192 0.0759277 0.0276794 -0.0562134 0.00140381 0.0404816 0.0184174 0.310089 0.35347 0.411224 0.380463 -0.0499268 0.042923 -0.03479 -0.068573 
0.478333 0.463852 0.472275 0.481705 -0.0766296 -0.0240479 -0.0354004 -0.00924683 0.241684 0.216843 0.229767 0.257004 -0.0697327 0.089859 0.0298157 -0.107758 
0.1297 0.124481 0.133102 0.220718 -0.00135803 0.120682 0.0152283 -0.0626831 0.206451 0.293289 0.299606 0.294815 -0.0611725 0.0708618 -0.0281219 -0.0756836 
0.0345154 0.0817413 0.0844421 0.0696259 -0.0642242 0.0459747 0.0171204 -0.0752716 0.014679 0.0454407 0.0651398 0.0449219 -0.130066 0.207458 0.0510864 -0.184021 
-0.174606 -0.177994 -0.154739 -0.0510406 0.0375519 0.0356293 0.00617981 0.023941 -0.220505 -0.232132 -0.181381 -0.158707 0.0554352 0.0172119 0.073822 0.143448 
0.202087 0.232803 0.247055 0.143387 -0.101929 -0.0719452 0.0202179 0.0392609 0.0107269 0.153503 -0.00643921 -0.0848694 -0.0103302 0.0653229 0.0087738 -0.0562897 
0.0691223 0.0667114 0.0523224 0.0523529 0.0865631 -0.0120239 -0.0183411 0.0199432 0.327789 0.135712 0.231827 0.295456 0.0734863 -0.339432 -0.0511932 0.184067 
0.102646 0.0619965 0.047348 0.0144806 0.0235291 -0.134048 -0.0489349 0.00836182 0.157333 0.152542 0.123703 0.110168 0.104919 0.0836182 -0.0102997 -0.0275421 
0.543045 0.489594 0.489944 0.519089 -0.0595093 0.0155182 -0.0917511 -0.143875 0.221466 0.212891 0.177948 0.227539 -0.0744629 -0.101822 0.0271454 0.0975952 
0.083847 0.146423 0.102768 0.0310516 0.00216675 0.0697174 0.0286102 -0.0476074 0.354935 0.362701 0.413116 0.395996 -0.00012207 0.0552673 -0.0956268 -0.125824 
0.273849 0.309235 0.285919 0.24765 0.0596619 -0.185135 -0.0840607 0.0954437 0.342682 0.300323 0.322144 0.266968 0.131958 -0.159103 -0.0210419 0.109879 
0.384827 0.267197 0.30687 0.32576 0.00102234 0.00791931 0.0209961 0.0339813 0.273987 0.245499 0.273682 0.304016 -0.0386353 -0.0806122 -0.0668793 -0.044693 
0.22963 0.182922 0.255493 0.313385 -0.0289307 -0.137558 -0.086319 -0.0643768 0.132477 0.122391 0.0420227 0.0180969 0.0652161 -0.0681915 0.000961304 0.0751648 
0.248856 0.300797 0.257355 0.223038 -0.0311584 0.149414 0.0244446 -0.0582733 0.336243 0.386826 0.386444 0.377777 -0.10643 0.132477 -0.0014801 -0.114944 
0.161163 0.0894928 0.0699463 0.134949 -0.0428467 -0.178955 -0.0351715 0.0384827 0.160904 0.0364532 0.119019 0.154343 0.0255737 -0.0617676 -0.00413513 0.0375977 
0.293976 0.461197 0.422058 0.346466 -0.0104523 0.132507 0.0137329 -0.0262604 0.240616 0.326538 0.329269 0.381165 0.0144348 0.18161 0.0223083 -0.0841675 
0.314865 0.282181 0.289215 0.292023 -0.062439 0.041748 -0.014328 -0.0639801 0.299088 0.374283 0.350769 0.29451 -0.115982 -0.0432739 0.0605621 0.0371704 
0.246887 0.195724 0.292114 0.345535 -0.0118561 -0.074707 -0.0517883 -0.056076 0.311813 0.333725 0.227478 0.186661 0.055481 0.0632935 -0.051239 -0.00939941 
0.271515 0.263779 0.2341 0.242676 -0.0164795 -0.120285 0.00869751 0.0757141 0.307648 0.223236 0.2379 0.263947 -0.0738831 -0.0923309 0.0452271 -0.017746 
0.274292 0.289062 0.230118 0.250473 -0.00344849 0.0339508 0.0160828 -0.0367279 0.256409 0.244095 0.326096 0.351685 0.0557709 0.0404816 0.026062 0.0488281 
0.218643 0.265472 0.265472 0.21875 -0.00802612 0.100815 -0.00517273 -0.0382538 0.212677 0.220703 0.210739 0.219666 -0.0888977 -0.0404816 -0.00390625 -0.0781708 
0.128159 0.0747833 0.147507 0.148682 -0.0695496 -0.164581 -0.0773163 -0.0201569 0.101349 0.224655 0.125137 0.00473022 -0.0177917 0.0245209 -0.0218048 0.0594025 
0.0570526 0.037735 0.0800781 0.0914917 0.0544739 -0.0122681 0.0085907 0.0135193 0.102859 0.00752258 0.118652 0.24263 0.126282 0.0599976 -0.00942993 0.0103302 
0.111359 0.125687 0.0324402 0.0237274 -0.0250702 0.118423 0.0687866 0.0319977 0.0293121 0.000762939 0.03125 0.00559998 -0.0937958 -0.136932 -0.0565338 -0.0656128 
-0.731979 -0.593781 -0.559875 -0.598969 0.0990906 0.0763855 0.0381012 0.0890808 -0.716797 -0.564941 -0.633896 -0.659103 0.05513 0.190887 0.0406647 -0.0595398 
0.311844 0.239807 0.2267 0.292694 -0.0278778 -0.068924 -0.0818939 -0.0805817 0.306122 0.251389 0.29393 0.316559 -0.00878906 -0.128159 0.000305176 0.0639801 
0.937851 0.920181 0.98616 0.969528 -0.200928 0.00267029 -0.0529938 -0.240005 1.0033 0.948547 0.922836 0.89798 -0.00872803 -0.0328369 0.0241547 0.0600281 
0.810059 0.800674 0.729858 0.743027 0.0494995 -0.0397797 -0.0276184 0.0679321 0.854553 0.816086 0.885468 0.967468 0.00434875 0.010437 -0.119659 -0.134583 
0.567398 0.493973 0.546646 0.536652 -0.106293 -0.204361 -0.115509 -0.103012 0.440506 0.460022 0.397476 0.350098 -0.0840454 -0.0641785 0.0682068 0.0970764 
0.310699 0.377136 0.254303 0.229965 0.057312 0.0694733 0.0741119 0.132187 0.336197 0.398117 0.371262 0.373779 0.0966339 0.14621 -0.0987701 -0.122452 
0.246841 0.204544 0.284866 0.335846 0.0176849 -0.0404816 -0.0550537 -0.0957184 0.345001 0.3423 0.39798 0.345505 -0.0714722 -0.149597 0.0251312 0.0152435 
0.308395 0.332611 0.339645 0.340027 -0.105453 -0.0272522 -0.0309448 -0.0427856 0.188522 0.0967255 0.0105896 0.0125275 -0.0115662 0.0140839 0.084198 0.114609 
0.158859 0.221832 0.196945 0.0616608 0.060379 0.0604248 0.0108185 0.0565948 0.146027 0.186646 0.284897 0.351913 -0.00999451 -0.0182648 -0.0403137 -0.0274506 
0.372437 0.298752 0.365692 0.470947 0.00502014 -0.0448914 -0.0703888 -0.0912476 0.432007 0.44278 0.429245 0.43602 0.0791626 0.251816 0.0409546 -0.0904694 
0.048111 0.0142212 0.0866089 0.0746613 -0.168518 -0.20282 -0.0210876 0.0372467 0.0720367 0.112045 0.0800476 0.0263824 -0.034668 -0.116394 -0.0527039 -0.022171 
0.32991 0.372864 0.232468 0.262726 0.0236664 0.0900574 -0.00708008 -0.113388 0.303665 0.253403 0.196823 0.216431 -0.0391541 -0.0849304 -0.0065155 0.0679626 
0.0520935 0.0394287 -0.00997925 -0.0253906 0.0327148 0.0136719 -0.0176849 0.0515747 0.241943 0.246658 0.328766 0.302246 0.0236359 -0.0346222 -0.0329895 0.00619507 
0.271881 0.208145 0.294098 0.33432 -0.0101166 -0.089447 0.0313263 0.0918274 -0.00187683 -0.0430908 -0.0546112 -0.0194702 -0.0840607 -0.0249634 0.0429382 0.00579834 
0.0137787 0.132751 0.110947 0.00880432 -0.00923157 0.051651 -0.00230408 -0.0671844 0.0483398 0.0808563 0.0209656 0.0548706 0.0118408 0.0224152 0.0593414 0.0303497 
0.265427 0.254227 0.246506 0.294678 -0.0347137 0.0175934 -0.0335693 -0.0236053 0.315018 0.316391 0.384552 0.334015 0.0466614 -0.0245819 -0.138809 -0.0483398 
0.0194855 0.020462 0.0906525 0.0625916 0.0438385 0.0385437 -0.0252838 -0.0923767 0.239746 0.2388 0.191406 0.191986 -0.0178528 0.1017 0.0632629 -0.0989227 
0.249588 0.179077 0.152435 0.21228 -0.0743561 -0.076004 -0.013031 0.00166321 -0.0368195 0.0100555 -0.00688171 -0.0270386 -0.0231476 0.0450897 0.00944519 0.0271759 
0.0144806 0.0296631 0.0618591 0.0517273 -0.0348969 -0.0425568 -0.00817871 -0.00112915 0.225052 0.289291 0.40976 0.406662 0.0212097 -0.00338745 -0.0449371 -0.0606384 
0.267273 0.272736 0.160553 0.165192 0.0819397 0.0818787 0.0888977 0.0891266 -0.0315552 -0.0865784 -0.119736 -0.118256 0.0548401 -0.0478058 0.0581207 0.122894 
0.0673218 0.0684967 0.135818 0.13298 -0.0506287 -0.0419312 -0.0910645 -0.0623322 0.140839 0.0785217 0.0692291 0.0629425 -0.0633392 -0.179855 -0.0312653 0.0188751 
-0.0908966 -0.0309906 -0.0828552 -0.173126 0.00482178 0.00738525 0.0269318 0.0169373 -0.0537415 -0.121368 -0.169357 -0.128754 0.0232849 0.0364227 0.00299072 0.0109406 
-0.122604 -0.0638885 -0.129013 -0.138657 0.0164337 -0.0330353 0.0245514 0.0665894 -0.0994568 -0.0441132 -0.0623779 -0.100967 -0.00537109 0.0250244 0.00161743 -0.0321198 
0.213501 0.150742 0.194351 0.259918 0.00849915 -0.0548401 -0.0928955 -0.0927582 0.253342 0.32962 0.25386 0.261719 -0.0182037 0.0946198 0.0424042 0.00523376 
-0.080658 -0.180298 -0.0714722 -0.043808 -0.00231934 0.141281 0.0706787 -0.0451202 -0.136749 -0.175735 -0.148331 -0.089325 -0.0263519 -0.00697327 -0.0413208 -0.0473785 
-0.116516 -0.113297 -0.108078 -0.0997467 -0.0439606 0.0186157 -0.0297546 -0.0277863 -0.107452 -0.1203 -0.0323029 -0.0655212 0.00709534 -0.021286 -0.0154114 -0.00221252 
0.11348 0.140366 0.0813446 0.104492 0.0929565 -0.0940857 0.00712585 0.170197 0.166397 0.205627 0.194199 0.172165 0.0824585 0.168427 0.0235901 -0.00570679 
-0.164246 -0.125488 -0.0973663 -0.0814209 -0.0200653 0.0996094 0.0210571 -0.0914764 -0.211884 -0.206161 -0.148941 -0.146454 -0.144608 -0.149918 -0.0146027 -0.0216217 
-0.112854 -0.0697937 -0.165665 -0.252014 -0.0363007 0.00341797 0.0822601 0.0576782 -0.0720978 -0.143784 -0.115631 -0.0841064 0.153107 -0.0443268 -0.0166321 0.0717926 
-0.0699005 -0.129578 -0.0875092 -0.0657959 -0.0473785 -0.0651855 0.00248718 0.0267792 -0.0705872 0.00250244 -0.107162 -0.153732 0.00126648 0.0550537 0.00387573 -0.023407 
-0.141388 -0.12384 -0.108078 -0.0939941 0.0179138 -0.10997 -0.0458374 0.0222931 -0.125092 -0.122925 -0.136703 -0.113068 -0.0384369 0.0328369 0.0540619 0.0114288 
-0.03125 -0.0223694 -0.0119934 -0.0469666 0.00985718 0.0923004 -0.0153198 -0.109756 -0.0543518 -0.0965576 -0.0413513 -0.0444183 -0.0196381 -0.015274 -0.0108185 -6.10352e-05 
-0.193329 -0.231506 -0.204773 -0.143402 0.0275116 0.14592 0.0199738 0.0144653 -0.248047 -0.189484 -0.253723 -0.258392 0.0437775 0.104065 0.00050354 -0.0400696 
-0.231354 -0.199982 -0.30423 -0.357422 0.0475769 0.0129852 0.0278168 0.0340424 -0.192322 -0.277313 -0.244446 -0.214813 -0.0803833 -0.0627441 -0.0346985 -0.037735 
-0.342621 -0.279633 -0.21489 -0.231415 0.159714 0.00405884 0.00912476 0.0719604 -0.373138 -0.365234 -0.41951 -0.447601 -0.0178223 -0.173737 0.0132904 0.13446 
-0.212646 -0.288574 -0.177841 -0.142822 -0.190735 -0.0800934 -0.0343781 -0.0497742 0.0376587 0.0312195 0.153854 0.156006 0.0246429 0.0475922 -0.00849915 -0.00811768 
0.0834961 0.141785 0.0329285 -0.0119019 -0.0387268 0.0532532 0.0286255 -0.0431671 -0.172302 -0.15979 -0.245087 -0.22113 0.0463409 0.0488892 0.096405 0.0294189 
-0.223297 -0.265015 -0.276962 -0.227264 0.0975952 0.0131683 0.0985718 0.140442 -0.243164 -0.15686 -0.138763 -0.146484 0.0649414 0.104431 -0.0717163 -0.0482635 
-0.315033 -0.296875 -0.268524 -0.228729 0.0454102 -0.0533752 -0.0323181 -0.0289307 -0.2995 -0.42688 -0.355011 -0.322021 -0.101273 -0.089798 0.0508728 -0.0153046 
-0.193665 -0.22644 -0.210449 -0.24762 0.0151215 0.0770569 -0.017334 -0.0185242 -0.0809631 0.0045166 -0.018631 -0.0689392 -0.0190582 0.113586 -0.0493774 -0.124893 
-0.0254517 -0.12265 -0.127045 -0.0846863 0.0676422 -0.0978241 -0.00630188 0.151474 -0.192108 -0.298737 -0.331635 -0.295654 0.102188 -0.223495 -0.0158997 0.159409 
-0.372314 -0.2323 -0.255066 -0.312195 -0.0785828 0.170761 0.0733337 -0.112762 -0.33905 -0.253876 -0.180984 -0.22049 -0.0625153 0.0508575 0.0193481 -0.0222168 
-0.143402 -0.195221 -0.207169 -0.208832 0.0745697 -0.0233917 0.0229645 0.0787354 -0.130798 -0.121918 -0.295883 -0.272949 0.0144196 0.098938 0.0436401 0.0694122 
-0.342468 -0.267395 -0.306519 -0.303467 -0.0863495 0.0348816 -0.0341644 -0.118668 -0.328979 -0.274292 -0.201843 -0.198761 0.102493 0.134506 -0.00697327 -0.073349 
-0.39035 -0.402313 -0.393982 -0.422516 0.118958 0.00567627 0.0492249 0.0927887 -0.35379 -0.448456 -0.385727 -0.40567 -0.0636902 -0.150223 -0.00915527 0.0169983 
-0.268555 -0.30481 -0.239731 -0.151611 -0.0254059 -0.0270233 0.0590668 0.0964508 -0.285156 -0.181122 -0.309326 -0.345184 -0.0708618 0.0552826 0.0553284 -0.0202789 
-0.151855 -0.270844 -0.165909 -0.192871 0.0183105 -0.0438538 -0.0749054 -0.0375214 -0.162445 -0.190094 -0.152908 -0.0935974 0.00987244 0.0202026 -0.0471649 -0.0196838 
-0.302521 -0.16983 -0.3396 -0.366516 0.0344543 0.107635 0.10495 0.0500336 -0.253082 -0.240234 -0.184433 -0.221069 0.0470581 0.0789795 0.0511322 0.0474548 
