0.982147 0.8685 0.927658 0.993591 -0.0533752 -0.157959 -0.0424957 0.00535583 0.912018 0.962616 0.909836 0.925323 -0.0735779 0.0117798 0.0259094 0.0406189 
-0.939209 -0.607513 -0.766998 -1.02734 -0.0140686 0.35231 0.0166016 -0.170181 -0.732025 -0.866486 -0.786484 -0.833221 0.202881 0.00927734 -0.104416 -0.161469 
-0.760327 -0.874546 -0.826113 -0.673712 0.0741465 -0.0933598 0.0100737 0.112813 -0.707393 -0.741214 -0.633597 -0.664519 -0.132801 -0.136748 -0.0115538 -0.0112643 
-0.226928 -0.048521 -0.140286 -0.255653 0.0757076 0.248036 0.0158771 -0.0394893 -0.343224 -0.314468 -0.345798 -0.281081 0.228231 0.111361 0.00272936 -0.0105159 
-0.235368 -0.256104 -0.223663 -0.239512 -0.060708 -0.100238 0.0374227 0.00344233 -0.150222 -0.181868 -0.204926 -0.210142 -0.0356632 -0.0598987 0.0315412 0.191983 
0.0379699 -0.108969 -0.0938797 0.0247967 0.0476684 -0.0960811 0.0182905 0.130206 -0.143815 -0.0616918 -0.119266 -0.143311 -0.126323 0.052733 0.0421212 -0.103684 
0.0816107 0.0187698 0.0744978 0.110951 -0.0203047 0.0528909 0.010331 -0.0915891 0.153082 0.197856 0.17512 0.174693 -0.0758801 0.079306 0.0587443 0.00331381 
0.0806691 0.0572342 0.0556561 0.0388698 -0.0162149 -0.162552 0.0218991 0.104331 0.0535211 0.0724805 0.0680586 0.0890855 0.0544062 -0.0103729 -0.0541723 0.0105179 
0.137964 0.0844495 0.172527 0.215618 0.0250407 -0.070308 -0.0403696 0.0216843 0.133205 0.133705 0.173484 0.170539 -0.0516558 -0.00509184 0.0292693 0.0448665 
0.305313 0.26938 0.206625 0.250793 0.0261486 0.0327601 0.0414653 0.0355995 0.211485 0.190889 0.123345 0.166363 0.0212833 -0.00332388 0.073147 0.105025 
0.215936 0.164966 0.296322 0.289319 -0.0442503 -0.133684 -0.05464 -0.000380157 0.261161 0.352146 0.337948 0.314916 -0.13403 -0.00642047 -0.0554509 -0.0890919 
0.406875 0.319638 0.338345 0.381397 -0.0383282 0.00473858 -0.0132631 -0.0495886 0.33882 0.32353 0.309182 0.324904 0.0315495 0.03077 0.0198493 0.0193594 
0.314715 0.362088 0.245317 0.199034 0.022 -0.00324636 0.049409 0.0818975 0.287906 0.232857 0.192518 0.227853 -0.0180234 -0.103463 0.041723 0.119978 
0.0304344 -0.0543056 0.0956529 0.194283 -0.0509884 -0.0807851 -0.0408121 -0.0407909 0.034885 0.125219 0.0604108 0.0121598 -0.0232517 0.0834335 -0.0146909 -0.0563251 
0.110249 0.160419 0.0555531 0.00854015 0.0573624 -0.0324797 -0.00238157 0.068853 0.108786 0.0383044 0.167103 0.199535 0.10248 -0.0366987 -0.0618919 0.0788417 
0.170142 0.144311 0.193841 0.181579 -0.0695361 0.0822931 0.0212962 -0.0952095 0.179044 0.257773 0.124974 0.0715349 -0.0808998 0.0845719 0.119567 -0.0364445 
-0.0268819 -0.139627 -0.118482 0.0125675 0.0265225 -0.125539 0.00249346 0.0854243 -0.0957676 -0.0865406 -0.0117719 0.0110223 -0.00836065 -0.0352287 -0.0655714 -0.0423566 
-0.0563133 -0.0113962 0.00903833 -0.0707045 0.0513833 0.069171 -0.0641816 -0.0433328 -0.063675 -0.0756278 -0.202895 -0.191075 -0.109817 -0.00224093 0.0978708 0.089163 
-0.2329 -0.238655 -0.215911 -0.158966 -0.0675246 0.0017404 0.0711402 0.0005899 -0.303203 -0.260047 -0.177601 -0.157878 0.185633 0.152949 -0.0950553 -0.0877917 
-0.22601 -0.188282 -0.260685 -0.319841 0.0670761 -0.107821 -0.0319716 0.0997107 -0.175959 -0.216514 -0.186322 -0.216935 -0.168391 -0.220403 0.0288369 0.0563304 
-0.464816 -0.431525 -0.402986 -0.415372 -0.0401826 0.259009 0.0972495 -0.0683677 -0.312925 -0.287053 -0.390909 -0.351503 0.0713621 0.101885 0.0382126 0.0230434 
0.327316 0.220705 0.205716 0.260884 0.0497823 -0.235378 -0.0146324 0.065549 0.0676575 0.123306 0.119104 0.0587602 -0.0357608 0.150437 -0.0557168 -0.146447 
-0.0711088 0.0157722 0.0299075 -0.0359119 -0.0547712 0.0703992 -0.0521368 -0.0648736 0.199309 0.0960463 0.263649 0.323156 0.0788225 -0.258479 0.0080337 0.167122 
-0.197144 -0.285506 -0.195339 -0.122128 0.0731344 -0.0165793 0.0106658 0.0310076 -0.361324 -0.371897 -0.460395 -0.439033 0.0090516 0.198701 0.0406736 -0.0833127 
0.122655 0.180779 0.122337 0.126426 -0.0378351 0.0420226 0.0244837 0.000368014 0.334625 0.33831 0.431441 0.41094 -0.0184409 -0.155615 -0.0152421 0.0515731 
0.478879 0.473524 0.42187 0.345305 0.0124535 -0.0566781 -0.066366 0.0100014 0.28262 0.357163 0.230432 0.18027 -0.0201165 0.0185653 -0.0369581 -0.0653392 
-0.0603254 -0.0546584 0.0231233 0.121971 0.0117451 0.00149842 0.0124915 -0.00992665 0.066087 0.0106378 0.0669899 0.105068 -0.0223662 0.0396299 -0.00937264 0.0260239 
0.202542 0.202325 0.166259 0.0268266 -0.122222 -0.000533804 0.0709145 -0.0138542 0.132198 0.169108 0.183286 0.121217 -0.0184981 0.00294422 0.0481489 0.0182855 
0.167569 0.148694 0.0977302 0.202842 0.0268565 0.00657882 -0.0596184 -0.0613384 0.193698 0.126858 0.101686 0.195247 0.0523508 0.00713489 0.0039173 -0.00109487 
0.28303 0.352207 0.359419 0.319541 0.0840544 0.0543727 -0.0308658 -0.0231271 0.218321 0.288292 0.273343 0.215967 -0.0425635 -0.0665688 -0.039337 -0.0500322 
0.0137579 -0.00626945 0.0296409 0.0332835 -0.0946665 -0.141253 -0.0716109 0.0129467 0.0165467 -0.0132174 -0.00762439 0.0311084 -0.125948 -0.000442695 -0.00986073 -0.0177002 
0.158632 0.115922 0.134948 0.181146 0.0224996 0.0796254 0.0327701 0.00466989 0.154762 0.197673 0.0913627 0.0525272 0.155598 0.0373716 0.00652693 0.0691675 
0.11257 0.15098 0.131438 0.0934901 -0.0529503 -0.0375332 0.0176492 -0.0471618 -0.176433 -0.272387 -0.111897 -0.0635986 -0.0767685 -0.0640297 0.0249462 -0.0421082 
-0.161104 -0.179543 -0.140882 -0.181027 0.0836171 0.0382869 -0.0358726 0.0803547 0.3449 0.454157 0.320374 0.249495 0.0552375 0.115514 0.00165503 0.00827501 
0.22613 0.275548 0.215586 0.206347 -0.0404415 -0.0450617 0.019787 -0.0454632 -0.0819788 -0.19112 -0.0586219 -0.00859118 0.0473924 -0.00536443 -0.0183114 -0.0299965 
-0.174296 -0.261464 -0.240563 -0.158799 -0.0324352 0.0541418 0.09244 0.0406981 -0.123678 -0.0590582 -0.0801768 -0.0871372 0.00944094 -0.0842754 -0.0333787 0.0666546 
0.192012 0.224754 0.196429 0.105574 0.0460861 -0.0124784 -0.0739893 -0.0693472 0.494458 0.474453 0.494871 0.496398 -0.0491025 0.0411461 -0.0182975 -0.0935359 
0.300192 0.338151 0.329311 0.378239 -0.135068 0.00966084 -0.0110175 -0.0171715 -0.107908 -0.0782473 -0.127091 -0.113327 0.00809021 0.13835 0.0425455 0.0104346 
0.0284462 -0.00399303 0.0383873 0.0219309 0.111744 -0.120055 -0.0526368 0.048393 0.444422 0.415656 0.427298 0.406941 -0.00679627 -0.110026 -0.0308529 0.0158511 
-0.128775 -0.163314 -0.162528 -0.149751 -0.0784016 0.00397569 -0.0387115 -0.0833022 -0.286219 -0.311307 -0.376057 -0.332851 -0.0878059 -0.155672 0.0306685 0.0392684 
0.403838 0.459993 0.416768 0.430024 0.100491 0.16483 0.0961271 0.0364779 0.116144 0.206587 0.257603 0.193511 0.0813251 0.163572 -0.00711352 -0.0715753 
0.0583978 0.0287244 0.0267346 -0.0324664 -0.0601625 -0.199814 -0.0726044 -0.000761092 0.431255 0.36654 0.378204 0.388098 -0.0464985 -0.10535 0.000474647 0.0773273 
0.0612237 0.1008 0.119163 0.17293 0.0111713 0.0618636 0.0335321 0.00710632 -0.0438173 -0.0367241 -0.0348214 -0.0739167 0.0323785 -0.0121126 -0.00530915 0.0546431 
0.159161 0.152323 0.1562 0.156262 -0.0306538 0.0652432 0.00768054 -0.040399 0.119241 0.0801806 0.0523475 0.128262 0.00611882 0.0480877 0.00795384 -0.106534 
0.0839324 0.0664401 0.0348673 0.0573826 -0.0722936 -0.110452 -0.0115797 0.0414118 0.0797918 0.177826 0.140946 0.0472254 -0.0107262 0.0983521 -0.0175959 -0.0147029 
0.0114094 -0.058831 0.00827312 0.0232211 0.00496856 -0.0649091 -0.0752938 -0.0748449 -0.167981 -0.331012 -0.167367 -0.013745 -0.0133762 -0.156356 0.0117531 0.0693457 
-0.0687926 -0.0562147 -0.0115664 -0.0482675 -0.0104691 -0.00960679 0.088401 0.103861 0.216097 0.289243 0.212285 0.0999813 0.00424511 -0.036231 -0.0375137 -0.0321542 
0.217089 0.309569 0.214725 0.196467 -0.00856861 0.105666 -0.0660455 -0.112902 0.10701 0.119548 0.0652169 0.060787 0.0473017 -0.0373886 0.0400089 0.106473 
0.147765 0.126968 0.16399 0.201847 0.065128 -0.0235881 -0.0308278 0.0420882 -0.0551404 -0.0156319 -0.0542639 -0.0358592 -0.0372741 0.27011 0.0828322 -0.143753 
-0.0914737 -0.139765 -0.161625 -0.209828 0.0674182 0.135524 0.0489168 -0.0728001 0.176368 0.237125 0.277272 0.288126 0.0513118 -0.109482 -0.095332 0.0535608 
-0.202503 -0.188728 -0.167224 -0.118799 -0.0135393 -0.132072 0.00288462 0.100247 -0.231887 -0.351999 -0.290917 -0.27855 -0.0608056 -0.0301949 -0.0212233 -0.109924 
0.156018 0.1859 0.171811 0.143241 -0.104379 -0.0238353 -0.0434046 -0.0595462 -0.0168451 0.0098809 -0.00836384 -0.0531923 -0.0185239 -0.0611379 0.0505025 0.175695 
0.098331 0.0163804 0.029317 0.0633594 0.107959 0.0473713 -0.0276792 0.0134846 0.330144 0.378184 0.31892 0.350712 0.0765796 0.255971 -0.0285189 -0.144263 
-0.10084 -0.0582397 -0.0361609 -0.0703193 -0.139209 -0.152192 0.0423046 0.0125545 -0.201827 -0.234848 -0.217178 -0.219708 -0.0989804 -0.323734 -0.0544814 0.0551893 
0.4152 0.464844 0.439268 0.406632 0.0578665 0.124998 -0.0369357 -0.0837235 0.436615 0.410482 0.460663 0.506279 0.0238061 0.190512 -0.00359878 -0.0894271 
0.0236275 -0.0573652 -0.067434 -0.0145358 -0.0472179 -0.101784 -0.00869959 0.063929 -0.0590186 -0.0681269 -0.0962647 -0.107099 -0.0288536 -0.112109 0.0959113 0.13121 
-0.141963 -0.0548071 -0.108628 -0.13882 0.00795704 0.0923725 0.109925 0.0615021 -0.0845452 -0.131862 -0.0187116 -0.0436651 0.104391 -0.100778 -0.131441 0.0417322 
0.180089 0.137586 0.228973 0.244044 0.071182 0.0917911 -0.0922924 -0.094616 0.197975 0.333843 0.205132 0.179353 -0.0563871 0.355911 0.0815889 -0.235639 
-0.100223 -0.0156186 -0.0383838 -0.0759051 -0.104674 -0.16881 0.000667229 -0.00257424 -0.0510889 -0.0867125 -0.0999954 -0.101141 -0.036517 -0.166021 0.012491 0.120511 
0.148467 -0.0125395 0.00447595 0.119848 0.0363508 -0.0283743 0.0211812 0.0421893 0.0981779 0.0358463 0.0821897 0.102445 -0.0525644 -0.0737002 0.0205332 0.0444754 
0.0321176 0.117474 0.124857 0.00894549 0.0809529 0.158542 -0.0473382 -0.0815641 0.00445007 0.0638405 -0.0284281 -0.0336043 0.128784 0.0270285 -0.00482966 0.00757202 
-0.00280069 -0.0369934 -0.112015 -0.089884 -0.0729792 -0.0666055 -0.0224738 -0.0267231 -0.050435 -0.0441326 -0.0330924 -0.0438502 -0.0764861 0.0391986 -0.024439 -0.0617917 
-0.111851 -0.0691929 -0.0667485 -0.0733143 0.00946543 -0.0698003 0.0551162 0.119825 -0.0858702 -0.151298 -0.0297076 -0.0254188 -0.073876 -0.119597 0.0187562 0.0172667 
-0.13327 -0.149043 -0.133121 -0.0749202 0.0516283 0.0398619 -0.00550575 0.00297159 -0.118091 -0.0657872 -0.171336 -0.179577 0.144367 0.0781958 -0.0313393 0.0464159 
-0.115957 -0.135416 -0.103711 -0.115942 -0.0822616 0.0499953 0.0540733 -0.00580708 -0.123294 -0.186462 -0.0847422 -0.0285094 0.0415195 -0.019694 -0.0418354 -0.0692866 
-0.194687 -0.212562 -0.194123 -0.196212 0.104275 0.00946251 0.0483118 0.12629 -0.239889 -0.135224 -0.281639 -0.382083 -0.0799458 0.0784428 0.127967 0.131716 
-1.04197 -0.920246 -0.948168 -1.02036 0.0138383 0.144867 0.031173 -0.109044 -1.00568 -1.0486 -0.884597 -0.756367 0.0600827 0.0419876 -0.105633 -0.1867 
0.989794 0.857899 0.941349 1.07185 -0.0452078 -0.301585 -0.135717 0.0624824 1.1811 1.1863 1.12698 1.06443 -0.0387972 -0.146455 0.0703177 0.182136 
0.573654 0.66935 0.6053 0.480849 -0.0269637 0.212301 -0.0549281 -0.214887 0.422894 0.412582 0.456259 0.449572 -0.0531576 0.191651 -0.0313451 -0.159681 
0.188946 0.133517 0.112439 0.138533 -0.0338799 -0.168809 0.0405575 0.0797182 0.249304 0.21389 0.165309 0.132808 0.0811383 -0.277023 -0.0252425 0.109967 
0.28436 0.285178 0.295034 0.298753 -0.0678834 0.0320881 -0.0843635 -0.0949436 0.173272 0.209023 0.159104 0.229655 -0.080937 0.26224 0.0163728 -0.111815 
-0.07569 0.0190833 -0.10029 -0.159417 0.0915844 0.083671 0.106379 0.100064 -0.0499861 -0.148152 -0.060506 -0.0784459 0.108192 -0.329292 -0.0331037 0.212191 
0.0918998 -0.0344459 0.0719335 0.160442 -0.0278369 0.0290394 -0.0048521 -0.0563461 0.0272547 0.180267 0.0793619 0.0810258 -0.164492 0.323061 0.00205621 -0.279225 
-0.182651 -0.1559 -0.0883285 -0.0849619 -0.0470466 -0.139354 -0.0414642 0.0399992 -0.105378 -0.14547 -0.117346 -0.115707 0.0886573 -0.166215 0.057977 0.21961 
-0.0961227 -0.107115 -0.197584 -0.192963 0.093973 -0.0325731 0.0581971 0.134144 -0.103467 -0.221711 -0.102419 -0.110744 0.0114753 -0.113681 -0.0870056 -0.0757643 
-0.0139141 -0.0249337 -0.0201699 -0.016368 0.000619389 0.0621574 -0.0115668 -0.0827959 -0.00566077 0.0840453 0.0154866 -0.0107782 0.00369576 0.165448 0.0366276 -0.0202038 
-0.116967 -0.0381478 -0.0217692 -0.0349118 -0.0642702 0.0737468 0.0123392 -0.0333039 -0.136375 -0.0663069 -0.171818 -0.170289 -0.059467 0.0424475 -0.00247003 -0.050396 
-0.149453 -0.200087 -0.170128 -0.213036 0.0524287 0.020113 -0.0789372 -0.0798093 -0.112764 -0.181287 -0.0986145 -0.096238 -0.0293105 0.0550976 0.0866569 0.0280586 
-0.298105 -0.272305 -0.311342 -0.325546 -0.0382743 -0.0211457 0.0806536 0.107731 -0.10126 -0.109987 -0.157895 -0.141202 0.0400637 -0.113302 -0.0427046 0.0559384 
0.238033 0.164796 0.177907 0.25773 0.00439343 -0.150822 -0.0565937 -0.00691059 -0.139451 -0.113854 -0.0616512 -0.0515258 0.0521106 -0.0314721 -0.023756 0.0313109 
-0.438379 -0.391768 -0.462142 -0.509884 0.0329958 0.0830262 0.0795051 0.0251538 -0.265812 -0.32386 -0.313377 -0.347943 0.0343472 0.030613 -0.0408396 -0.0410674 
0.0983202 0.0787696 0.197499 0.257186 0.0752828 0.0310547 0.011658 0.041897 0.0412569 0.0914156 0.0540439 0.029332 -0.014538 -0.0165817 0.0871351 0.074797 
-0.0705459 0.00148368 -0.00591874 -0.0750039 -0.0161295 0.0305494 0.0141465 0.0512256 -0.00269985 -0.0446682 -0.0389576 0.0437571 -0.084725 -0.0877601 -0.0290188 -0.0769741 
-0.0333126 -0.0943146 -0.135337 -0.11986 -0.137001 -0.083855 -0.0608008 -0.143142 -0.0290759 0.0555544 0.0537503 -0.0161216 0.0673707 0.270275 0.0200817 -0.0058032 
0.0080173 0.0128057 0.000552654 -0.0106969 0.111372 0.209518 0.0638692 0.00142804 -0.289383 -0.321463 -0.332219 -0.299503 0.0523908 -0.114802 0.00675417 0.0413473 
-0.350239 -0.362348 -0.277447 -0.243735 -0.0349625 -0.167061 -0.050504 0.0373215 0.337847 0.300007 0.354393 0.382688 -0.113009 -0.00782025 -0.00374966 -0.0583606 
0.309794 0.375955 0.288316 0.257037 0.0891558 0.14337 0.00946298 0.0305733 -0.222682 -0.2091 -0.207042 -0.254799 0.0267262 -0.0682944 -0.032329 0.0314976 
-0.154611 -0.210952 -0.204803 -0.194902 -0.0260741 -0.00791375 0.0635566 0.040289 -0.104736 -0.0439229 -0.0952659 -0.0829079 0.0223494 0.0943661 -0.0142771 -0.0297962 
-0.0985329 -0.109787 -0.0383263 -4.95911e-05 -0.0884677 -0.0518336 -0.0434367 -0.0777549 -0.015255 -0.0792696 -0.0478914 -0.0214534 -0.0415513 -0.0105645 -0.0157394 -0.0316991 
-0.345972 -0.346972 -0.418724 -0.465763 0.14107 -0.0166817 0.0439442 0.109003 -0.121549 -0.0852904 -0.113732 -0.139633 0.0377848 0.0805282 0.0938996 0.021722 
0.367415 0.370192 0.358829 0.415452 -0.070564 0.0194374 -0.00615451 -0.0468846 -0.0374684 -0.0818727 -0.0959036 -0.0610716 0.00383998 -0.0456346 -0.0301537 -0.0160473 
-0.263085 -0.213238 -0.218497 -0.27308 0.0176743 0.0140438 -0.0471919 -0.0318688 0.0699949 0.0713089 0.171329 0.105992 0.0695581 -0.132561 -0.0297287 0.113606 
0.10285 0.0768332 0.100552 0.056138 -0.00251547 -0.0463141 0.0508723 0.0559574 -0.256293 -0.314633 -0.30864 -0.216822 -0.0111769 -0.00593442 -0.00329273 0.0028822 
-0.232476 -0.217061 -0.25448 -0.164783 0.0451134 0.0492905 0.00180596 -0.00522023 -0.124655 -0.0589795 -0.145807 -0.194396 -0.0180769 0.0131553 0.00985918 -0.00710218 
0.172137 0.143282 0.249994 0.214118 -0.0894746 -0.0114146 0.0157495 -0.00969747 0.182188 0.265895 0.197655 0.118934 -0.0163964 0.136471 0.0189633 -0.0565361 
-0.308406 -0.199488 -0.367415 -0.37394 0.168107 0.118546 0.00450979 0.000524282 -0.268082 -0.391926 -0.261046 -0.205574 -0.0937216 -0.176542 -0.0158734 0.0260193 
-0.0843747 -0.117388 -0.0581098 -0.123401 -0.141701 -0.115172 -0.0337923 0.00960554 -0.0374076 0.052979 -0.0152681 0.0319936 0.0955486 0.133514 0.0157337 -0.0163501 
-0.161137 -0.252147 -0.186081 -0.0545542 0.074551 0.00323248 0.041501 0.0374582 -0.166864 -0.21682 -0.254873 -0.279746 -0.0263721 0.030817 0.0230606 0.00616301 
-0.515183 -0.531137 -0.513345 -0.540995 -0.000755407 -0.0535876 0.0395698 0.0509734 -0.510352 -0.497522 -0.370537 -0.367031 0.0721123 -0.0135245 -0.0619572 -0.050405 
0.123479 0.140498 0.113745 0.090652 -0.00325114 0.0611407 -0.0493223 -0.0648007 0.0799686 0.130563 0.0774367 0.0526948 -0.117948 -0.00611762 0.0368122 -0.0165885 
-0.252217 -0.192867 -0.173776 -0.177384 -0.0177717 0.151903 0.0614144 -0.0014746 -0.225395 -0.244522 -0.373221 -0.352615 0.121403 0.0873331 0.0522127 0.111118 
0.0922269 0.0526803 -0.0245883 -0.0244892 0.029623 -0.124514 -0.0113541 0.0364164 0.102754 0.088956 0.188792 0.1636 -0.112953 -0.232825 -0.0570848 -0.000852667 
0.0679358 0.0815674 0.130425 0.154283 -0.00958838 0.0978128 0.0241072 0.0106187 0.232587 0.234116 0.21951 0.259168 0.0946799 0.160292 0.029281 -0.0208917 
0.150606 0.230197 0.14324 0.0563971 0.0267601 -0.113184 -0.0673021 -0.0125419 -0.0680454 -0.15579 -0.0940299 -0.0879513 -0.0839073 -0.0606944 -0.0169664 -0.0462457 
-0.063273 -0.165102 -0.0771222 -0.0202786 -0.0933082 0.120044 0.0829962 -0.0909215 -0.0654458 -0.0170248 -0.00501359 -0.0117823 0.0320471 -0.000200251 -0.0455676 -0.00533069 
-0.261818 -0.220479 -0.251924 -0.279937 0.173448 0.00253598 -0.0623354 0.137807 -0.123494 -0.0811403 -0.13064 -0.164351 0.00853658 0.052144 0.0377411 -0.00748437 
0.194121 0.128738 0.153888 0.184882 -0.098305 -0.163342 0.0464083 -0.037725 0.00293422 -0.0151426 -0.0274976 0.00401151 0.0262202 -0.152004 -0.00992101 0.108274 
-0.142888 -0.0441598 -0.0268388 -0.0303015 0.0711479 0.126126 -0.0778576 0.0131898 -0.0863687 -0.0892241 -0.108855 -0.110927 -0.0852755 0.113397 0.0536645 -0.03952 
-0.00157249 -0.105419 -0.0957272 -0.0712292 -0.0765201 -0.0976989 0.0556044 -0.0342935 0.128327 0.0589356 0.179355 0.191404 0.183444 -0.0251368 -0.0896101 -0.0679033 
0.0120172 0.0345072 0.0305342 0.0544754 0.0575427 0.0763476 -0.0338382 0.0210343 -0.186648 -0.107111 -0.235862 -0.299138 -0.19652 -0.0380109 0.0617052 0.0958867 
-0.129885 -0.0984168 -0.113216 -0.14479 -0.0851813 -0.0575946 0.00916053 -0.0414944 -0.0137836 0.000207365 0.0320025 0.0741531 0.139269 0.231106 0.0360627 -0.0386885 
-0.106441 -0.0694938 -0.0880705 -0.168787 0.063504 0.100826 0.0539325 0.0563623 -0.0815785 -0.13393 -0.124127 -0.110453 0.00107493 -0.169611 -0.0854459 -0.0572804 
-0.0384247 -0.127909 -0.102606 0.0132101 -0.0100773 -0.119681 -0.0338088 0.0168958 -0.0821671 -0.039508 -0.0276057 -0.0763284 -0.171841 -0.0403592 0.0693432 0.068388 
-0.0733164 -0.0126027 -0.0244696 -0.0918849 0.0423195 0.0191468 -0.00322723 -0.00907455 -0.0484864 -0.0913133 -0.0888245 -0.048649 0.0727915 -0.000130136 -0.0177702 0.00978678 
0.0624719 -0.00929305 -0.00339937 0.0743887 -0.0603102 0.123817 0.000255749 -0.0861515 -0.00390479 0.0150074 -0.0286493 -0.00230828 0.125887 0.126336 -0.00749981 -0.057222 
-0.108341 -0.00997631 -0.0256181 -0.0976853 0.0455138 -0.067212 0.0340063 0.112015 -0.0368634 0.0248386 0.0365749 -0.0534738 -0.0801495 -0.0341906 0.053832 0.0388141 
-0.00669391 -0.111213 -0.0351526 0.0118985 0.00389173 -0.0141388 -0.0110566 0.00852603 -0.0476461 -0.0820734 -0.0360534 0.0296647 0.0442038 -0.0482738 -0.0518618 0.00286707 
0.072506 0.151207 0.0460715 0.0155365 -0.0134456 0.0424835 0.0246521 -0.0671378 0.126538 0.0935666 0.0565799 0.0591578 0.0230444 0.0434769 -0.00175467 0.0389145 
0.0724 0.119753 0.12927 0.103109 -0.0145914 -0.00716406 -0.0422174 -0.00692669 0.0849749 0.0969152 0.119442 0.113935 -0.174418 -0.00920457 -0.0087585 -0.15004 
0.196861 0.113646 0.183568 0.19946 -0.0353987 -0.144038 -0.0133331 0.0575667 0.161284 0.176348 0.18596 0.135124 0.0656562 -0.0517689 -0.0211763 0.0493262 
0.163267 0.181658 0.0844983 0.0820493 -0.0268696 0.073795 0.0144011 -0.0545254 0.155486 0.147091 0.106081 0.210313 0.0368027 0.0331404 0.0758678 0.0855335 
-0.0851385 -0.107256 -0.0134108 0.0123198 0.040332 0.0678043 -0.00245635 0.0126689 -0.0929748 -0.174837 -0.125981 -0.180711 -0.0103639 -0.0653007 -0.0790482 -0.0069576 
-0.0159671 0.0353567 -0.0732889 -0.0908935 0.0897365 0.0674548 0.023858 -0.0072407 -0.0121156 0.088478 0.00951731 -0.0272526 0.0279338 0.099649 0.0804873 -0.0101327 
0.0535859 0.0551224 0.0721155 0.0275098 -0.0575013 -0.0119607 -0.00124241 -0.0382485 0.0886911 0.0173917 0.0943881 0.141818 0.0315297 -0.123615 -0.121038 -0.0272274 
-0.0305386 -0.061828 -0.0230174 0.0456674 0.0676242 -0.0951621 -0.0544158 0.0756702 -0.0953422 0.00599098 -0.0417286 -0.0685011 0.024482 0.160272 0.0717858 -0.00187041 
-0.0177341 -0.0503279 -0.0705058 -0.0642094 -0.0899868 0.0288495 0.0254716 -0.0276757 0.000978231 -0.134047 -0.167162 -0.130035 -0.148564 -0.0461433 0.0386677 -0.00629646 
-0.382633 -0.299182 -0.245743 -0.298955 0.0223184 0.112893 0.0216382 -0.038996 -0.360474 -0.248736 -0.177162 -0.210344 0.115575 0.0375551 -0.0550096 -0.0362014 
-0.294336 -0.300077 -0.327659 -0.318414 0.000174306 -0.132417 0.00904197 0.0961756 -0.308863 -0.314275 -0.335272 -0.323795 -0.0715711 -0.15111 0.0645874 0.146299 
-0.0493935 -0.147362 -0.0837238 -0.0215695 0.0572347 -0.0921218 0.0120656 0.0472433 -0.183229 -0.195877 -0.274251 -0.287186 0.0331896 0.170349 -0.0195596 -0.0828903 
-0.189584 -0.0897213 -0.176593 -0.252428 -0.0289857 0.154802 0.0419188 -0.0869265 0.0498321 0.0687145 0.218326 0.20163 0.158167 -0.155368 -0.0447627 0.0675881 
0.0115862 -0.0568526 0.0162302 0.0994147 0.0296856 0.0515588 -0.0154012 0.0486986 -0.100869 -0.166116 -0.218509 -0.192803 -0.189183 -0.00543424 0.0349547 -0.058718 
0.053406 0.073508 0.0507851 -0.0205554 -0.0787499 -0.121357 0.00819178 -0.00575031 0.124752 0.180877 0.143942 0.131262 0.0836984 0.1698 0.0350012 -0.00245552 
0.10707 0.103706 0.0639628 0.0769657 0.100237 0.0436907 -0.0599173 -0.0522707 0.0608021 0.0609025 0.0231154 0.0013361 -0.182349 -0.0432521 0.00523643 -0.0869907 
0.487451 0.498177 0.513438 0.542847 -0.0842056 -0.0995652 -0.0327753 0.0137518 0.495278 0.44856 0.546496 0.618511 0.117791 -0.169375 -0.0680538 0.0795012 
-0.28443 -0.318941 -0.264578 -0.315125 -0.0221812 0.00113004 0.0340932 0.0146278 -0.293005 -0.28163 -0.307507 -0.347754 0.040406 0.0958533 0.00423396 0.0469367 
0.1838 0.271363 0.223217 0.235572 0.0425152 0.0897121 0.0433733 0.0496024 -0.0112979 -0.0127115 0.0135934 0.0445576 0.0394357 0.118722 0.0338039 -0.06241 
0.0870168 0.00297308 -0.010777 0.06042 -0.0075936 -0.0436544 -0.0331592 -0.0173615 0.441751 0.482901 0.400814 0.381785 -0.059266 -0.126903 -0.00711021 0.0291795 
0.169457 0.23054 0.212433 0.116877 0.0192422 0.0931439 0.00571738 -0.0805994 -0.170229 -0.214101 -0.129461 -0.116596 -0.000785839 0.0446503 -0.0547702 -0.0589687 
0.0471346 -0.0631924 9.87053e-05 0.0442557 -0.0707732 -0.0419582 -0.0411397 -0.10402 0.345614 0.419025 0.388863 0.367951 0.0256128 0.0300156 0.0139761 0.00670054 
-0.0390232 0.0604296 0.00327849 0.0294411 0.0285711 -0.0484674 0.0129046 0.139523 -0.0914462 -0.137803 -0.132527 -0.1726 -0.0849381 -0.0530416 -0.0096134 -0.0218375 
0.690159 0.629045 0.725404 0.703746 -0.105571 -0.0418439 -0.0572934 -0.159601 0.626014 0.626011 0.650885 0.695637 -0.0333044 0.0176784 0.0257542 -0.018883 
-0.0263023 -0.0200031 -0.0779214 -0.0357895 0.0677667 0.0302358 0.0100951 0.0604428 -0.011215 -0.0189595 -0.0466394 -0.049917 0.000906248 0.036462 -0.00499003 -0.00446782 
-0.22848 -0.156735 -0.135247 -0.226461 0.00631516 0.043634 0.00580822 0.0851414 -0.24874 -0.258382 -0.347348 -0.354117 0.027561 -0.0172081 0.0309125 0.0462557 
0.231599 0.213316 0.104825 0.143186 -0.040437 -0.0377423 0.0433361 -0.0626109 -0.0831661 -0.098532 -0.0798407 -0.060132 0.0772578 -0.16855 -0.00159097 0.157668 
-0.0119479 0.00861764 0.010354 -0.0196021 0.0321431 0.0128205 0.0476179 0.0692778 0.492657 0.541591 0.566459 0.500554 -0.0408781 0.0643051 -0.0407598 -0.132294 
-0.135101 -0.148861 -0.0903814 -0.0601892 0.0554443 -0.0121366 -0.123749 -0.0520877 -0.251173 -0.311759 -0.218738 -0.156736 0.0524777 0.0653152 -0.0194009 -0.0191268 
0.341651 0.355509 0.350562 0.304903 -0.0483913 0.0281756 0.0391788 -0.0521532 0.325113 0.369999 0.289248 0.28194 -0.0172846 0.000379637 -0.0114836 -0.00838021 
0.0555582 -0.0251641 0.0150037 0.084451 -0.0599158 -0.124684 -0.107137 -0.0372027 -0.0583303 -0.0562713 0.0422893 0.0588696 -0.0627469 0.0111064 0.00170862 -0.0269375 
0.3129 0.361558 0.32341 0.293173 -0.0125533 0.0290061 0.0419957 -0.0420285 0.425213 0.419353 0.368899 0.299032 0.0629454 0.0408967 0.0478813 0.0598416 
0.259615 0.28914 0.254553 0.243374 0.0117437 0.0219795 0.0923804 0.162643 0.187169 0.188091 0.146055 0.198334 -0.0230367 -0.0863519 -0.0140237 -0.0650088 
-0.0183539 -0.00664699 0.0422789 0.0554377 0.0307703 -0.0407982 -0.0553565 -0.0600212 -0.171117 -0.159115 -0.166543 -0.141245 -0.00534032 0.110392 0.00834323 0.0604306 
-0.0156344 -0.0568799 -0.0353043 -0.0700604 -0.0549203 0.0361343 -0.00791992 -0.0168832 0.320618 0.28562 0.2565 0.219795 -0.0832269 -0.133154 0.0165255 -0.0251409 
0.0115087 -0.0292245 -0.0317991 0.0661103 0.0817827 -0.00193527 -0.0321825 0.0102199 -0.138665 -0.138845 -0.0574585 -0.0291088 0.15063 0.0806827 -0.046697 -0.0190013 
0.140306 0.180078 0.156212 0.0840621 -0.112985 -0.114984 -0.052636 -0.0251222 -0.0290276 -0.024928 -0.0739025 -0.1132 -0.0940445 -0.117896 0.00375605 0.0541444 
-0.169497 -0.243854 -0.19218 -0.12698 0.00493211 0.0524972 0.0193369 -0.0353412 0.107256 0.113736 0.0536609 0.0370468 0.0492961 0.0231975 0.0207026 -0.0543017 
0.305522 0.372859 0.267784 0.171952 0.0398369 -0.0275859 0.0481323 0.0583374 0.178563 0.172149 0.21277 0.266038 -0.0900375 0.0335494 0.038626 0.0912298 
0.0797191 0.0785933 0.182434 0.214185 -0.0291276 0.0766647 -0.0768399 -0.114721 -0.0734633 -0.0742389 -0.0195293 -0.04333 0.0389122 0.0723589 -0.040981 -0.154112 
0.0612494 0.0347291 0.0223613 0.0253569 0.000990182 -0.0794611 0.0253119 -0.00312062 0.387871 0.372568 0.35009 0.362499 0.0749524 -0.0670452 -0.0253171 0.122538 
-0.212377 -0.144811 -0.273911 -0.276961 0.0361653 0.122221 0.0518865 0.0875646 -0.606267 -0.576136 -0.550762 -0.59736 -0.0328243 0.0776467 0.022321 -0.0828454 
-0.0419264 -0.130836 -0.00880778 -0.0198995 0.0430335 -0.121691 -0.0733771 -0.00668861 0.331284 0.31722 0.251479 0.343815 -0.116343 -0.177836 -0.00901972 0.0830473 
0.146003 0.204759 0.191138 0.216475 -0.126908 0.0463592 0.0368157 -0.0760808 0.0584158 0.164503 0.230454 0.133437 0.0665486 0.254576 -0.0387865 -0.1615 
0.149803 0.103357 0.1051 0.176007 0.0980295 -0.0195823 0.00848614 0.0970245 -0.00903285 -0.163098 -0.154746 -0.15161 0.0445965 -0.33436 0.00667208 0.199435 
0.117682 0.203154 0.224995 0.105889 -0.0831563 0.0366741 -0.0284838 -0.0990079 0.319245 0.411018 0.379387 0.443362 -0.0315787 0.292822 -0.00407344 -0.146398 
0.16429 0.0624263 0.0471621 0.115955 0.0225128 -0.135228 -0.0495679 0.0265898 0.0964992 0.0282243 0.0935135 0.0516201 -0.0628912 -0.172784 -0.00249427 -0.00556371 
0.00564688 0.0190279 0.0258246 0.0262503 -0.0262706 0.0359387 0.0748335 0.0491232 -0.00187099 0.0132688 -0.0818765 -0.0861602 0.166562 0.0289639 -0.00360866 0.103941 
0.133662 0.150476 0.172949 0.141117 -0.0446945 0.0393499 -0.0673238 -0.113962 0.0207388 0.136437 0.162743 0.1661 -0.106967 0.254003 0.0988676 -0.113193 
-0.076269 -0.000425667 -0.0432491 -0.0868178 0.0571429 0.00891543 -0.0354341 0.043374 0.0851654 -0.0342092 0.0368704 0.0670584 -0.044606 -0.208865 -0.0727513 0.0198185 
0.0684303 -0.0497601 0.0188595 0.118902 0.0651117 -0.0222059 0.0588797 -0.0250209 0.00021559 0.00580499 -0.078685 -0.0753116 0.0444273 -0.0537327 0.00485041 0.121392 
0.0173294 0.129478 -0.00981595 -0.0814494 -0.0923648 0.0535678 0.0503055 0.113249 0.0341211 0.00387897 -0.0282084 -0.0352426 -0.0061256 -0.0135163 0.0430742 0.0201292 
-0.00905799 -0.0763573 -0.0507593 -0.030602 0.0105391 -0.025896 0.00190609 -0.0231392 -0.11218 -0.0442717 -0.0258975 -0.0477402 0.0866477 0.0750816 -0.0622961 -0.105614 
-0.136767 -0.142611 -0.0948964 -0.0771332 -0.0330376 -0.105876 -0.0841652 -0.0402683 -0.0312127 -0.0703613 -0.0605662 -0.0557912 -0.14262 -0.0197598 0.0610747 0.0349548 
-0.124977 -0.0626754 -0.138363 -0.19864 0.065864 0.0796325 0.14335 0.0878813 -0.17542 -0.105872 -0.154012 -0.178616 0.0735429 -0.0257961 -0.0700911 -0.0207605 
-0.096499 -0.184355 -0.141421 -0.0532152 0.0686354 0.0485129 -0.134724 -0.0741405 -0.154329 -0.193774 -0.100749 -0.076732 0.00771756 -0.0148811 0.0183923 0.048972 
-0.343496 -0.274117 -0.265038 -0.333869 -0.0187515 0.0604317 0.0900913 0.062593 -0.301334 -0.37037 -0.319114 -0.284424 0.0425027 0.0659195 0.0780106 -0.0233695 
-0.82991 -0.787953 -0.761524 -0.75595 -0.032023 0.123433 0.072393 -0.037275 -0.822819 -0.721727 -0.726199 -0.702825 -0.0354892 0.0264836 -0.083575 -0.0829686 
0.997033 0.922311 0.928685 0.942745 -0.0378217 -0.324079 -0.128496 -0.0488337 1.08908 0.988451 0.93606 0.89939 -0.0217085 -0.130707 0.00895697 0.0913192 
0.417445 0.446978 0.523984 0.554322 0.0489179 0.130639 -0.0578973 -0.0495467 0.414009 0.519465 0.572033 0.575256 -0.0294203 0.0780223 -0.0228123 -0.0521571 
0.357382 0.386648 0.192511 0.120436 -0.0448024 0.00928745 0.0129184 -0.0102307 0.281045 0.102861 0.0898536 0.0831504 -0.0051216 -0.152301 -0.0104061 -0.00175308 
-0.0509368 -0.128048 0.0578815 0.115986 -0.0204305 -0.0366256 0.00724106 0.00635748 -0.0104158 0.145496 0.0780747 0.0615588 -0.0670834 0.164418 0.0152863 -0.0701 
0.21625 0.257377 0.130768 0.10837 -0.0385887 -0.0661519 0.0185633 0.0736705 0.183513 0.144189 0.120722 0.104613 0.149001 -0.00206232 0.0585591 0.160636 
0.0325677 -0.0330892 -0.00359321 -0.00292265 0.0213285 0.0373065 -0.0443243 -0.0583366 -0.0223445 0.0830058 0.107475 0.108161 -0.0519121 0.120131 -0.0677115 -0.214909 
-0.0377795 0.0270396 0.0329854 0.0141292 0.00101218 0.0179356 0.00254931 -0.09149 0.0525357 -0.053404 -0.0892051 -0.062835 -0.0143239 -0.205963 0.0519473 0.210348 
-0.196776 -0.194167 -0.211316 -0.13895 0.0795365 -0.0324585 0.0670764 0.24072 -0.195397 -0.208786 -0.186198 -0.193161 0.0507881 0.0831924 -0.0612959 -0.122394 
0.0926036 0.0573547 0.0761578 0.0596833 -0.0466857 -0.00856309 -0.0252445 -0.0431901 0.0716295 0.0862741 0.0993567 0.109904 0.0305774 0.00600058 0.0336343 0.0981035 
-0.305819 -0.334366 -0.336173 -0.301317 0.0960279 0.18386 0.0347559 -0.0746875 -0.216986 -0.159597 -0.205041 -0.25418 -0.1272 0.0338602 -0.0111731 -0.142014 
0.0543927 0.0676668 0.108869 0.0176989 -0.175655 -0.28231 -0.0584409 0.0108053 0.0442491 -0.0105139 0.0622984 0.129185 0.0784781 -0.0637636 0.00826683 0.163842 
-0.0436026 0.000499845 -0.0568662 -0.0131251 0.0288667 0.139797 -0.0482027 -0.106442 -0.254648 -0.183488 -0.251855 -0.30027 -0.0273635 0.17062 0.0529183 -0.139263 
-0.261913 -0.303833 -0.219539 -0.241686 0.069559 -0.0224008 0.113698 0.176909 -0.202845 -0.264985 -0.206002 -0.179546 -0.0642879 -0.190906 -0.0331387 0.0798428 
-0.190299 -0.0957756 -0.246251 -0.30008 0.0407493 0.0641067 0.00242567 -0.0345964 0.0890939 0.0508461 0.0784166 0.100382 0.104973 0.0863667 -0.0262364 -0.0369329 
0.152083 0.130815 0.224827 0.288247 -0.0127559 0.0336034 -0.00355515 -0.0644425 -0.254749 -0.201045 -0.236856 -0.286251 -0.0791624 -0.156382 0.01063 0.0796297 
0.0193222 -0.0314682 -0.0592525 -0.0414066 -0.0244869 -0.0440503 0.0162471 0.0714658 0.16112 0.100752 0.114533 0.149688 0.093541 0.14939 0.0261214 -0.0506941 
-0.357891 -0.365519 -0.275888 -0.296447 0.00599849 -0.0376262 -0.0456588 0.014181 -0.305107 -0.263507 -0.263971 -0.290288 -0.0544748 -0.0650219 -0.0221468 -0.0238742 
-0.0707898 -0.0621326 -0.0734444 -0.0581653 -0.0307594 0.0548147 0.0270639 -0.0542601 0.145025 0.0413175 0.0641778 0.117573 0.0678493 -0.141797 0.00221736 0.154637 
0.0910423 0.0074811 -0.0209434 0.0158548 0.00989619 -0.0804954 0.043147 0.0572549 -0.307519 -0.182051 -0.240499 -0.307245 -0.00464088 0.172517 0.044138 -0.0580833 
-0.288583 -0.161868 -0.223466 -0.277387 0.0670823 0.122601 0.0193329 0.0093199 -0.168982 -0.12185 -0.116498 -0.117661 -0.00593986 0.032517 -0.0401627 -0.0577952 
-0.125258 -0.0877438 -0.0974221 -0.118383 0.023741 0.0173317 -0.0168746 0.0448318 -0.0782208 -0.166257 -0.205604 -0.161946 -0.0608871 -0.0548337 0.0144692 0.00824302 
-0.0738511 -0.118857 -0.0539174 -0.0496509 -0.0365017 0.0214074 -0.0127107 -0.0958583 0.157343 0.215645 0.23108 0.223794 -0.0289566 0.0721242 0.0278278 -0.028437 
0.0972004 0.0902381 0.063421 0.0270658 -0.00115162 -0.110182 -0.0971165 0.00881293 -0.272305 -0.276181 -0.277723 -0.343709 0.0405054 -0.0151569 -0.000916442 0.0467937 
0.0605273 -0.0265226 0.0316186 0.142556 -0.0445279 0.0488878 0.0838326 -0.0241875 0.170521 0.138312 0.240275 0.32418 -0.0284489 0.0625655 -0.038266 -0.13781 
-0.235544 -0.174392 -0.29915 -0.325968 0.092196 0.0643028 0.0780324 0.11894 -0.0480678 -0.0560985 -0.0485361 -0.0835276 0.0753492 -0.0996232 -0.00971761 0.0846896 
-0.0342603 -0.0200486 0.00271463 -0.00637388 -0.0163563 -0.00165309 0.0304972 -0.024544 -0.356798 -0.323112 -0.394012 -0.376348 0.0763662 0.0770226 0.0552694 0.043671 
-0.243728 -0.242767 -0.155883 -0.194762 0.0078301 -0.0444675 -0.0478491 0.0316565 0.0883493 0.0486667 0.00385284 0.013474 -0.111837 -0.0883729 -0.0137956 0.00265883 
0.0790398 0.107302 -0.0184655 -0.0104365 0.00490437 0.0483125 0.0369871 0.0222284 0.0111988 0.00317144 0.0628936 0.0412567 0.0250786 -0.0378911 0.00640417 0.0728549 
0.0237699 -0.0325785 0.0925047 0.106902 0.0287883 -0.124016 -0.0519834 0.0454412 -0.232401 -0.245522 -0.266158 -0.226095 -0.0209634 -0.0139064 -0.0605295 -0.0466942 
-0.148051 -0.0980818 -0.143002 -0.133319 -0.0263689 0.134762 -0.0119271 -0.135346 -0.0861399 -0.0230522 -0.0372036 -0.0768511 -0.0655404 0.112601 0.0943971 -0.00936 
-0.439831 -0.498152 -0.437879 -0.421958 -0.0938227 -0.0136607 0.0539924 0.0134832 -0.187333 -0.237209 -0.17942 -0.189344 0.119255 -0.0453786 -0.101618 -0.0300337 
0.131766 0.208478 0.118268 0.0120045 0.144761 0.0823805 0.0085071 0.0491689 0.0452712 0.0268264 0.0138321 0.076212 -0.0183118 0.0016996 0.0497607 0.0469706 
-0.205649 -0.20259 -0.200974 -0.134964 -0.0688987 -0.0145592 0.0179861 -0.0521668 -0.240107 -0.134016 -0.207803 -0.309411 -0.0797371 0.128122 0.0250318 -0.145536 
-0.0591304 -0.0808628 -0.0554342 -0.0717456 0.152189 -0.0611519 -0.0399641 0.105802 -0.258474 -0.327718 -0.177426 -0.0933774 0.109393 -0.0397697 -0.0974875 0.0182858 
0.0214912 -0.0697616 -0.0343156 0.0567373 -0.0912967 0.0732127 0.0491742 -0.0366763 0.0821513 0.0821496 -0.0279758 -0.0439857 -0.0552849 -0.0477767 0.0518897 0.0581778 
-0.359654 -0.29618 -0.321293 -0.371456 0.0426087 -0.0813945 -0.0259663 0.0379072 -0.138697 -0.0716511 -0.143005 -0.166073 -0.02686 -0.00625135 0.104455 0.083383 
0.0905983 0.132885 0.0777776 0.0428872 -0.0305819 0.0925096 0.0340857 0.00941296 -0.123585 -0.196285 -0.132679 -0.113511 0.0951364 -0.00356497 -0.0663743 0.00177394 
0.00265992 -0.110583 0.0106817 0.0623689 0.0363726 -0.0953505 -0.00405914 -0.0299194 0.068357 0.0604646 0.164457 0.148159 -0.0011467 -0.0352215 -0.0528943 -0.0703652 
-0.134836 -0.0699261 -0.160984 -0.173514 -0.0308207 -0.00447228 -0.0284402 0.018824 -0.116142 -0.140199 -0.312321 -0.281068 -0.164264 -0.139047 0.0786485 0.0607458 
-0.113204 -0.0752813 -0.0927669 -0.0882393 -0.075851 0.087227 0.0476797 -0.0626161 -0.0196726 0.0615481 0.179609 0.143231 0.124842 0.124737 -0.0238013 -0.00440275 
-0.0384949 0.0141318 0.0096786 -0.059669 0.0909362 -0.00303815 -0.0293738 0.0858843 -0.153451 -0.234611 -0.24905 -0.231281 -0.00561936 0.0298951 0.0114159 -0.011253 
-0.0679028 -0.233953 -0.130188 -0.0302963 0.0122096 -0.0293222 -0.00944166 -0.0498641 0.0805552 0.107725 0.134818 0.161651 -0.00112032 0.0947013 -0.0579102 -0.103306 
-0.109904 0.022731 -0.0392523 -0.145964 -0.0674201 -0.0418488 0.0332684 0.0524601 -0.223455 -0.17762 -0.228618 -0.30748 -0.00982088 -0.0616399 0.0793029 0.110067 
0.0598392 0.0565755 0.0269872 0.0399998 0.0245524 0.0952769 0.00752443 -0.0276124 0.0392578 0.0374935 0.00205594 0.0325816 -0.0015862 0.0320811 -0.00683635 -0.0162662 
-0.0120756 -0.0453306 -0.0392062 0.0148728 0.075212 -0.0123303 0.0254647 0.0398806 0.0369527 0.0170596 -0.0103155 0.0315441 0.0703913 0.0579083 0.0364688 0.0152933 
0.0407351 -0.0451129 0.000547647 0.0510894 -0.101784 -0.0905791 -0.0736521 -0.0767711 -0.0463201 -0.0578317 0.0870913 0.0772359 -0.0660897 -0.0516044 -0.103964 -0.0683939 
-0.0623492 0.0223816 0.043753 0.00810805 0.172057 0.137677 0.0609053 0.0854858 -0.0239622 0.0396168 -0.0430046 -0.0602366 -0.0114365 -0.0329972 0.0334444 -0.0196849 
-0.00195251 -0.0474911 -0.0717032 -0.0904225 -0.121637 -0.103896 0.00279728 0.00739782 0.0355898 -0.0641359 -0.0646952 -0.03654 -0.00864088 -0.0966611 0.00329577 0.128917 
0.114963 0.175609 0.136829 0.109189 0.043217 0.0607688 -0.0352377 -0.049464 0.131007 0.137634 0.17515 0.136508 0.0301373 0.0192986 -0.0306699 -0.0519191 
0.128123 0.064117 0.131797 0.182163 -0.0477128 -0.0481862 -0.012862 -0.0177832 0.074987 0.167219 0.116236 0.119439 -0.0120195 0.0421378 -0.0202519 -0.0703269 
0.193761 0.201217 0.202209 0.201532 -0.0441559 -0.0214769 -0.0423212 -0.0577815 0.255738 0.202 0.227635 0.226273 -0.0704673 0.0366116 0.0945937 0.0765258 
0.106524 0.144465 0.0649201 0.00491706 -0.00375269 -0.035672 0.0249284 0.0131398 0.09723 0.0906805 0.0349598 0.0468756 0.0973484 -0.0379334 -0.0509525 -0.0056628 
-0.0588201 -0.0555584 0.026724 0.0809397 0.0248 0.0327338 0.0188297 0.0608652 -0.0430607 -0.0485574 0.0208461 -0.00526443 -0.00298834 -0.010627 0.0271947 0.0415971 
0.0803735 0.117487 0.0147292 -0.0391759 0.0388889 0.0439357 -0.0228688 -0.00344993 0.0360424 -0.00546089 0.0294799 0.0630783 0.00684164 0.00609657 0.0226947 -0.0118734 
0.109473 0.0785184 0.0704314 0.0539691 -0.0257296 0.0260919 0.0471905 -0.0164112 0.0761222 0.101424 0.0208058 0.00559515 0.0102329 -0.00165282 -0.0895511 -0.0383954 
-0.175984 -0.166792 -0.0838392 -0.0253896 -0.0399239 -0.0352058 0.0221023 0.00585957 -0.132007 -0.110345 -0.0870952 -0.0564189 0.102506 0.137631 0.0434579 -0.0172752 
-0.0277349 -0.119329 -0.162468 -0.134323 0.101029 -0.0140357 -0.120011 -0.0420229 -0.0551168 -0.0578998 -0.115761 -0.166098 -0.226076 -0.119918 0.0619724 0.0457262 
-0.338184 -0.233442 -0.290319 -0.392243 -0.0309816 0.0793207 0.172242 0.127506 -0.410667 -0.420055 -0.319347 -0.280129 0.138926 -0.0889809 -0.0740853 0.00652533 
-0.261375 -0.357767 -0.163033 -0.0161091 0.017432 -0.144886 -0.133108 -0.0283174 -0.108255 -0.0526354 -0.0750866 -0.0878211 -0.203277 0.12841 0.032728 -0.112018 
-0.16639 -0.143087 -0.205168 -0.253052 -0.0406106 0.168606 0.109302 -0.103792 -0.19708 -0.24007 -0.307108 -0.29784 0.191903 0.00267405 0.0292223 0.15551 
0.0165222 0.101508 0.000652432 -0.0582829 0.0440018 0.0489633 -0.0517598 -0.00464216 0.0312027 0.0318369 0.108305 0.0944929 0.0118337 -0.0711748 -0.093732 -0.104285 
0.16112 0.115822 0.158032 0.202074 0.0287108 -0.21093 0.00958723 0.166638 0.143309 0.136442 0.121128 0.122563 -0.0889504 0.0560296 0.0793448 0.00451271 
-0.0663702 -0.090872 -0.0807205 -0.1151 -0.0721956 0.0879913 -0.0313775 -0.118561 -0.139313 -0.123189 -0.117603 -0.103363 0.0531365 0.00383846 0.0309327 0.0658174 
-0.120303 -0.075158 -0.0772562 -0.0620676 0.104249 -0.0150717 0.0299174 0.124823 -0.277249 -0.211156 -0.273384 -0.319142 -0.0192091 -0.0481612 -0.0714416 -0.00892137 
0.333769 0.289337 0.340552 0.34345 -0.0711243 -0.0578171 -0.034642 -0.0896702 0.665715 0.547889 0.628468 0.722493 -0.0443744 0.0176707 0.013341 -0.121467 
-0.211763 -0.0980525 -0.222984 -0.290332 -0.0747623 0.0907111 0.0422111 -0.0195718 -0.280407 -0.220684 -0.254614 -0.356471 0.0356936 0.0380233 0.0612474 0.155635 
0.296605 0.097883 0.258972 0.36783 0.0644356 -0.0959269 0.0140623 0.100024 -0.058763 -0.0389352 -0.047348 -0.00337267 0.0393294 -0.0153383 -0.0569753 -0.0378036 
-0.028847 0.0995753 -0.0287299 -0.0927489 0.0237683 0.203969 0.0388492 -0.094195 0.464333 0.388232 0.39763 0.409155 -0.0249633 0.00221473 -0.0175079 -0.0529956 
0.368413 0.354624 0.390746 0.448486 -0.0934286 -0.126966 -0.113834 -0.0802019 0.0188551 0.0357552 0.0667725 0.0716159 -0.04141 -0.0385296 -0.0220482 -0.0575717 
0.0483685 0.014811 0.0273347 -0.00267887 0.015902 -0.0682953 -0.0117539 0.0402478 0.391597 0.423896 0.4091 0.364563 0.138365 0.0244593 0.0078076 0.0846461 
0.172899 0.202714 0.175576 0.172633 0.0310079 -0.00281975 0.0277822 -0.00464264 0.0710967 0.0830462 0.0515361 0.0609059 -0.112649 -0.040514 -0.003701 -0.0235673 
0.364041 0.371049 0.319829 0.288505 -0.0519724 0.0049085 -0.0318043 -0.0390196 0.29078 0.239874 0.305519 0.35295 0.0160539 0.0423019 -0.0258938 -0.0676363 
0.222808 0.170912 0.328437 0.419025 -0.0169192 0.0230544 -0.0648656 -0.0947174 0.262999 0.279755 0.255502 0.237636 -0.0434644 -0.0429404 0.0293839 0.0845893 
-0.020319 -0.0242813 -0.0993423 -0.149498 0.00494701 -0.108267 0.0649282 0.15648 -0.30996 -0.285664 -0.318228 -0.307371 0.0216755 0.0383992 0.0101927 -0.0325974 
-0.256719 -0.135784 -0.221557 -0.278201 0.0223545 0.186024 -0.0116255 -0.0444394 -0.202107 -0.170222 -0.272264 -0.294649 -0.0513962 0.0702627 0.0247264 -0.0275225 
0.0177157 -0.0260649 0.0305996 -0.0146291 0.0181189 -0.0168632 0.0525808 0.0143912 0.470507 0.422387 0.563335 0.537752 0.0292686 -0.0983936 -0.0139861 0.0813754 
0.124054 0.0489275 0.0870302 0.20572 -0.0704101 -0.170856 -0.0561052 0.00437659 -0.0568292 -0.0713639 -0.133362 -0.0828369 -0.0294187 -0.0665645 0.0307643 -0.0226574 
0.221503 0.320453 0.259316 0.217763 0.00185472 0.0794128 -0.0250695 -0.065709 0.216854 0.225299 0.223889 0.206658 0.0385507 0.0398362 -0.0840656 -0.0156667 
-0.0773869 -0.157759 -0.094794 -0.0420849 0.0489172 -0.0266775 0.0324821 0.0531965 -0.143822 -0.110734 -0.0868289 -0.143815 0.0955131 0.10405 0.0459844 -0.0130275 
0.0513356 0.0655804 0.048485 0.0130334 0.0408205 0.0847389 0.0370097 -0.0230807 0.0288384 0.0100725 0.0530429 0.0898449 -0.0569855 -0.0740738 -0.00349355 -0.0145584 
0.33682 0.341195 0.295167 0.261998 -0.123121 -0.272217 -0.0469329 0.133725 0.326442 0.323794 0.329226 0.350431 -0.0719842 -0.0588212 -0.0367841 0.0166392 
0.158741 0.164536 0.185514 0.242148 0.0280263 0.189262 -0.0609586 -0.21947 0.010555 -0.0216517 -0.0260041 -0.0818808 0.0761825 -0.0203635 -0.0316996 0.0184546 
-0.0988804 -0.112091 -0.0547101 -0.122996 -0.0677926 -0.0644312 0.0286741 0.0594927 0.194157 0.221463 0.212398 0.269796 0.0451498 0.0853576 0.0685382 0.0425032 
0.370646 0.414431 0.3531 0.38196 0.0461964 0.0770936 -0.0360897 -0.0523698 -0.0243298 -0.0294626 -0.104304 -0.144798 -0.133686 -0.0081277 0.0401655 -0.0384623 
-0.341658 -0.376396 -0.403097 -0.449882 -0.0192592 -0.0833521 -0.0119539 0.0344977 -0.136949 -0.0577656 0.00917649 0.0160034 -0.0134914 0.0950732 0.00763436 -0.0442537 
0.0847129 0.12254 0.176242 0.196133 0.0341782 0.0630075 -0.0156192 -0.0594858 0.372723 0.260153 0.209213 0.292482 0.118745 -0.113007 -0.0265801 0.0609519 
0.399083 0.356302 0.409302 0.474919 -0.0162951 0.124736 0.0384438 -0.0446716 0.0785716 0.149166 0.168018 0.106394 -0.087163 0.0317905 -0.0487813 -0.105568 
-0.10908 -0.160599 -0.234423 -0.251015 -0.00883579 -0.230035 -0.0100849 0.0922523 -0.0819714 -0.0788984 -0.0630488 -0.0541786 0.000934817 0.0370056 -0.0238151 -0.0342141 
-0.0156535 0.105911 0.114974 0.0698577 0.0411047 0.15264 0.0522677 0.0320502 0.291003 0.180501 0.224008 0.211796 0.156369 -0.107831 0.0203046 0.176399 
0.211244 0.0760933 0.120934 0.200551 -0.0151494 -0.132319 -0.109909 -0.0498335 -0.224915 -0.157957 -0.250474 -0.22661 -0.0613439 0.0482959 -0.00723249 -0.0403907 
-0.398259 -0.35247 -0.361971 -0.388235 0.0134692 0.0489372 0.088689 0.0332581 -0.0220597 0.0332658 0.0636899 0.0122381 -0.127474 0.0686621 0.0447956 -0.126786 
0.418409 0.469002 0.319562 0.247342 -0.0575839 0.0304513 0.00786184 -0.0382791 0.313598 0.185839 0.268338 0.332722 0.0732162 -0.19577 -0.0606408 0.140173 
-0.015124 -0.0337622 0.0971283 0.146442 -0.059886 -0.130276 -0.104354 -0.0634918 -0.0643165 0.048519 -0.0244737 -0.073234 -0.0903466 0.203447 0.055906 -0.121273 
0.144089 0.106325 0.122944 0.152662 0.133912 0.0403003 0.036448 0.122308 0.146672 0.120177 0.124444 0.124379 0.0689027 -0.15035 -0.0543619 0.0715414 
0.0846903 0.0949277 0.114455 0.0919499 -0.0953414 0.0331434 0.0413192 -0.0413855 0.0206326 0.0432708 0.0222613 0.0144398 -0.0312323 0.111783 0.0300272 -0.0636149 
0.0371169 0.082844 -0.00446057 -0.0285734 0.00267663 -0.0416315 -0.0585956 0.0150035 0.0546065 0.00744182 0.0193211 0.0379828 0.120452 -0.0308226 -0.00230503 0.141807 
0.165805 0.133339 0.22017 0.227477 -0.0496186 0.0605624 0.00837258 -0.109223 0.182073 0.174548 0.236924 0.271484 -0.144839 -0.0120385 -0.0162861 -0.111806 
-0.0492386 -0.0440416 -0.104317 -0.115762 0.0525721 -0.0119734 -0.00411681 0.0565658 -0.088391 0.0244182 -0.0127366 -0.0659269 0.0283549 0.0467178 -0.0142271 -0.06582 
-0.011625 -0.0843053 0.0481642 0.103715 -0.026548 -0.105046 -0.042371 -0.0609026 -0.0246459 -0.097125 -0.142378 -0.129888 0.00678701 -0.0443489 0.0622463 0.103216 
-0.0180256 0.0453199 -0.121102 -0.16149 0.020703 0.012692 0.0711563 0.103078 0.0810576 0.0607333 0.0244672 0.00545955 -0.00757312 -0.0056719 0.00352529 -0.0203115 
0.0575926 0.0378059 0.113472 0.147618 0.0114748 0.0317843 -0.0639779 -0.044176 -0.0390397 -0.0513327 0.0469489 0.085408 0.0252131 -0.0633736 -0.070693 0.0177679 
-0.0358859 -0.00185996 -0.0743492 -0.0884744 -0.0142532 0.066992 0.0640191 0.0378084 0.00691971 0.0266223 -0.0306279 -0.0673553 0.0284285 -0.000867836 0.0319559 0.0570681 
-0.125492 -0.15825 -0.0980043 -0.116494 -0.00176556 -0.082042 -0.00806963 0.01104 -0.16396 -0.125134 -0.130171 -0.117981 -0.050932 0.0494248 0.0304217 -0.0495693 
-0.155355 -0.122858 -0.141634 -0.11886 0.0537486 0.0445739 0.000738573 0.0093063 -0.116171 -0.165915 -0.141715 -0.156222 -0.00216138 -0.00857447 -0.0113268 -0.0195097 
-0.158464 -0.109011 -0.138189 -0.228508 -0.0408708 0.0944419 0.0260461 -0.0352792 -0.1521 -0.13509 -0.173165 -0.133281 0.124074 0.0809704 0.0277301 0.0430537 
-0.718376 -0.706975 -0.66845 -0.625033 0.0547602 0.0776501 0.0753905 0.0316886 -0.784516 -0.855072 -0.677181 -0.627911 -0.0209023 -0.141301 -0.0972022 -0.0135372 
0.0921466 -0.0074338 0.0508466 0.106575 0.0529468 -0.154373 -0.131298 0.0276139 0.262129 0.295089 0.213947 0.16252 -0.0171864 0.157984 0.0541766 -0.087187 
0.856561 0.878079 0.83215 0.827828 -0.0621706 -0.0221115 -0.010272 -0.122149 0.762016 0.775415 0.790391 0.821099 -0.0758775 -0.0265504 0.000754684 0.0567596 
0.349704 0.366064 0.317551 0.256097 -0.0485598 0.0170158 0.0218386 0.0453501 0.335745 0.383717 0.291551 0.29342 -0.0344882 -0.0118877 -0.0334448 -0.0772082 
0.120376 0.118101 0.176617 0.225156 -0.045265 0.000471283 -0.0420929 -0.0841338 0.254316 0.184689 0.229377 0.20958 0.0193141 -0.119526 0.0687421 0.126205 
0.279437 0.285917 0.185067 0.12566 -0.000343055 -0.0244195 -0.0128073 -0.00432912 0.0515128 0.150492 0.0923218 -0.00495875 0.10811 0.138056 -0.090897 -0.0921406 
0.0588809 0.118933 0.153919 0.164357 0.0665926 0.0552263 0.0272464 0.075563 0.131084 0.102316 0.171411 0.197648 -0.165381 -0.0471565 0.0163909 -0.0567114 
-0.0467099 -0.183344 -0.0839123 0.0132996 -0.0926673 -0.154324 -0.00888044 -0.0251683 -0.067438 -0.104577 -0.191766 -0.156917 0.073767 -0.149105 0.0318788 0.210687 
-0.153403 -0.0826545 -0.168365 -0.230682 0.095597 0.0706142 0.0674593 0.102127 -0.12082 -0.139817 -0.0149026 -0.00624514 -0.031058 0.114164 -0.00503795 -0.165952 
-0.0999799 -0.148721 -0.0982763 -0.0914459 -0.0287902 0.122735 -0.0416959 -0.12258 -0.0851438 0.00907767 -0.127431 -0.104958 0.0835593 0.204033 0.0510846 -0.00106463 
-0.187734 -0.0753139 -0.0930328 -0.131268 -0.0200068 -0.0484502 -0.0403249 -0.0164383 0.0342727 0.0132955 -0.0263188 -0.0926821 -0.0902621 -0.10856 -0.0841052 -0.0621358 
0.0617027 -0.0766187 -0.0935506 -0.0453579 -0.0343167 -0.263435 0.0422593 0.125377 -0.289917 -0.442864 -0.294458 -0.205174 0.0611508 -0.157418 0.0289117 0.182476 
-0.0220603 0.0402876 0.0353789 0.0205404 0.0663768 0.229601 -0.0618364 -0.0845483 0.0630784 0.135153 0.141878 0.120888 -0.0581886 -0.00346077 0.00329885 -0.0331157 
-0.265907 -0.240299 -0.24203 -0.266575 -0.0150566 0.0190931 0.0500262 -0.0407124 -0.0379875 -0.031908 -0.0834901 -0.103007 0.018974 0.0557685 0.0224321 -0.0181904 
0.0577106 0.00918531 0.0946481 0.162076 0.0358765 0.0160801 -0.00540821 0.0678229 -0.294422 -0.230709 -0.252303 -0.280529 0.10906 0.110388 -0.0155454 0.027434 
-0.346262 -0.296845 -0.381531 -0.451924 -0.0616291 -0.0657492 0.0448608 0.0142823 0.0326176 0.00353885 0.0413189 0.0518768 -0.0577194 -0.129055 -0.0725234 -0.0731444 
0.0156603 -0.057339 0.00643539 0.07129 0.059121 0.0298529 -0.00295827 0.0318378 -0.134485 -0.112816 -0.123646 -0.110001 0.00132885 0.141447 0.108599 0.0215345 
0.0524609 0.151151 0.0797379 0.0747311 -0.0059071 0.111187 0.0208902 -0.0722732 -0.246293 -0.23127 -0.27101 -0.266992 -0.0485617 0.0100027 0.0206715 -0.0667086 
-0.281698 -0.310015 -0.330905 -0.340199 0.0493473 -0.022788 0.015586 0.083128 -0.0965307 -0.115343 -0.104042 -0.110488 0.0470386 -0.00140669 -0.0459659 0.0713676 
-0.148088 -0.160887 -0.183602 -0.211985 -0.0967022 -0.0535945 0.0253143 -0.0191831 0.0812044 -0.00671268 0.0702047 0.100119 0.043323 -0.138203 0.0028184 0.0402416 
0.116775 0.0803633 0.173857 0.179066 0.0461656 0.015356 0.0482143 0.0817642 -0.265692 -0.2547 -0.27106 -0.236451 -0.0376781 -0.0505207 -0.0128899 0.0521324 
-0.306216 -0.262097 -0.272849 -0.272743 0.111201 -0.00777319 -0.0662505 0.0288027 -0.153692 -0.102514 -0.120456 -0.196412 0.0232225 0.0798829 0.0248831 -0.0738226 
-0.152688 -0.156435 -0.141706 -0.144295 -0.0555624 0.010808 0.00612056 -0.0542698 -0.114147 -0.171957 -0.176163 -0.10843 0.0126887 0.00332071 0.0214681 0.0991315 
-0.0785339 -0.0802448 -0.165629 -0.176554 -0.0166931 0.0622127 0.0805152 0.015162 -0.0951209 -0.0270131 -0.0689635 -0.109304 -0.118414 0.0475005 -0.0043552 -0.162791 
0.130195 0.103749 0.206291 0.214236 0.00537743 -0.0406579 -0.11576 -0.0306466 0.133204 0.177652 0.155998 0.12059 0.0738541 -0.00325413 -0.0180973 0.0864694 
-0.00656652 -0.000130415 -0.0214586 0.000385046 0.0112648 0.0119516 0.0212979 -0.0408355 -0.0208921 -0.0295744 0.00206208 0.00663209 -0.0552662 -0.0151325 0.00817809 -0.0523982 
-0.0164149 0.0137296 0.00932574 -0.0298355 0.019769 0.0526119 -0.000921816 -0.0423475 0.0725503 0.108556 0.0442305 0.0367548 0.121535 0.131126 -0.00845144 0.0212551 
-0.536895 -0.51876 -0.539227 -0.537925 0.0614066 0.00654139 0.0698534 0.158611 -0.300582 -0.404705 -0.294144 -0.254366 -0.104256 -0.133743 0.00928301 -0.0114336 
0.249549 0.237151 0.201092 0.228746 -0.0939679 -0.00497149 -0.0109986 -0.11164 -0.194435 -0.225022 -0.181035 -0.166942 0.0328648 -0.0798653 -0.0350578 0.0435989 
-0.156677 -0.166082 -0.233986 -0.232484 0.0616418 -0.0222933 0.0451075 0.130261 -0.000633478 0.0200796 -0.0490932 -0.0291996 0.00768455 0.201863 0.0396235 -0.0632606 
0.13218 0.0579827 0.206925 0.235968 -0.130746 -0.121614 -0.0543529 -0.0778796 0.134907 0.165433 0.192079 0.100055 0.00617742 -0.157352 0.000372056 0.0953427 
-0.374067 -0.305673 -0.377977 -0.404383 0.0974464 0.153463 0.0133408 -0.0264168 -0.413443 -0.342828 -0.446879 -0.427118 -0.00924261 0.0490713 0.022829 -0.0473354 
0.0332289 0.00823355 0.0244265 0.0251509 0.0564725 -3.63141e-05 0.0285112 0.0706949 0.0630891 0.0158957 0.0939829 0.0830287 -0.0121989 -0.0361766 -0.0340505 -0.00632535 
-0.189257 -0.0488217 -0.105755 -0.189666 0.00798873 0.0874202 -0.0340059 -0.0298423 -0.196684 -0.25431 -0.233076 -0.18687 0.0914499 0.00691722 -0.0198567 0.0698072 
0.00938678 -0.119676 -0.07449 -0.0210842 0.034139 -0.142449 0.0542872 0.115218 0.0474346 0.0715036 0.0391026 0.00973701 -0.0612269 0.00777247 0.0390737 0.0273368 
-0.344785 -0.292505 -0.297435 -0.327246 -0.012425 0.0850867 -0.018637 -0.0753976 -0.211282 -0.235988 -0.143677 -0.0792174 0.00112916 -0.0299767 -0.0147382 -0.0968596 
0.19815 0.119318 0.15049 0.227156 -0.0179035 -0.0789191 0.0513028 0.0592404 -0.0650271 -0.0351543 -0.0686409 -0.0922817 0.0541896 -0.0455016 -0.0628357 0.0209611 
-0.27455 -0.224188 -0.221248 -0.250554 0.00693417 0.0968859 -0.0599112 -0.0634533 -0.18524 -0.172 -0.252494 -0.280236 -0.0717444 0.121763 0.012561 -0.076892 
0.0539688 0.0572945 -0.00320423 -0.039335 -0.0484072 -0.124205 -0.0129697 0.0607695 0.231934 0.136179 0.18046 0.228881 0.14698 0.0085035 0.0653514 0.135068 
0.107733 0.0876563 0.142459 0.198924 0.0814291 0.143554 0.0823883 -0.0585076 -0.217103 -0.124717 -0.108895 -0.151199 -0.154808 -0.147365 -0.0347871 -0.0826292 
-0.127033 -0.196002 -0.151869 -0.125772 0.0335614 -0.100698 -0.111115 0.0425002 -0.0171384 -0.00446403 -0.102663 -0.112734 0.00699051 0.178429 0.082579 0.0983502 
-0.0690283 0.0667282 -0.0334939 -0.116495 -0.143189 0.0379849 0.065226 -0.0886093 -0.00670683 -0.0289719 0.0539227 0.083872 0.0548128 -0.0881654 -0.05939 -0.110043 
-0.0575097 -0.0994381 -0.0793163 -0.0342625 0.170028 0.0721537 0.0314933 0.162897 -0.100892 -0.0334473 -0.119164 -0.16662 -0.0983755 0.165483 0.0381432 -0.0122876 
-0.0122069 -0.0914688 0.0258384 0.105551 -0.146047 -0.0704236 -0.0546251 -0.167359 0.101697 0.0773382 0.195692 0.25156 0.0517032 -0.0158263 -0.0121951 -0.00675249 
0.00566584 0.0850438 0.0398141 -0.0746409 0.0150087 0.0562714 0.0596599 0.0373159 -0.134084 -0.178427 -0.18984 -0.230751 -0.0388368 -0.163287 -0.00590308 0.0623107 
0.183425 0.137198 0.0972562 0.185083 0.00365444 -0.0793327 -0.0413645 0.0590707 0.234748 0.378611 0.292897 0.313058 -0.119202 0.179949 0.0405018 -0.113041 
-0.237975 -0.221597 -0.189428 -0.22014 0.0595525 0.121164 0.0466085 -0.0486174 -0.27578 -0.381978 -0.348181 -0.362805 0.205299 -0.130215 -0.0373566 0.162032 
-0.189849 -0.161912 -0.195769 -0.176807 -0.0393922 -0.0869695 -0.0276816 -0.00430753 -0.111172 -0.13868 -0.148357 -0.1143 -0.103196 0.0353173 0.0106619 -0.0746084 
-0.0521594 -0.0455193 -0.0996589 -0.159065 0.00144263 0.124044 0.0582456 0.0226408 -0.102391 -0.117038 -0.0854249 -0.0635533 0.0903995 -0.0229905 0.00652549 0.0281102 
-0.00872719 -0.0502997 0.0797243 0.062401 -0.00588814 -0.23517 -0.0402309 0.102925 0.0401926 0.0849005 0.0390983 -0.00743586 0.0721358 0.00803072 0.00662812 0.0445598 
0.129057 0.140136 0.076774 0.112113 0.0180088 0.130103 -8.56854e-05 -0.0529999 0.093956 0.0557716 0.154326 0.152545 -0.103774 -0.0524401 -0.110703 -0.0923994 
0.150715 0.17292 0.132137 0.123234 -0.0193936 -0.00120801 -0.0202044 -0.0601132 0.171147 0.194519 0.113779 0.110324 -0.0371285 0.123755 0.0824879 -0.0340406 
0.221327 0.221333 0.211784 0.218619 0.0217872 -0.008192 -0.0413259 -0.017406 0.240245 0.179192 0.188189 0.224426 0.056727 -0.100924 -0.0396438 0.0648839 
0.0108143 -0.0314345 0.0347018 0.0234429 -0.00343804 0.0428076 0.010066 -0.00379703 -0.0338573 -0.025201 -0.0122397 -0.0599094 -0.0133181 -0.106081 -0.00385839 0.0642907 
-0.0832056 -0.0348016 -0.100295 -0.104461 0.0326017 -0.128215 0.0155629 0.107044 -0.0606506 -0.0193949 -0.0261198 -0.0460774 0.0219666 -0.00601945 0.0351105 -0.00120642 
0.164555 0.132757 0.204247 0.209571 0.0174705 0.0707062 -0.0343331 -0.085483 0.169563 0.117326 0.175517 0.205512 0.0573427 0.0849642 -0.0278988 -0.0112938 
-0.077429 -0.090265 -0.126368 -0.101548 -0.0525772 0.0285744 0.0615742 0.00540391 -0.0885717 -0.0735192 -0.130632 -0.108629 -0.00838322 -0.00141854 -0.0253718 -0.0264785 
0.0709687 0.0997953 0.0176229 -0.00483614 -0.0467852 -0.0389012 0.012607 -0.0148732 0.036889 0.0990428 0.0526432 0.0105821 -0.084441 0.0960166 0.0853235 -0.0215196 
-0.26699 -0.343417 -0.221592 -0.205596 0.100348 0.0282413 -0.053254 0.0263464 -0.274618 -0.369505 -0.259471 -0.180575 -0.0530401 -0.189521 -0.0260504 0.0727116 
-0.188736 -0.120457 -0.128906 -0.146763 -0.140045 -0.0140788 0.0588517 -0.0523614 -0.136647 -0.0317295 -0.102688 -0.137122 0.0924828 0.267459 -0.0327983 -0.201351 
-0.148947 -0.114737 -0.18107 -0.184056 0.0840797 0.0227175 -0.00944845 0.135409 -0.156014 -0.163784 -0.161671 -0.237741 -0.00385565 -0.0858506 0.0833065 0.170235 
-0.338883 -0.323833 -0.299572 -0.320298 0.127247 0.0592238 -0.00171421 -0.0336858 -0.311287 -0.419136 -0.369092 -0.249266 -0.0633216 -0.145384 -0.020552 0.0351617 
0.0590215 -0.0476819 -0.0154063 0.101015 -0.0578128 0.0249457 0.034392 -0.0205741 -0.0390515 0.0607655 0.000914216 -0.0471942 0.0558355 0.167589 0.0156762 -0.0280678 
0.149488 0.253489 0.24584 0.107491 -0.0282059 -0.181203 -0.0275578 0.0617517 0.271363 0.255128 0.306214 0.298931 0.0649214 -0.119394 -0.0941401 -0.0560249 
0.190723 0.130809 0.146885 0.207749 0.0238541 0.113866 -0.0139067 -0.057671 0.120894 0.1173 0.0794021 0.0878546 0.00184149 0.138911 0.086991 0.0240667 
-0.378328 -0.365808 -0.417519 -0.414966 -0.0481215 -0.0984399 -0.0210756 0.0433816 -0.369773 -0.393074 -0.327798 -0.317982 -0.0829802 -0.168 -0.0455102 0.0657627 
0.607752 0.592891 0.615058 0.619594 -0.0559271 0.0939987 0.0224263 -0.1027 0.574498 0.65228 0.557322 0.517699 -0.0127361 0.0451217 0.0229557 -0.0675078 
-0.286558 -0.244581 -0.167282 -0.200733 0.0959736 0.0528579 -0.00112543 -0.0101692 -0.221215 -0.251352 -0.222191 -0.226915 0.089789 0.0701007 -0.0417598 -0.0348337 
0.422685 0.36852 0.313272 0.372545 -0.060084 -0.154213 -0.0366088 0.0372379 0.416671 0.388134 0.375098 0.418487 -0.123337 0.0816157 0.035256 -0.0685206 
0.0828528 0.109599 0.0660131 0.0117192 0.0115175 0.108005 0.0470795 0.00502011 0.028748 -0.00844169 0.0558164 0.0479085 0.00129879 -0.212092 -0.0463752 0.144266 
-0.124242 -0.0386388 -0.0137274 -0.0278504 0.040167 0.0890761 -0.0216771 -0.0763405 -0.10094 -0.0325489 -0.0517232 -0.0419698 0.0609596 0.123611 0.0351783 -0.0715426 
0.336281 0.174221 0.229521 0.287219 -0.0672849 -0.206677 -0.022287 0.0949544 0.345028 0.308667 0.299282 0.247015 -0.036128 -0.0656387 -0.0417362 -0.0260079 
0.11379 0.170335 0.0888681 0.0881877 -0.0748332 0.00377265 -0.0250504 -0.0788739 -0.150831 -0.108331 -0.139356 -0.107312 0.0134254 0.0883321 0.0343111 0.0147041 
-0.143248 -0.0782301 -0.100012 -0.159908 0.0880063 0.0827779 -0.00214878 -0.0136964 0.00067234 -0.0508065 -0.0928369 -0.113723 -0.120238 -0.147293 0.0159107 0.0686028 
-0.0249958 -0.0234749 0.0182774 0.0276027 -0.00876966 -0.0288826 0.037689 0.1056 0.343016 0.35381 0.471878 0.490533 0.135432 0.0672521 -0.0238762 -0.0301493 
0.102911 0.10452 0.037014 0.0281043 0.0476092 -0.0186137 0.00850464 0.0255211 -0.0288739 -0.0601079 -0.192435 -0.160494 0.0289854 0.004086 -0.0298872 0.00992116 
0.100999 0.00090313 0.111006 0.157072 -0.111186 -0.00306506 -0.0362815 -0.125068 -0.183035 -0.0703869 0.0873334 0.00174689 0.00476879 0.0870681 0.068685 -0.0497036 
0.249979 0.314569 0.216224 0.244812 0.06845 0.0799343 0.0212682 0.0159255 0.325526 0.256526 0.100799 0.169691 -0.0692511 -0.0232132 -0.0583284 -0.0750866 
0.129307 0.112612 0.19534 0.149932 -0.067226 -0.0791756 -0.0397698 -0.0438798 0.447681 0.444027 0.533864 0.557201 -0.0416991 0.0055888 -0.0168207 -0.0184504 
0.220486 0.229365 0.201624 0.203583 0.0258763 -0.0113045 -0.040988 -0.0144092 0.0920658 0.0774832 0.0664909 0.0184441 0.120268 -0.0788167 0.0122498 0.159525 
-0.156671 -0.158604 -0.0903702 -0.148131 -0.0209806 -0.0864193 0.032849 0.125311 -0.169511 -0.208768 -0.244729 -0.222184 -0.091983 -0.105852 0.0459928 0.0666239 
0.470625 0.456068 0.417669 0.503817 -0.0269322 0.0898216 -0.057251 -0.185833 0.176134 0.26037 0.261199 0.193851 0.0223221 0.140188 -0.023398 -0.0878 
-0.0372276 -0.0222383 -0.0518572 -0.057436 0.0248028 -0.0502971 0.00705086 0.0166907 0.350821 0.279398 0.305418 0.335994 -0.0363608 -0.13284 0.00769024 -0.00474612 
0.0435257 0.02789 -0.00197601 -0.0347202 -0.0456209 0.0156481 0.0955506 0.124941 -0.111319 -0.0452349 -0.0681129 -0.0715122 0.0750135 0.0656164 -0.0280669 -0.0131497 
0.184942 0.219276 0.244649 0.215786 0.0316595 -0.0171706 -0.115871 -0.110324 0.142204 0.146787 0.219659 0.248291 -0.0768275 0.0231299 0.02545 -0.0258467 
0.0933208 0.0178057 0.0560486 0.130594 -0.0332199 -0.0454863 -0.014693 0.0335185 -0.106295 -0.214054 -0.254974 -0.221626 0.157858 -0.0554981 -0.0235018 0.120651 
-0.119731 0.00425124 -0.0557077 -0.131911 -0.0188273 0.156768 0.0548824 -0.0902321 0.274324 0.382022 0.335609 0.285064 -0.159928 0.12769 0.0493089 -0.179241 
-0.0104895 -0.109844 -0.00887191 0.0734347 -0.0295817 -0.200633 -0.0205571 0.0370567 -0.119997 -0.144033 -0.0674884 -0.0398761 0.0139662 0.0376643 -0.0707002 -0.0208104 
0.361991 0.401185 0.239504 0.179587 0.148348 0.105158 0.0315452 0.148035 0.274741 0.292682 0.354771 0.350077 0.0451635 -0.0540801 -0.0496922 -0.0242701 
0.191682 0.160913 0.294445 0.314254 -0.101767 -0.0803775 -0.0693279 -0.101329 0.287033 0.227596 0.107596 0.0725645 0.0359055 0.00537419 0.0625347 0.119843 
-0.0565158 0.0423876 -0.10267 -0.180142 -0.0512739 0.146463 0.0767285 -0.0839523 -0.156339 -0.157104 -0.151998 -0.126708 -0.057505 -0.0258513 0.0350884 0.00503279 
-0.203851 -0.234207 -0.0846454 -0.0102679 0.0806453 -0.0593281 -0.0379158 0.0616918 -0.165345 -0.0932696 -0.0762699 -0.0979527 -0.0444613 -0.0217427 -0.0539138 -0.11426 
0.180259 0.129842 0.0941721 0.0639679 -0.0718142 -0.192714 -0.0879459 0.0200855 0.242454 0.157751 0.151613 0.185869 0.107291 -0.0499788 -0.00570186 0.127985 
0.323678 0.235251 0.284918 0.378588 -0.0201326 0.0725461 0.0569144 -0.0548052 0.0654526 0.167505 0.144899 0.125111 -0.0900358 -0.00457027 0.0780289 0.03079 
-0.134985 -0.0948846 -0.130478 -0.134233 0.021331 0.0509308 -0.0428405 -0.0212229 0.140327 -0.00151318 0.0644212 0.117998 0.0879668 0.0617835 -0.0691904 -0.0505724 
0.185918 0.194416 0.196203 0.151951 0.0332588 -0.0978062 -0.0425632 0.0216367 0.041852 0.20494 0.14745 0.0589594 -0.167547 0.0305247 0.00250167 -0.0861231 
-0.0891269 -0.0991873 -0.0872813 -0.104057 -0.0492401 0.00652643 0.0174065 0.0168725 -0.123399 -0.252896 -0.206946 -0.147887 0.100599 -0.114677 -0.0170127 0.072714 
-0.0285672 0.0449361 -0.0205165 -0.0651873 -0.015446 0.0540495 0.0488495 -0.0510119 0.153016 0.168712 0.156573 0.175708 -0.0055299 0.0698769 0.061163 0.0297964 
0.114584 0.166971 0.145511 0.206491 0.101052 0.154263 0.0326484 0.0711074 -0.0122461 0.0534953 0.0862014 0.051573 0.0723796 0.0732282 -0.0642804 -0.0693177 
-0.0742499 -0.176854 -0.0769046 -0.102012 -0.0574311 -0.153123 -0.0678897 -0.0875421 0.00210458 -0.0324274 -0.115865 -0.103927 -0.1531 -0.18608 0.0105145 0.04014 
0.00190133 0.0925899 -0.0404409 -0.0540842 -0.0729021 0.0393766 0.0785842 0.0507017 -0.0199482 0.0118869 0.0398422 -0.00793713 0.097297 0.0647464 0.0352083 0.04595 
0.0326546 -0.0576755 0.0229385 0.0712909 0.0642904 -0.0262119 -0.0509166 -0.018217 -0.0124111 -0.0494446 -0.0607256 -0.099214 -0.0780905 0.0088282 -0.0400512 -0.0710975 
0.00538331 -0.00460799 0.0168359 0.00227033 0.0263536 0.0126278 -0.0268915 -0.0362227 -0.00333876 -0.0170773 -0.042966 0.0536746 0.0028454 -0.0197836 0.0702171 0.0673595 
-0.150426 -0.136813 -0.153912 -0.178189 0.0155849 -0.0895334 0.0329635 0.146243 -0.0744093 -0.0475106 -0.0582544 -0.0632799 0.117271 0.115022 -0.0450045 -0.0534494 
-0.112913 -0.131547 -0.0891074 -0.0356759 -0.0202199 0.0529154 -0.0320254 -0.0763983 -0.168362 -0.163901 -0.111517 -0.141098 -0.0344795 -0.0740813 0.0188081 0.011594 
-0.159156 -0.0765784 -0.139326 -0.223491 0.0550074 0.103627 0.0943499 0.0738671 -0.17762 -0.174841 -0.196556 -0.202203 -0.0713618 0.0439868 0.0306296 -0.0195326 
-1.07334 -0.980228 -0.995699 -1.01879 0.00206732 0.113676 0.0900443 0.0121722 -1.08722 -1.09666 -0.956791 -0.903011 0.184816 0.0714285 -0.0886484 -0.0491018 
0.958277 0.826899 0.90978 0.980055 -0.0591478 -0.228233 -0.146764 -0.0421211 1.17311 1.10584 1.05964 0.994219 -0.133263 -0.190599 0.0262658 0.148868 
0.603794 0.616089 0.623918 0.618993 -0.0820192 0.0533721 -0.0343255 -0.133491 0.498021 0.644923 0.612481 0.650639 -0.0275558 0.193074 -0.0257954 -0.239254 
0.300978 0.253318 0.212494 0.195671 0.0848442 -0.0232392 -0.0252825 0.0459048 0.177359 0.0551372 0.0189376 -0.0151559 0.0420111 -0.185825 0.0901666 0.253938 
0.231463 0.330338 0.283278 0.245776 -0.0599432 0.0719929 0.0483866 -0.0793666 0.23909 0.304505 0.294227 0.377686 -0.0445519 0.125962 -0.0457322 -0.151389 
-0.0837485 -0.183226 -0.194261 -0.135692 0.0318297 -0.123658 -0.0489172 0.089127 -0.100223 -0.164062 -0.179567 -0.280997 -0.0277668 -0.148651 -0.026743 0.0382989 
-0.0503979 -0.0386012 -0.00724041 0.0391488 0.0174929 0.0518902 -0.0240207 -0.046481 0.0142881 0.0275661 0.137259 0.229674 0.0792679 0.100275 0.000201859 -0.0331726 
0.0867927 0.0638969 0.121443 0.105963 -0.0246153 -0.0149522 0.0112923 -0.0166478 0.0769364 0.143021 0.024859 -0.0169452 -0.0491759 0.107777 -0.0215885 -0.0788285 
-0.0911629 -0.135219 -0.171787 -0.147313 -0.060013 -0.146847 0.0370921 0.116868 -0.0603899 -0.0563903 -0.0874071 -0.14368 -0.00396836 -0.0945538 0.0752484 0.179197 
-0.254243 -0.08604 -0.186349 -0.268398 0.0650605 0.193053 0.0262446 -0.0357854 -0.206602 -0.401728 -0.310045 -0.198818 0.0681834 -0.133836 -0.0596494 0.00456492 
-0.0930074 -0.256003 -0.0641359 0.00221038 -0.0266763 -0.0419227 0.00401065 -0.0322797 -0.157233 0.0119734 -0.0256374 -0.106124 -0.0144169 0.0737621 0.00363741 -0.0115764 
-0.107552 -0.0314624 -0.145143 -0.220818 0.0306351 0.05122 -0.0128869 -0.00460249 -0.131107 -0.137786 -0.14472 -0.152442 -0.0535163 0.114355 0.0267827 -0.112459 
0.0441118 0.00353491 0.0268351 0.0838884 -0.0235373 -0.0488667 0.0319434 0.0352356 0.0833546 0.0555261 0.0725329 0.113951 0.0562378 -0.0910826 -0.0419545 0.0795022 
-0.25159 -0.184975 -0.199381 -0.247768 0.0162016 -0.0123079 -0.0792705 -0.0422199 -0.298416 -0.210533 -0.194528 -0.227639 -0.0782192 0.0694855 0.0109189 -0.0763754 
0.0635452 0.0389032 0.0662823 0.0956137 0.0245444 0.0722889 0.0863303 0.0364468 0.0904331 0.0207205 -0.0200217 -0.0265319 0.038657 -0.0054512 0.0515042 0.0319174 
-0.299632 -0.268409 -0.334355 -0.349028 0.0104296 0.0463166 0.0127462 0.00563903 -0.258986 -0.27161 -0.243045 -0.217947 0.0877049 -0.00993824 0.0107973 0.0901958 
0.12191 0.116938 0.138252 0.111902 0.0506662 -0.143816 -0.0522649 0.101386 0.0321698 0.0852256 0.0519416 0.022419 -0.157405 -0.0866656 -0.0333942 -0.0933737 
-0.274297 -0.325708 -0.272205 -0.194409 -0.0475092 0.0568527 0.0546442 -0.0415875 -0.180526 -0.292406 -0.253749 -0.237986 0.113381 -0.059976 -0.0351625 0.0826421 
-0.125322 -0.0484004 -0.128174 -0.189929 0.0472369 0.122989 -0.0289181 -0.0690159 0.0607758 0.141757 0.0692945 0.0894639 -0.00376241 0.118806 0.0291945 -0.0183849 
0.133348 0.0817862 0.09466 0.140593 -0.0399526 -0.140508 0.00922644 0.0779324 -0.249555 -0.263409 -0.222696 -0.235326 -0.0462083 0.0295854 0.0592028 -0.0236847 
-0.23469 -0.186156 -0.148705 -0.205562 0.0584494 0.178761 0.0965915 0.0140629 -0.12267 -0.145396 -0.0513556 -0.0302198 0.015732 -0.0396048 -0.0651505 -0.0133058 
-0.122522 -0.152965 -0.16684 -0.151025 -0.03673 -0.058648 -0.0273365 0.0020186 0.119871 0.154365 0.0843141 0.0484073 -0.0377085 0.0677472 0.0580811 -0.0104214 
0.068475 0.0863218 0.137047 0.143265 -0.0511507 -0.041739 -0.0310791 -0.0492906 -0.286839 -0.253084 -0.238007 -0.233071 0.0736479 0.0476892 -0.0261447 -0.038026 
0.00867581 -0.0941436 -0.0690751 -0.025331 0.0810247 -0.0623535 -0.00724182 0.0564416 0.0512555 0.0268767 0.0364096 0.0550807 -0.018121 -0.0227045 0.0320062 0.0581803 
-0.15607 -0.0979862 -0.183187 -0.226787 -0.0288536 0.0371101 0.00329617 -0.0492674 -0.0592453 -0.171237 -0.142551 -0.119305 0.0670023 -0.201488 -0.0773134 0.0556336 
-0.283817 -0.27187 -0.241161 -0.261286 0.019483 0.0408811 0.0130696 0.0696894 -0.080574 -0.0184965 -0.109329 -0.118067 -0.0550041 0.113176 0.0891394 -0.00182076 
0.0621448 0.0849636 0.0898149 0.139294 -0.00642236 0.0267404 0.00889544 -0.0765212 -0.301129 -0.248448 -0.18547 -0.219072 0.0242522 0.0338127 -0.0668455 -0.019561 
0.0161815 -0.0300629 -0.0658078 -0.104681 0.0103823 -0.0376288 0.0370829 0.0802737 0.14529 0.160884 0.033464 0.0141547 -0.0579454 -0.00964701 0.0457 0.00975073 
-0.277618 -0.190989 -0.192821 -0.191592 0.0400869 0.0923413 0.00575636 -0.0100598 -0.214056 -0.298563 -0.131474 -0.062206 -0.00725182 -0.0385076 -0.0115991 -0.0250473 
-0.077728 -0.0922284 -0.164631 -0.195611 -0.0084534 -0.00288352 0.0267837 0.0371585 -0.10347 -0.07986 -0.110826 -0.105895 0.0448363 0.0371876 -0.0247282 0.0171989 
-0.250935 -0.2929 -0.153898 -0.0764236 0.0222023 -0.0791775 -0.0671888 -0.0424348 -0.245642 -0.17466 -0.259867 -0.351947 0.00488923 0.0127107 0.0177894 -0.015207 
-0.19299 -0.222458 -0.277983 -0.294226 -0.0442023 0.0670253 0.067163 0.017972 -0.0121453 -0.0714691 -0.0387775 0.0438416 0.00502645 0.0374242 0.00051222 -0.0221579 
0.239151 0.217279 0.243002 0.306145 -0.0159134 -0.0622857 -0.0899149 -0.0624079 -0.0959082 -0.103065 -0.0289328 -0.0532089 -0.0229779 -0.0174757 -0.0309708 -0.0605323 
-0.0412545 -0.00868952 -0.0478246 -0.138636 0.0494746 0.0734432 0.0937051 0.0552737 0.0634829 0.106419 0.0503893 0.0536551 0.0120877 -0.000828065 0.0385682 0.0530245 
-0.15286 -0.113415 -0.110796 -0.0790645 0.042345 0.09047 0.0614879 0.0759015 -0.121268 -0.102154 -0.151046 -0.17032 -0.00859625 0.0876305 -0.0057426 -0.00739151 
0.0665535 0.0809124 0.0547071 0.0224973 -0.00276515 -0.0606382 -0.0618854 -0.0541101 0.0511684 0.00310886 0.0831739 0.118153 -0.104818 -0.150898 -0.0168961 -0.0284593 
-0.13934 -0.115169 -0.0799627 -0.121765 0.040431 -0.0240504 0.0262587 0.138117 -0.0436954 -0.0554918 -0.146242 -0.170354 0.181637 0.00682201 0.0269898 0.189694 
-0.128279 -0.185003 -0.155894 -0.0802766 0.00130825 -0.0381927 -0.0682287 -0.113762 -0.195724 -0.126854 -0.0547744 -0.119494 -0.0489976 0.0384028 -0.000246534 -0.118217 
-0.067409 -0.123748 -0.112303 -0.0658447 -0.0995755 0.0661276 0.0700766 -0.0354794 0.0261555 -0.0114601 0.0382019 0.121899 -0.0899113 0.0538165 -0.00589155 -0.0528693 
-0.0772595 0.031472 -0.0174942 -0.119938 0.0561678 -0.081242 -0.0143211 0.0988518 -0.217285 -0.238336 -0.29638 -0.352852 0.0647626 -0.0226937 0.0777265 0.0310257 
0.0309908 -0.0693417 -0.00563002 0.046622 -0.0539108 -0.00991057 -0.0978921 -0.180982 0.0951706 0.0981659 0.0672153 0.132442 0.0946167 -0.0498215 -0.119406 0.0625544 
-0.183102 -0.1436 -0.22212 -0.239852 0.0418554 0.0390138 0.114517 0.215065 -0.232905 -0.189321 -0.200894 -0.2525 -0.102021 0.0694071 0.0134402 -0.120489 
0.0128861 -0.0145147 0.0386592 0.0901476 0.0810333 0.105121 -0.0234088 -0.136298 -0.000929952 -0.057585 -0.00398844 0.0231194 0.0233371 -0.0791743 0.0404723 0.0469287 
-0.145027 -0.0597011 -0.108826 -0.192928 -0.0179015 0.0332194 0.0104924 -0.0104796 -0.103521 -0.113042 -0.0987216 -0.0554957 0.0530994 -0.0717685 -0.0286955 0.144508 
-0.0207204 -0.0961389 -0.0608703 -0.0156934 -0.0232823 -0.133936 0.0273639 0.117113 0.0126728 -0.00520021 -0.0489472 -0.0961228 -0.142215 0.119875 0.101665 -0.0585815 
0.034133 -0.000371099 0.0815766 0.0828721 -0.0791319 0.0531255 0.0138003 -0.0493549 -0.00791806 0.0388654 -0.00720111 0.0442027 0.0743476 0.0185744 -0.0454203 -0.0327178 
-0.0425871 0.0859825 -0.0609246 -0.0930184 0.0630132 0.105934 0.0637095 0.00675456 -0.00879076 -0.00786692 0.036767 0.0220715 0.0782578 -0.00443571 -0.0125992 0.0357252 
-0.0262256 -0.148925 -0.055728 0.000201076 0.0165533 -0.242967 -0.146197 0.0243338 -0.00685652 0.00490595 -0.0198301 -0.0834541 -0.0600864 -0.0120213 -0.0360636 -0.0673088 
-0.011816 0.0287627 0.0724124 0.0643341 -0.00535723 0.120571 0.0543121 -0.0201961 -0.0417498 -0.0785545 0.0380415 0.0659703 -0.0231483 -0.0312625 0.00987153 0.0113137 
0.0612909 0.0951906 0.00465153 -0.0275535 -0.0261132 -0.0610538 -0.0615968 -0.0329491 0.0918529 0.109655 0.0175306 0.035274 0.076558 0.0137006 0.0399058 0.0499576 
0.117146 0.0838078 0.14976 0.141797 -0.0168543 0.013362 0.0213838 -0.0216891 0.0866936 0.146076 0.164334 0.114775 -0.134923 -0.0152013 -0.0632033 -0.0998099 
0.220162 0.247088 0.137232 0.122373 0.0428509 0.0778255 0.0155703 0.015132 0.17685 0.208158 0.17704 0.16632 0.141491 0.0744711 0.0271124 0.0255974 
0.168499 0.100349 0.182896 0.254579 -0.0794085 -0.0545006 -0.0206264 -0.0268931 0.206374 0.112172 0.18294 0.225949 -0.171504 -0.0946129 -0.0106662 -0.0432266 
0.0181272 0.128421 0.037461 -0.0195109 0.0664247 0.0804304 0.0307693 0.021205 -0.0489169 -0.110623 -0.142466 -0.106543 0.0465671 -0.0337698 -0.00818385 0.0629252 
-0.133575 -0.169274 -0.124459 -0.13906 -0.00562026 -0.146137 -0.0463479 0.0672141 -0.0198045 0.0482869 0.0552328 -0.0186233 0.0929193 0.0265127 0.0782255 0.0809328 
0.153348 0.174227 0.121975 0.0959342 0.0458487 0.116339 0.0515042 -0.00892697 0.13589 0.11047 0.137573 0.175148 0.00209496 0.0612128 -0.0917455 -0.0845471 
-0.0202998 -0.117802 -0.0314642 0.0259055 -0.0657218 -0.0482174 -0.0232193 -0.080943 -0.0324532 -0.0225233 -0.0665868 -0.0690113 0.0892178 0.0698844 0.0185778 0.0283654 
-0.0478959 -0.038234 -0.0221998 0.0532301 0.0357369 -0.0221762 0.0104654 0.0623321 -0.0495717 -0.0422837 -0.0604953 -0.0532582 -0.118069 -0.0740686 0.0101965 0.0172142 
-0.297526 -0.266267 -0.281604 -0.338894 -0.000750326 0.0266923 -0.0376591 -0.00831553 -0.290547 -0.34293 -0.282449 -0.283613 -0.0331126 -0.0836749 -0.00850843 -0.0023491 
-0.277107 -0.251631 -0.279429 -0.298261 0.00348539 0.0483092 0.113365 -0.00718883 -0.334901 -0.265633 -0.399041 -0.385233 -0.0599945 0.0978555 0.068126 -0.0312242 
0.0541347 0.13105 0.0926514 0.0145164 -0.0279776 0.0630129 -0.0417338 -0.0380858 0.0949007 0.106815 0.193359 0.155514 0.105553 -0.0365923 -0.0225575 0.0497786 
-0.156428 -0.253558 -0.195035 -0.110975 0.0607987 -0.126148 0.0131911 0.0917217 -0.344172 -0.352106 -0.327035 -0.302069 0.0445199 0.0162561 0.0104631 0.0100092 
-0.159645 -0.249175 -0.24407 -0.103023 -0.000821784 0.0476945 0.00863179 0.0593874 0.0572439 0.0952665 -0.0153995 -9.2268e-05 -0.125303 0.0476249 -0.0328942 -0.113617 
-0.0721306 0.0478514 0.068104 -0.103396 -0.00328456 0.0612791 -0.0202031 -0.112184 -0.072219 -0.127596 0.0591087 0.0672359 0.0412733 0.0147413 -0.0330435 -0.0273188 
-0.122303 -0.175936 -0.165631 -0.135539 -0.0252731 -0.0458478 -0.00159758 0.0122859 -0.123238 -0.0888083 -0.288243 -0.301241 0.0770166 0.011024 0.10958 0.148668 
0.20329 0.257428 0.229901 0.188779 -0.0535709 -0.105252 0.00119105 0.0206048 0.230126 0.222659 0.373382 0.378495 -0.026541 -0.104868 -0.135089 -0.0645773 
0.366378 0.357455 0.335215 0.345365 0.11382 0.0725129 -0.0405818 -0.0123507 0.315161 0.367081 0.286809 0.200134 0.0179658 0.0587972 0.0561294 0.00474184 
0.185999 0.211652 0.205149 0.181664 -0.10887 -0.0133243 -0.00502953 -0.0232504 0.194436 0.0499959 0.150764 0.234875 -0.0801422 -0.107053 0.00873088 -0.00805077 
-0.238114 -0.273792 -0.230952 -0.169526 0.0189885 0.00277598 0.0481606 0.0410679 -0.224938 -0.163803 -0.206408 -0.246202 -0.0181883 0.126525 -0.0105925 -0.0212098 
0.288504 0.24468 0.228184 0.27478 0.0692002 0.0584429 -0.00769462 0.0109429 0.230325 0.210903 0.227688 0.292202 0.0409549 -0.0990148 -0.0255723 0.0063252 
0.338768 0.348525 0.337394 0.313815 -0.0819295 -0.115212 -0.0172382 -0.0342587 0.140257 0.205535 0.0339963 -0.0161331 0.072459 0.073273 0.0539456 0.0451938 
-0.287355 -0.263059 -0.236491 -0.278707 0.00566545 0.0425117 -0.0163446 -0.00859231 0.0673304 0.017725 0.166761 0.17915 -0.0770424 -0.103621 -0.0632763 0.00683516 
0.319494 0.358664 0.337728 0.323864 0.00847003 0.00909138 -0.0493496 -0.0343139 0.263934 0.328704 0.295077 0.233767 -0.0347802 0.0907194 0.0290266 -0.0457569 
0.292811 0.276222 0.270167 0.289038 -0.00480142 -0.0679832 -0.0231479 0.0077181 0.249315 0.198582 0.188179 0.251753 0.0496456 -0.0126049 0.0373615 0.00922916 
0.123173 0.107656 0.0774503 0.0739594 -0.0792726 0.0383902 0.0488852 -0.0564246 0.113839 -0.00714207 0.0863516 0.144772 0.0304242 -0.166881 -0.143278 0.00462562 
0.0394788 0.0558877 0.037159 -0.00188375 0.0212653 -0.0267244 -0.038787 0.00993033 0.029989 0.204123 0.110906 0.00361681 0.0209277 0.17461 0.0922256 -0.0260534 
-0.400836 -0.477608 -0.481398 -0.458433 0.0586242 -0.0502177 0.0227936 0.0396565 -0.371507 -0.5373 -0.356727 -0.278433 -0.103618 -0.149586 -0.0640726 -0.0505601 
0.524038 0.635257 0.575128 0.50017 -0.0134313 0.0666918 0.00621241 -0.0734668 0.519403 0.585051 0.43793 0.415083 0.151655 0.0539064 -0.0353375 0.078736 
-0.0152559 -0.121174 -0.0077796 0.106932 0.0286017 -0.0323042 -0.0321869 0.0900962 -0.0639453 -0.0556402 -0.104825 -0.138402 -0.0436247 0.0138111 0.0583254 -0.0273174 
0.121796 0.20036 0.157862 0.0446935 -0.0799884 -0.0407129 -0.0516225 -0.092528 -0.17751 -0.144248 -0.113469 -0.138294 -0.0781597 -0.144218 0.0370575 0.179898 
-0.111342 -0.242803 -0.112199 0.0318992 0.0640998 -0.0160175 0.0394245 0.097154 0.0640693 0.00342679 0.00380206 0.0316074 0.110222 0.175637 0.00652381 -0.114909 
0.254966 0.372353 0.303977 0.251163 -0.0306121 0.0500517 -0.00233859 -0.0952421 0.484061 0.537421 0.478407 0.524881 -0.0584267 -0.0681894 0.0112439 0.0490763 
0.040663 0.0574536 0.0260339 -0.0116434 -0.0604893 -0.0104701 0.0391109 0.0384401 0.198463 0.238307 0.312874 0.265621 -0.0508933 0.069087 -0.03317 -0.0866029 
0.462876 0.437326 0.463311 0.492259 -0.0627605 -0.019655 -0.0471137 -0.0170029 0.164547 0.131074 0.125972 0.163997 -0.062992 0.0882914 0.045321 -0.0949677 
-0.0273829 -0.0255771 -0.0216299 0.0641708 0.0186212 0.133841 0.0277451 -0.0638292 0.134431 0.23056 0.234564 0.224567 -0.0410791 0.0530948 -0.0393464 -0.0512137 
-0.0252593 0.0249429 0.0226581 -0.0173957 -0.0641461 0.00700676 0.0133246 -0.0525893 -0.0747128 -0.0670626 -0.0462071 -0.0662296 -0.11678 0.189657 0.0610886 -0.168165 
-0.226628 -0.245021 -0.224489 -0.117606 0.0602069 0.0253584 0.000635579 0.0442339 -0.27132 -0.299486 -0.253007 -0.223565 0.0985188 -0.0522576 0.0565282 0.204711 
0.201342 0.233421 0.237427 0.0963604 -0.106 -0.0855135 0.0178922 0.0372841 0.0164014 0.162614 -0.0138577 -0.101578 -0.0189357 0.0544032 -0.0179124 -0.0993031 
-0.0633193 -0.0800605 -0.103929 -0.0750782 0.131142 0.00473699 -0.0250662 0.01526 0.250053 -0.0004673 0.14741 0.239909 0.0918536 -0.382026 -0.0570683 0.222163 
0.0103337 -0.0331482 -0.0418065 -0.0804731 0.00852479 -0.138868 -0.046037 0.00876307 -0.0257628 0.0285716 -0.0382181 -0.079985 0.099419 0.163389 0.00017982 -0.0656312 
0.441129 0.394359 0.394006 0.425257 -0.053505 0.0462632 -0.0787165 -0.135924 0.103933 0.0787002 0.0566101 0.117046 -0.0947464 -0.150045 0.0226761 0.11948 
-0.160742 -0.0923617 -0.137408 -0.219652 0.0346676 0.0588008 0.0563124 0.00405112 0.211396 0.207706 0.27015 0.239272 0.0375687 0.0647569 -0.113449 -0.145683 
0.167761 0.185331 0.17021 0.147459 0.0726835 -0.205408 -0.0916823 0.11921 0.144466 0.0959535 0.106646 0.0545853 0.144833 -0.189756 0.00193273 0.158611 
0.206625 0.0715786 0.120997 0.152065 -0.00721271 0.0675827 0.0520792 0.0117144 0.0764707 0.0633761 0.075587 0.122289 -0.0813178 -0.0389887 -0.065711 -0.0794182 
0.00396168 -0.00322556 0.0533766 0.105168 -0.023114 -0.131753 -0.0822886 -0.062593 -0.0598075 -0.0673262 -0.150024 -0.182389 0.0791657 -0.0380626 0.0253294 0.0901423 
0.0584837 0.11995 0.0598943 0.016181 -0.0166284 0.201708 0.061752 -0.0284746 0.170733 0.229018 0.253858 0.253186 -0.132281 0.160907 0.00011695 -0.143747 
-0.0496415 -0.134169 -0.140177 -0.0598281 -0.0273469 -0.210342 -0.0284695 0.0686671 -0.0830355 -0.217486 -0.137499 -0.100843 0.0535129 -0.0889961 0.00375231 0.0696595 
0.0930935 0.291463 0.261557 0.168379 0.00617682 0.213604 0.0416077 -0.0324106 0.0437897 0.178921 0.155467 0.199206 -0.0032158 0.229669 0.035622 -0.104293 
0.0691701 -0.0121524 0.00426161 0.0366926 -0.0608328 0.0144446 -0.000404371 -0.0466316 0.0658956 0.121585 0.0974874 0.0256807 -0.12726 -0.0752814 0.0635455 0.0567559 
-0.0132126 -0.0481224 0.0466256 0.103122 0.0162683 -0.0627355 -0.0297061 -0.0255697 0.0540988 0.0590957 -0.0415176 -0.0644958 0.0780982 0.0884797 -0.0548459 -0.0235653 
0.0258739 0.0403712 -0.0183238 -0.0270304 -0.005172 -0.0782442 0.040972 0.103906 0.0456383 -0.0313852 0.00844488 0.0451724 -0.0920304 -0.0926696 0.0699821 -0.0149537 
0.0148442 0.0329011 -0.0131318 0.00847235 0.00964083 0.0889666 0.0301987 -0.0517281 -0.0127212 -0.000874862 0.0832304 0.103086 0.0778648 0.077598 0.0196273 0.0556347 
-0.0441977 -0.00116329 0.0166109 -0.0361215 0.00586157 0.103848 0.00385249 -0.0133604 -0.0434994 -0.0279189 -0.0671262 -0.0673589 -0.107621 -0.0490223 -0.00828215 -0.0951797 
-0.122354 -0.186653 -0.115139 -0.100995 -0.0554145 -0.181715 -0.0598118 0.00559421 -0.147093 -0.0255846 -0.118455 -0.242249 0.0150833 0.0355744 -0.0185039 0.090752 
-0.164301 -0.166484 -0.147369 -0.138392 0.0924074 0.0528774 0.0436387 0.0305859 -0.109937 -0.247145 -0.101565 0.0639535 0.141322 0.0503726 -0.00379501 -0.00385622 
-0.0827091 -0.0622754 -0.168488 -0.18494 -0.025655 0.135958 0.0760952 0.0423295 -0.184353 -0.179406 -0.181967 -0.246768 -0.132745 -0.160104 -0.0562648 -0.0680971 
-0.94122 -0.806577 -0.745047 -0.780166 0.119526 0.0533675 0.0291709 0.0879137 -0.894061 -0.736048 -0.815216 -0.831617 0.10117 0.238978 0.0571157 -0.032639 
0.401871 0.286224 0.255389 0.328174 -0.0536522 -0.0840503 -0.0854829 -0.10137 0.383899 0.275501 0.343728 0.376708 -0.0212401 -0.198732 -0.0152011 0.0871557 
0.698439 0.69586 0.778008 0.743036 -0.181622 0.0279349 -0.0209161 -0.207843 0.773075 0.733592 0.692761 0.661597 0.00126016 0.0101323 0.0238161 0.042445 
0.411186 0.413778 0.301617 0.316122 0.124572 -0.0377557 -0.00658466 0.158099 0.432198 0.404129 0.481659 0.574067 0.0107901 0.0144398 -0.12588 -0.146039 
0.220415 0.143394 0.218575 0.207525 -0.115763 -0.182568 -0.0974865 -0.122146 0.0761463 0.105444 0.0179648 -0.0565088 -0.0806435 -0.0703212 0.105193 0.143777 
0.0218924 0.10544 -0.0364507 -0.0588131 0.0998601 0.129832 0.111677 0.175544 0.0913649 0.144976 0.130172 0.145296 0.124995 0.168302 -0.116775 -0.148865 
0.0033592 -0.0610824 0.0611709 0.1193 0.0127991 -0.0607937 -0.0695239 -0.124518 0.0926958 0.0662159 0.134139 0.0814011 -0.0972312 -0.191744 0.0598726 0.0578245 
0.0520041 0.0901515 0.0687101 0.0512285 -0.0969327 -0.00445601 -0.000529103 0.00506558 -0.0993185 -0.189252 -0.298854 -0.282218 0.0144425 0.0614719 0.0812397 0.117516 
-0.146886 -0.0928613 -0.117225 -0.253217 0.110033 0.0813058 0.0347787 0.0869737 -0.124164 -0.0567675 0.0752566 0.141327 -0.00797702 -0.018415 -0.0616621 -0.0619198 
0.0961843 0.006073 0.0776825 0.226563 0.00226494 -0.0489354 -0.0578065 -0.0910121 0.16354 0.161845 0.108097 0.0934662 0.0890756 0.262585 0.0622946 -0.0731003 
-0.308327 -0.314371 -0.258118 -0.30861 -0.158306 -0.172648 0.016913 0.0807394 -0.303491 -0.265721 -0.290932 -0.346508 -0.0575425 -0.194182 -0.0606638 0.0102776 
0.0791557 0.128933 -0.0339009 0.00532913 0.0938812 0.168941 0.0154644 -0.106908 0.0495138 -0.0111834 -0.0608501 -0.0257847 -0.0232496 -0.0414723 0.0145011 0.0778995 
-0.287404 -0.312035 -0.317204 -0.341893 0.0399596 -0.00121666 0.00338703 0.107391 -0.0894442 -0.0692544 0.0339882 0.00227022 0.0407461 -0.0122252 -0.0296999 -0.0104331 
0.0346026 -0.0206274 0.0770078 0.122481 -0.00713253 -0.0689146 0.0548777 0.0854963 -0.302983 -0.344245 -0.383115 -0.339998 -0.0891061 -0.0121892 0.0570528 0.00785452 
-0.285231 -0.14304 -0.195029 -0.31023 0.0130458 0.0990439 0.00547749 -0.0764605 -0.160519 -0.115435 -0.171534 -0.148008 0.0371512 0.0286492 0.0491938 0.0310568 
0.0669436 0.0187969 0.018291 0.0998259 -0.0178899 0.0216584 -0.0140024 0.0106098 0.0968831 0.0889938 0.181047 0.119225 0.0495389 -0.0318684 -0.157828 -0.0549118 
-0.247411 -0.240006 -0.16441 -0.209236 0.0690817 0.0498737 -0.00253208 -0.0729267 -0.0419359 -0.0373154 -0.109218 -0.0954213 -0.0296178 0.118613 0.112836 -0.0826708 
0.0809956 0.0122118 -0.0383863 0.0311155 -0.0751921 -0.0700615 0.0081144 0.0382705 -0.278523 -0.229948 -0.226475 -0.244024 -0.0100983 0.0170152 -0.0117431 0.0583398 
-0.217069 -0.178059 -0.137396 -0.167024 -0.0014272 -0.0047784 0.00536396 0.00535007 0.0874355 0.135068 0.259614 0.262285 0.0328569 -0.0173954 -0.0455357 -0.0658513 
0.128187 0.12732 0.00617981 0.0155282 0.10329 0.104594 0.103198 0.101887 -0.245654 -0.316466 -0.386436 -0.387989 0.0526883 -0.0353745 0.0774007 0.1402 
-0.140939 -0.143418 -0.0426135 -0.0460246 -0.0658972 -0.0606127 -0.111137 -0.0800758 0.0264077 -0.0278771 -0.0210335 -0.022475 -0.0769235 -0.173518 -0.0502276 -0.0108582 
-0.225754 -0.166049 -0.240409 -0.329413 0.0295345 0.0282271 0.065723 0.0471916 -0.214036 -0.259037 -0.312763 -0.269282 0.0439691 0.0929476 0.0160655 0.00926884 
-0.198696 -0.15519 -0.205479 -0.189628 0.026183 -0.0279039 0.0214221 0.0706554 -0.184357 -0.10956 -0.113877 -0.165042 -0.00948327 0.0128214 0.00283079 -0.0288865 
0.15914 0.0766253 0.141021 0.209722 0.00879271 -0.0400077 -0.0977668 -0.10859 0.196552 0.251307 0.18051 0.204994 -0.0167779 0.0908282 0.0427607 0.0157792 
-0.231358 -0.313303 -0.212312 -0.204383 -0.00170518 0.161908 0.104977 -0.0123234 -0.293359 -0.353982 -0.303955 -0.247081 -0.0192956 -0.0286559 -0.0538451 -0.0496766 
-0.15418 -0.121826 -0.148137 -0.144158 -0.0380582 -0.0204586 -0.0491796 -0.0105249 -0.121442 -0.12041 -0.0380616 -0.0874395 0.0144896 -0.0165735 -0.00311555 0.0117629 
0.0987027 0.119385 0.0641735 0.0870051 0.108095 -0.0997317 0.0193411 0.18107 0.152714 0.196183 0.161777 0.1519 0.0826449 0.181387 0.0288649 -0.00565232 
-0.240237 -0.211114 -0.162166 -0.150826 -0.0473186 0.130145 0.0207822 -0.142509 -0.302776 -0.308149 -0.242581 -0.235492 -0.168599 -0.20573 -0.0235009 -0.0190269 
-0.0843906 -0.0503426 -0.157767 -0.252038 -0.030419 -0.0284948 0.0783213 0.0900738 -0.0243304 -0.100524 -0.0886319 -0.0562294 0.199674 0.00556277 -0.011797 0.0781184 
-0.0474639 -0.119829 -0.0463858 0.00107574 -0.0351 -0.0699619 -0.0228164 0.0117251 -0.0627832 0.0346968 -0.0832064 -0.143148 -0.045782 0.0648644 0.00986283 -0.0420351 
-0.120348 -0.0801201 -0.0814159 -0.0780792 0.0310791 -0.0921823 -0.0474529 0.0125851 -0.103912 -0.126325 -0.106665 -0.0678446 -0.0390478 0.010904 0.0540975 0.0205313 
0.0271537 0.0275249 0.0337334 -0.00674653 0.00373907 0.121155 -0.00475629 -0.118846 -0.00411129 -0.0490861 0.00821352 -0.00298595 -0.00701801 -0.0297001 -0.0289847 -0.00321453 
-0.161478 -0.200751 -0.175587 -0.106667 0.0250226 0.114342 0.0200284 0.0464495 -0.210505 -0.137365 -0.221858 -0.226794 0.0494613 0.106701 0.00442535 -0.0388835 
-0.133372 -0.0908422 -0.202885 -0.274581 0.0381649 -0.0358685 0.0156406 0.0223071 -0.0777911 -0.184576 -0.134877 -0.102869 -0.100545 -0.100773 -0.0333528 -0.0243681 
-0.222134 -0.169624 -0.0694257 -0.0694083 0.145828 0.00163961 -0.0050839 0.0571595 -0.270254 -0.238045 -0.299893 -0.337297 0.00362189 -0.161716 0.0211494 0.146232 
-0.044417 -0.140673 -0.0525615 -0.0126165 -0.241635 -0.0866964 -0.0409517 -0.0748739 0.217713 0.207513 0.348724 0.36154 0.0303687 0.104477 -0.0125576 -0.0527954 
0.223957 0.303776 0.162047 0.107055 0.0171365 0.0674204 0.033927 -0.0292778 -0.115361 -0.101668 -0.224162 -0.20162 0.0388954 0.0225057 0.0969872 0.0358437 
-0.161057 -0.223629 -0.202867 -0.136691 0.103791 -0.0107314 0.0838248 0.14942 -0.100312 -0.0133609 0.0313338 0.0130661 0.0516846 0.0931243 -0.102143 -0.0597455 
-0.143948 -0.115013 -0.0825727 -0.0570607 0.00635922 -0.0701437 -0.0696514 -0.0779741 -0.125439 -0.278578 -0.210486 -0.174458 -0.120584 -0.119246 0.0711605 -0.0068315 
0.0133671 -0.0262599 -0.0231447 -0.0715998 -0.0080057 0.0847628 -0.00935023 -0.0117725 0.119276 0.243238 0.200828 0.140596 0.0134315 0.143742 -0.0665122 -0.122275 
0.149767 0.0592438 0.0509205 0.106929 0.0601189 -0.131047 -0.0113334 0.149263 -0.0540054 -0.183334 -0.213438 -0.163216 0.107615 -0.262234 -0.00442355 0.194038 
-0.246038 -0.0745469 -0.0974464 -0.17148 -0.107955 0.199665 0.0689342 -0.169584 -0.156215 -0.0366994 0.0463712 -0.00553524 -0.0941008 0.127855 0.0209473 -0.0782111 
0.0983025 0.00440431 -0.00557393 0.00905937 0.0897598 -0.0887917 -0.00888817 0.108611 0.1015 0.0847975 -0.117026 -0.084004 0.033095 0.0756432 0.0346028 0.0804832 
-0.169692 -0.0774084 -0.110832 -0.108969 -0.119999 0.0380102 -0.0508433 -0.157171 -0.157881 -0.104155 0.0244772 0.016749 0.0959118 0.106437 -0.0208071 -0.0986622 
-0.150901 -0.182836 -0.161744 -0.193787 0.1367 -0.0109665 0.0539209 0.120417 -0.109899 -0.221088 -0.188704 -0.207067 -0.0958027 -0.193469 -0.0104472 0.0415276 
-0.00796488 -0.041118 0.0205422 0.120065 -0.0793005 -0.0428336 0.0307942 0.0556648 -0.0328215 0.10151 -0.0437629 -0.0747834 -0.0558832 0.103312 0.0572851 -0.0300844 
0.0798596 -0.0270675 0.0602064 0.0022155 0.0175832 -0.0432621 -0.100391 -0.078623 0.0772752 0.0141572 0.094936 0.165615 0.0267687 0.00211723 -0.067515 -0.0197559 
-0.101578 0.0674084 -0.134318 -0.151313 0.021654 0.107209 0.115219 0.0563063 -0.0438474 -0.0246561 0.0210356 -0.0345979 0.0417676 0.0647493 0.0627031 0.0539238 
