256.741 274.717 257.324 234.516 167.831 182.282 167.168 142.06 253.297 269.681 253.54 232.381 165.799 180.539 165.91 139.283 
253.7 271.647 254.283 231.553 167.981 182.471 167.318 142.368 250.247 266.647 250.489 229.398 165.806 180.592 165.916 139.461 
250.835 268.797 251.418 228.567 168.177 182.654 167.514 142.457 247.419 263.823 247.663 226.455 165.874 180.628 165.985 139.407 
247.989 265.75 248.574 225.822 168.298 182.82 167.633 142.802 244.64 261.077 244.883 223.642 165.987 180.683 166.099 139.382 
245.784 263.456 246.37 223.622 168.476 182.963 167.812 142.967 242.098 258.711 242.339 221.247 165.959 180.76 166.068 139.63 
243.407 261.111 243.992 221.204 168.681 183.171 168.017 143.176 239.881 256.528 240.122 219.065 165.979 180.808 166.088 139.677 
241.33 259.121 241.915 219.136 168.773 183.319 168.107 143.25 237.858 254.41 238.1 217.022 166.008 180.803 166.117 139.68 
239.58 257.44 240.164 217.38 168.932 183.45 168.267 143.379 236.154 252.687 236.397 215.234 166.067 180.819 166.177 139.677 
238.249 256.125 238.833 215.98 169.082 183.548 168.419 143.502 234.846 251.214 235.091 213.75 166.147 180.86 166.259 139.572 
236.949 254.875 237.534 214.664 169.171 183.628 168.507 143.478 233.463 250.036 233.706 212.518 166.062 180.894 166.172 139.743 
236.231 254.122 236.815 213.943 169.161 183.648 168.497 143.545 232.887 249.265 233.132 211.747 166.166 180.874 166.278 139.56 
235.775 253.521 236.36 213.531 169.203 183.673 168.538 143.646 232.36 248.895 232.604 211.372 166.147 180.883 166.258 139.673 
235.623 253.437 236.207 213.394 169.179 183.688 168.514 143.706 232.158 248.832 232.401 211.257 166.188 180.929 166.299 139.667 
235.541 253.429 236.125 213.352 169.162 183.7 168.495 143.709 232.173 248.654 232.416 211.204 166.08 180.893 166.189 139.76 
235.526 253.335 236.109 213.359 169.184 183.713 168.52 143.736 232.17 248.648 232.413 211.233 166.125 180.912 166.234 139.767 
234.653 252.535 235.236 212.309 169.282 183.775 168.617 143.623 231.212 247.648 231.457 210.134 166.1 180.895 166.21 139.7 
235.84 253.584 236.424 213.587 169.132 183.649 168.467 143.613 232.481 248.974 232.725 211.439 166.13 180.868 166.241 139.664 
237.291 255.021 237.877 214.916 169.115 183.594 168.45 143.537 233.993 250.607 234.236 213.07 166.111 180.876 166.221 139.726 
239.031 256.929 239.615 216.657 169.068 183.527 168.405 143.328 235.761 252.477 236.002 214.92 166.04 180.858 166.149 139.739 
241.135 258.914 241.719 218.744 168.933 183.366 168.27 143.23 237.888 254.449 238.13 216.997 166.013 180.806 166.122 139.703 
243.469 261.219 244.054 221.191 168.656 183.184 167.991 143.171 240.366 256.829 240.61 219.359 166.055 180.779 166.166 139.616 
246.119 263.765 246.703 223.819 168.526 182.965 167.863 143.017 243.082 259.578 243.326 222.002 166.004 180.708 166.116 139.445 
248.901 266.733 249.483 226.607 168.304 182.788 167.64 142.677 245.903 262.433 246.145 224.98 165.904 180.675 166.014 139.591 
251.995 269.863 252.578 229.705 168.066 182.584 167.401 142.457 248.715 265.137 248.958 227.664 165.928 180.632 166.04 139.368 
255.285 273.32 255.868 232.95 167.936 182.388 167.272 142.132 252.291 268.786 252.533 231.364 165.785 180.562 165.895 139.43 
258.574 276.517 259.155 236.32 167.679 182.148 167.016 141.998 255.66 272.067 255.902 234.726 165.763 180.475 165.873 139.354 
262.069 279.999 262.649 239.853 167.459 181.913 166.797 141.789 259.274 275.516 259.518 238.214 165.705 180.411 165.817 139.189 
265.612 283.641 266.193 243.439 167.169 181.653 166.506 141.522 262.896 279.066 263.141 241.859 165.642 180.332 165.754 139.123 
269.335 287.378 269.914 247.09 166.923 181.411 166.26 141.302 266.07 282.483 266.312 245.188 165.502 180.279 165.611 139.232 
272.969 291.109 273.549 250.66 166.737 181.195 166.075 140.916 269.748 286.116 269.99 248.869 165.485 180.211 165.595 139.165 
276.526 294.58 277.106 254.311 166.394 180.892 165.73 140.661 273.367 289.668 273.611 252.371 165.37 180.117 165.481 138.973 
280.039 298.252 280.618 257.9 166.157 180.648 165.493 140.495 276.915 293.192 277.158 256.005 165.401 180.107 165.513 138.89 
283.527 301.59 284.107 261.372 165.921 180.422 165.258 140.252 280.366 296.641 280.609 259.534 165.336 180.014 165.447 138.913 
286.879 305.217 287.458 264.655 165.762 180.221 165.101 139.824 283.81 300.114 284.053 262.917 165.265 179.985 165.375 138.88 
289.662 308.102 290.237 267.631 165.482 179.994 164.817 139.833 286.936 303.169 287.178 266.057 165.2 179.903 165.311 138.735 
292.803 310.941 293.385 270.572 165.312 179.762 164.65 139.41 289.694 305.778 289.938 268.767 165.16 179.846 165.27 138.852 
295.589 313.799 296.167 273.515 165.041 179.566 164.377 139.476 292.451 308.777 292.693 271.72 165.086 179.83 165.196 138.729 
298.195 316.235 298.776 276.119 164.862 179.357 164.199 139.195 295.165 311.357 295.409 274.225 165.144 179.784 165.257 138.546 
300.344 318.394 300.924 278.216 164.799 179.219 164.138 138.958 297.322 313.334 297.566 276.396 165.045 179.713 165.156 138.63 
302.164 320.336 302.743 280.156 164.623 179.096 163.96 138.959 299.394 315.413 299.639 278.391 165.046 179.706 165.157 138.539 
304.024 322.066 304.603 282.012 164.467 178.949 163.803 138.887 301.111 317.185 301.354 280.251 165 179.671 165.11 138.608 
305.517 323.586 306.098 283.514 164.276 178.804 163.611 138.751 302.408 318.52 302.649 281.685 164.902 179.619 165.011 138.636 
306.736 324.856 307.317 284.602 164.326 178.766 163.665 138.483 303.639 319.732 303.882 282.802 164.992 179.634 165.104 138.475 
307.591 325.585 308.17 285.654 164.146 178.665 163.481 138.726 304.503 320.626 304.744 283.797 164.888 179.576 164.997 138.645 
308.206 326.046 308.788 286.159 164.163 178.608 163.501 138.514 305.122 321.206 305.365 284.26 164.939 179.597 165.05 138.521 
308.436 326.386 309.019 286.329 164.131 178.595 163.468 138.396 305.34 321.504 305.583 284.456 164.953 179.62 165.064 138.518 
308.485 326.471 309.067 286.359 164.148 178.597 163.485 138.407 305.344 321.458 305.588 284.465 164.876 179.574 164.987 138.471 
308.413 326.314 308.995 286.3 164.127 178.541 163.466 138.319 305.327 321.369 305.57 284.395 164.856 179.523 164.967 138.393 
308.42 326.303 309.003 286.307 164.122 178.534 163.459 138.37 305.239 321.237 305.483 284.339 164.876 179.499 164.988 138.395 
307.876 325.83 308.458 285.922 164.075 178.583 163.411 138.565 304.787 320.918 305.029 284.044 164.797 179.541 164.906 138.533 
307.355 325.26 307.939 285.28 164.229 178.652 163.566 138.482 304.115 320.155 304.357 283.446 164.82 179.524 164.928 138.645 
306.369 324.348 306.951 284.327 164.28 178.726 163.619 138.571 303.271 319.302 303.515 282.405 164.995 179.632 165.106 138.504 
304.79 322.886 305.37 282.727 164.431 178.896 163.77 138.605 301.616 317.769 301.858 280.906 164.916 179.626 165.026 138.615 
303.148 321.216 303.73 281.083 164.563 179.001 163.902 138.732 299.684 315.746 299.926 278.925 165.03 179.663 165.141 138.588 
300.558 318.61 301.141 278.5 164.728 179.2 164.066 138.891 297.377 313.436 297.62 276.532 165.046 179.708 165.157 138.566 
297.84 315.95 298.42 275.913 164.913 179.392 164.25 139.273 294.564 310.839 294.805 273.915 165.06 179.758 165.171 138.689 
295.119 313.068 295.701 273.046 165.095 179.547 164.434 139.387 291.8 307.98 292.042 271.07 165.115 179.807 165.226 138.735 
292.405 310.484 292.985 270.312 165.292 179.744 164.631 139.52 289.176 305.234 289.419 268.306 165.181 179.854 165.292 138.752 
289.546 307.724 290.126 267.444 165.561 179.988 164.898 139.77 286.136 302.525 286.376 265.487 165.122 179.915 165.23 138.916 
286.437 304.533 287.018 264.339 165.766 180.192 165.104 139.969 282.771 298.983 283.014 261.954 165.259 179.972 165.37 138.8 
282.963 301.02 283.543 260.768 166.019 180.466 165.357 140.149 279.622 295.821 279.864 258.786 165.334 180.023 165.445 138.878 
279.341 297.552 279.922 257.254 166.218 180.711 165.554 140.485 275.938 292.238 276.18 255.191 165.332 180.081 165.442 138.994 
276.045 294.245 276.626 253.975 166.393 180.912 165.729 140.731 272.279 288.646 272.52 251.553 165.363 180.153 165.472 139.137 
272.415 290.469 272.996 250.228 166.788 181.2 166.128 140.896 268.635 284.91 268.878 247.791 165.511 180.207 165.622 139.049 
268.679 286.718 269.26 246.512 166.967 181.437 166.305 141.196 265.331 281.522 265.575 244.402 165.523 180.255 165.634 139.062 
265.49 283.434 266.072 243.446 167.108 181.619 166.443 141.589 262.091 278.342 262.333 241.316 165.548 180.317 165.657 139.27 
262.384 280.232 262.968 240.224 167.334 181.848 166.67 141.653 259.024 275.241 259.268 238.077 165.742 180.396 165.854 139.206 
259.381 277.369 259.963 237.261 167.585 182.056 166.922 141.942 255.635 271.947 255.877 234.817 165.654 180.471 165.761 139.505 
256.023 273.955 256.605 233.882 167.86 182.337 167.196 142.245 252.352 268.678 252.595 231.444 165.784 180.571 165.894 139.396 
252.976 270.942 253.559 230.743 168.026 182.518 167.363 142.351 249.486 266.037 249.727 228.694 165.772 180.593 165.881 139.451 
250.403 268.233 250.988 228.173 168.225 182.681 167.562 142.503 247.076 263.32 247.322 225.942 166.042 180.643 166.155 139.328 
247.886 265.652 248.469 225.707 168.36 182.842 167.696 142.788 244.168 260.744 244.41 223.309 165.952 180.707 166.063 139.572 
245.473 263.2 246.058 223.316 168.479 183.002 167.814 142.953 242.078 258.502 242.32 221.174 165.949 180.737 166.058 139.582 
243.261 260.963 243.846 221.001 168.707 183.183 168.043 143.052 239.396 255.989 239.638 218.535 166.004 180.779 166.114 139.65 
241.282 259.151 241.867 219.09 168.826 183.351 168.161 143.3 237.771 254.386 238.013 216.959 165.949 180.808 166.057 139.716 
239.636 257.564 240.219 217.498 168.899 183.448 168.234 143.378 236.252 252.779 236.496 215.293 166.056 180.82 166.167 139.62 
238.446 256.251 239.03 216.174 169.06 183.511 168.397 143.352 235.123 251.474 235.368 214.006 166.183 180.853 166.295 139.552 
237.412 255.259 237.995 215.263 169.022 183.575 168.356 143.614 233.878 250.477 234.12 213.022 166.094 180.868 166.204 139.736 
236.49 254.41 237.073 214.207 169.184 183.65 168.522 143.435 233.085 249.635 233.328 212.048 166.108 180.884 166.22 139.576 
235.965 253.717 236.551 213.705 169.187 183.681 168.522 143.629 232.584 248.941 232.829 211.508 166.171 180.865 166.283 139.634 
235.635 253.549 236.218 213.466 169.128 183.687 168.463 143.651 232.266 248.85 232.51 211.285 166.222 180.931 166.334 139.64 
235.535 253.373 236.12 213.344 169.212 183.709 168.547 143.687 232.147 248.646 232.39 211.206 166.126 180.89 166.237 139.742 
235.534 253.439 236.12 213.311 169.233 183.71 168.567 143.627 232.116 248.609 232.359 211.188 166.107 180.9 166.216 139.818 
235.49 253.442 236.074 213.331 169.212 183.735 168.547 143.667 232.131 248.583 232.374 211.196 166.154 180.933 166.264 139.74 
234.774 252.707 235.356 212.433 169.321 183.782 168.659 143.585 231.324 247.951 231.567 210.333 166.142 180.924 166.252 139.794 
235.917 253.757 236.5 213.686 169.161 183.653 168.497 143.626 232.831 249.235 233.077 211.616 166.23 180.903 166.343 139.531 
237.557 255.289 238.142 215.303 168.994 183.533 168.327 143.592 234.166 250.706 234.409 213.192 166.108 180.852 166.218 139.729 
238.937 256.793 239.52 216.591 169.013 183.493 168.349 143.369 235.53 252.106 235.773 214.552 166.061 180.85 166.17 139.766 
240.804 258.658 241.386 218.468 168.89 183.353 168.227 143.22 237.62 254.27 237.862 216.692 166.024 180.832 166.133 139.675 
243.21 260.897 243.794 220.8 168.773 183.193 168.111 143.075 239.744 256.381 239.986 218.806 165.98 180.776 166.091 139.556 
245.483 263.191 246.068 223.174 168.592 183.009 167.928 142.977 242.359 258.908 242.602 221.38 165.949 180.738 166.06 139.508 
248.263 265.922 248.847 225.969 168.361 182.827 167.697 142.819 244.956 261.368 245.2 223.867 166.014 180.705 166.127 139.375 
250.862 268.81 251.444 228.576 168.138 182.66 167.473 142.545 247.599 264.092 247.841 226.619 165.951 180.655 166.062 139.518 
253.885 271.974 254.463 231.758 167.927 182.443 167.264 142.419 250.713 267.036 250.957 229.74 165.901 180.59 166.014 139.285 
257.309 275.295 257.89 235.061 167.773 182.234 167.109 142.14 253.978 270.443 254.22 233.158 165.662 180.512 165.77 139.46 
260.449 278.286 261.031 238.157 167.53 182.011 166.867 141.895 257.53 273.894 257.772 236.607 165.659 180.431 165.768 139.343 
264.002 281.866 264.583 241.796 167.254 181.75 166.591 141.693 260.844 277.019 261.088 239.811 165.771 180.378 165.884 139.159 
266.883 284.857 267.464 244.572 167.126 181.574 166.464 141.318 263.619 279.914 263.862 242.73 165.554 180.313 165.663 139.287 
270.485 288.545 271.064 248.256 166.871 181.321 166.208 141.118 267.335 283.571 267.579 246.295 165.52 180.25 165.63 139.101 
274.094 292.239 274.672 251.933 166.611 181.083 165.948 140.941 270.995 287.23 271.24 249.973 165.552 180.196 165.664 138.987 
277.327 295.482 277.906 255.119 166.347 180.844 165.683 140.665 274.458 290.778 274.7 253.646 165.355 180.093 165.465 139.026 
280.775 298.909 281.355 258.572 166.111 180.597 165.449 140.339 277.718 293.932 277.961 256.736 165.367 180.075 165.477 138.978 
284.219 302.336 284.798 262.133 165.865 180.354 165.203 140.146 281.158 297.368 281.402 260.224 165.272 180.002 165.383 138.852 
287.615 305.929 288.192 265.496 165.65 180.164 164.986 139.958 284.402 300.761 284.642 263.683 165.181 179.94 165.29 138.967 
290.486 308.578 291.066 268.294 165.492 179.914 164.832 139.581 287.65 303.825 287.893 266.764 165.214 179.89 165.325 138.762 
293.491 311.539 294.071 271.392 165.196 179.69 164.531 139.627 290.653 306.867 290.896 269.837 165.154 179.861 165.265 138.746 
296.235 314.303 296.816 274.179 165.039 179.498 164.377 139.307 293.232 309.301 293.476 272.255 165.15 179.813 165.262 138.655 
298.574 316.577 299.155 276.434 164.878 179.33 164.216 139.089 295.537 311.564 295.781 274.562 165.092 179.765 165.203 138.632 
300.9 319.096 301.48 278.72 164.77 179.209 164.11 138.918 297.786 313.889 298.029 276.942 164.992 179.723 165.103 138.641 
302.753 320.782 303.334 280.579 164.589 179.035 163.929 138.769 299.606 315.764 299.849 278.758 165.017 179.7 165.128 138.539 
304.501 322.589 305.081 282.379 164.429 178.919 163.767 138.662 301.478 317.416 301.723 280.483 165.051 179.645 165.163 138.493 
305.763 323.829 306.343 283.769 164.302 178.787 163.638 138.741 302.705 318.797 302.948 281.936 164.947 179.611 165.057 138.568 
306.863 324.869 307.444 284.732 164.304 178.75 163.643 138.509 303.703 319.771 303.945 282.965 164.946 179.584 165.056 138.584 
307.598 325.637 308.178 285.625 164.183 178.676 163.52 138.603 304.465 320.715 304.705 283.796 164.88 179.587 164.99 138.591 
308.172 326.074 308.753 286.118 164.169 178.624 163.507 138.544 305.059 321.206 305.301 284.203 164.971 179.6 165.083 138.449 
308.458 326.413 309.041 286.311 164.221 178.606 163.561 138.36 305.334 321.415 305.578 284.403 164.921 179.567 165.032 138.444 
308.503 326.408 309.086 286.342 164.199 178.607 163.54 138.313 305.362 321.382 305.606 284.468 164.916 179.557 165.028 138.443 
308.427 326.42 309.009 286.298 164.151 178.572 163.49 138.368 305.285 321.363 305.528 284.421 164.887 179.523 164.998 138.427 
308.403 326.308 308.984 286.245 164.2 178.566 163.539 138.311 305.257 321.343 305.501 284.351 164.929 179.565 165.041 138.437 
307.911 325.9 308.491 285.953 164.064 178.577 163.4 138.529 304.814 320.945 305.056 284.032 164.83 179.543 164.94 138.464 
307.317 325.203 307.898 285.352 164.161 178.645 163.498 138.599 304.189 320.27 304.43 283.456 164.825 179.546 164.933 138.658 
306.57 324.682 307.151 284.477 164.293 178.716 163.633 138.468 303.481 319.474 303.724 282.566 164.993 179.607 165.105 138.446 
305.313 323.286 305.895 283.367 164.33 178.811 163.668 138.7 301.959 317.991 302.201 281.277 164.909 179.599 165.019 138.655 
303.429 321.555 304.009 281.502 164.516 179.014 163.852 138.894 300.235 316.413 300.477 279.569 164.929 179.645 165.039 138.655 
301.205 319.211 301.784 279.313 164.632 179.125 163.97 139.073 297.985 314.176 298.226 277.376 164.941 179.679 165.05 138.733 
298.658 316.603 299.242 276.512 164.875 179.33 164.214 139.047 295.454 311.5 295.698 274.532 165.098 179.756 165.21 138.542 
296.011 314.104 296.591 274.009 165.059 179.51 164.397 139.364 292.698 308.971 292.94 271.969 165.086 179.828 165.197 138.66 
293.391 311.514 293.971 271.439 165.167 179.675 164.502 139.58 289.768 306.017 290.01 269.073 165.092 179.836 165.202 138.76 
290.158 308.277 290.739 268.152 165.431 179.899 164.769 139.699 286.922 303.106 287.164 266.144 165.185 179.886 165.296 138.769 
286.852 305.052 287.432 264.769 165.771 180.173 165.111 139.879 283.58 299.765 283.823 262.734 165.292 179.946 165.403 138.818 
283.741 301.755 284.323 261.714 165.887 180.383 165.222 140.334 280.383 296.657 280.624 259.652 165.219 179.994 165.328 138.951 
280.15 298.133 280.732 258.088 166.084 180.592 165.421 140.506 276.79 293.045 277.033 256.005 165.38 180.073 165.492 138.828 
276.853 294.971 277.433 254.714 166.422 180.839 165.76 140.59 273.232 289.416 273.476 252.26 165.453 180.138 165.564 138.943 
273.248 291.43 273.828 251.143 166.656 181.142 165.993 140.996 269.841 286.223 270.083 249.078 165.437 180.186 165.547 139.147 
269.509 287.54 270.088 247.523 166.828 181.36 166.163 141.399 266.159 282.473 266.401 245.384 165.488 180.244 165.598 139.179 
266.294 284.236 266.876 244.148 167.122 181.596 166.46 141.428 262.975 279.179 263.219 242.028 165.649 180.319 165.761 139.13 
263.257 281.321 263.839 241.107 167.33 181.809 166.666 141.662 259.519 275.814 259.763 238.559 165.569 180.349 165.679 139.212 
259.827 277.803 260.41 237.742 167.545 182.055 166.881 141.984 256.13 272.514 256.373 235.287 165.668 180.452 165.777 139.382 
256.527 274.562 257.109 234.313 167.873 182.301 167.212 142.074 253.127 269.512 253.37 232.168 165.831 180.537 165.944 139.203 
253.773 271.743 254.356 231.643 167.971 182.455 167.307 142.375 250.368 266.796 250.61 229.479 165.837 180.574 165.947 139.431 
251.026 269.003 251.608 228.874 168.18 182.617 167.517 142.469 247.622 264.143 247.863 226.78 165.846 180.631 165.956 139.503 
248.412 266.136 248.997 226.134 168.365 182.811 167.702 142.688 244.971 261.398 245.215 223.973 166.005 180.682 166.118 139.358 
246.073 263.665 246.656 223.859 168.491 182.95 167.829 142.918 242.423 258.846 242.666 221.47 166.024 180.753 166.135 139.543 
243.674 261.389 244.259 221.487 168.671 183.157 168.007 143.106 240.202 256.759 240.444 219.319 166.009 180.782 166.12 139.615 
241.441 259.198 242.028 219.125 168.859 183.316 168.194 143.214 237.871 254.461 238.113 217.033 166.037 180.813 166.146 139.674 
239.733 257.557 240.317 217.574 168.94 183.429 168.277 143.363 236.202 252.66 236.446 215.246 166.047 180.82 166.158 139.637 
238.407 256.185 238.993 216.098 169.079 183.527 168.416 143.374 235.074 251.423 235.32 213.894 166.194 180.862 166.307 139.533 
237.229 255.107 237.813 214.943 169.144 183.626 168.48 143.557 233.689 250.4 233.93 212.885 166.051 180.866 166.16 139.783 
236.397 254.169 236.982 214.046 169.211 183.67 168.548 143.504 232.967 249.463 233.211 211.918 166.152 180.888 166.264 139.589 
235.811 253.766 236.393 213.603 169.18 183.72 168.516 143.61 232.475 248.946 232.719 211.445 166.11 180.876 166.221 139.66 
235.626 253.421 236.209 213.407 169.173 183.68 168.508 143.71 232.209 248.791 232.451 211.274 166.12 180.902 166.23 139.723 
235.535 253.281 236.12 213.298 169.195 183.691 168.53 143.686 232.082 248.678 232.324 211.17 166.115 180.892 166.225 139.675 
235.525 253.241 236.11 213.299 169.169 183.704 168.503 143.713 232.026 248.619 232.268 211.187 166.083 180.885 166.193 139.759 
235.309 253.114 235.894 213 169.274 183.759 168.609 143.617 231.787 248.446 232.029 210.887 166.124 180.913 166.234 139.73 
235.252 253.03 235.837 212.812 169.272 183.736 168.606 143.608 231.623 248.36 231.864 210.774 166.099 180.904 166.208 139.824 
236.341 254.3 236.922 214.039 169.208 183.709 168.544 143.59 233.029 249.447 233.274 211.868 166.183 180.899 166.296 139.571 
237.958 255.974 238.539 215.701 169.062 183.576 168.398 143.475 234.737 251.136 234.982 213.551 166.162 180.877 166.274 139.577 
239.678 257.578 240.261 217.424 168.932 183.432 168.268 143.377 236.373 252.814 236.617 215.36 166.078 180.826 166.188 139.687 
241.656 259.416 242.239 219.409 168.777 183.297 168.113 143.339 238.323 254.845 238.566 217.334 166.052 180.791 166.162 139.615 
243.731 261.51 244.313 221.51 168.641 183.17 167.976 143.237 240.464 256.982 240.707 219.452 166.046 180.764 166.157 139.542 
246.446 264.183 247.029 224.103 168.481 182.956 167.817 142.889 243.069 259.63 243.313 222.041 165.975 180.718 166.086 139.477 
249.045 266.846 249.628 226.665 168.319 182.771 167.655 142.672 245.946 262.599 246.188 225.075 165.955 180.699 166.066 139.486 
252.018 269.841 252.601 229.763 168.06 182.582 167.396 142.531 248.82 265.17 249.064 227.728 165.983 180.642 166.096 139.354 
255.234 273.301 255.815 232.985 167.876 182.398 167.211 142.282 251.909 268.482 252.15 231.086 165.767 180.581 165.876 139.504 
257.831 275.83 258.411 235.642 167.666 182.215 167.002 142.211 254.649 271.048 254.892 233.679 165.739 180.494 165.85 139.308 
260.994 279.012 261.574 238.706 167.525 181.983 166.863 141.742 257.737 274.143 257.979 236.892 165.617 180.435 165.726 139.393 
264.559 282.611 265.139 242.347 167.24 181.718 166.577 141.503 261.386 277.69 261.63 240.389 165.654 180.355 165.765 139.114 
267.854 285.798 268.434 245.688 167.039 181.491 166.376 141.385 264.735 280.984 264.978 243.766 165.567 180.286 165.678 139.124 
271.49 289.661 272.068 249.359 166.847 181.302 166.184 141.095 268.25 284.715 268.491 247.462 165.491 180.227 165.6 139.231 
274.374 292.542 274.953 252.222 166.572 181.065 165.909 140.857 271.626 287.888 271.87 250.646 165.499 180.177 165.61 139.042 
278.094 296.051 278.673 255.876 166.383 180.798 165.723 140.585 275.037 291.268 275.281 254.004 165.466 180.129 165.579 138.892 
281.233 299.358 281.813 258.971 166.106 180.593 165.444 140.354 278.003 294.326 278.245 257.201 165.326 180.053 165.435 139.033 
284.281 302.334 284.861 262.119 165.824 180.356 165.161 140.195 281.556 297.76 281.8 260.526 165.325 180.012 165.437 138.847 
287.306 305.507 287.885 265.095 165.705 180.194 165.041 139.943 284.47 300.743 284.712 263.658 165.264 179.968 165.375 138.842 
290.443 308.8 291.022 268.297 165.456 179.953 164.792 139.647 287.343 303.579 287.586 266.384 165.247 179.913 165.359 138.693 
293.082 311.418 293.658 271.015 165.266 179.74 164.604 139.548 289.967 306.286 290.208 269.23 165.06 179.845 165.168 138.88 
295.912 314.099 296.49 273.899 165.019 179.506 164.356 139.461 292.844 308.993 293.087 272.028 165.04 179.777 165.149 138.728 
298.269 316.361 298.849 276.191 164.861 179.36 164.199 139.151 295.515 311.57 295.759 274.547 165.091 179.765 165.203 138.623 
300.657 318.734 301.237 278.47 164.795 179.203 164.135 138.879 297.555 313.694 297.798 276.658 165.07 179.733 165.181 138.613 
302.529 320.63 303.109 280.371 164.637 179.08 163.977 138.757 299.61 315.729 299.853 278.739 164.998 179.696 165.109 138.569 
304.357 322.21 304.939 282.244 164.436 178.894 163.775 138.656 301.256 317.311 301.499 280.373 165.018 179.627 165.13 138.504 
305.779 323.709 306.36 283.782 164.291 178.779 163.627 138.776 302.643 318.839 302.885 281.929 164.926 179.623 165.037 138.489 
306.883 325 307.464 284.665 164.338 178.789 163.677 138.367 303.702 319.639 303.945 282.81 164.979 179.583 165.091 138.462 
307.514 325.662 308.094 285.541 164.201 178.679 163.539 138.545 304.442 320.519 304.684 283.704 164.861 179.562 164.97 138.652 
308.16 325.974 308.741 286.136 164.184 178.607 163.523 138.563 305.11 321.193 305.354 284.221 164.93 179.612 165.041 138.475 
308.411 326.255 308.993 286.301 164.189 178.585 163.528 138.391 305.318 321.283 305.562 284.393 164.957 179.541 165.07 138.446 
308.413 326.368 308.996 286.307 164.186 178.601 163.524 138.351 305.288 321.332 305.531 284.431 164.89 179.546 165.001 138.512 
308.348 326.224 308.93 286.262 164.123 178.563 163.461 138.372 305.283 321.262 305.527 284.366 164.871 179.53 164.983 138.424 
308.361 326.26 308.943 286.284 164.082 178.554 163.42 138.397 305.279 321.293 305.522 284.387 164.818 179.517 164.929 138.437 
308.082 325.726 308.665 286.057 164.085 178.528 163.423 138.52 304.954 321.117 305.196 284.128 164.896 179.535 165.008 138.401 
307.529 325.488 308.109 285.522 164.166 178.632 163.503 138.606 304.327 320.618 304.568 283.665 164.837 179.583 164.946 138.525 
306.672 324.673 307.256 284.584 164.293 178.707 163.631 138.478 303.531 319.512 303.773 282.714 164.918 179.58 165.029 138.49 
305.438 323.327 306.021 283.379 164.327 178.822 163.664 138.639 302.364 318.427 302.605 281.728 164.834 179.576 164.942 138.713 
303.904 321.758 304.485 281.948 164.407 178.911 163.743 138.895 300.533 316.623 300.775 279.806 164.948 179.631 165.058 138.57 
301.61 319.636 302.19 279.645 164.653 179.054 163.991 138.999 298.376 314.571 298.616 277.732 164.918 179.675 165.027 138.712 
299.44 317.458 300.019 277.518 164.726 179.259 164.063 139.223 295.964 312.033 296.205 275.272 164.991 179.706 165.1 138.737 
296.606 314.551 297.188 274.489 164.961 179.422 164.3 139.175 293.438 309.441 293.682 272.519 165.151 179.791 165.263 138.621 
293.504 311.559 294.085 271.546 165.138 179.657 164.473 139.566 290.149 306.467 290.388 269.579 165.047 179.831 165.155 138.889 
290.36 308.582 290.94 268.281 165.481 179.933 164.819 139.615 287.16 303.354 287.403 266.291 165.237 179.894 165.349 138.719 
287.03 305.033 287.613 264.84 165.765 180.167 165.105 139.853 283.666 299.921 283.909 262.872 165.244 179.945 165.355 138.807 
283.809 301.802 284.39 261.835 165.835 180.363 165.171 140.341 280.497 296.784 280.738 259.806 165.299 179.998 165.41 138.846 
280.706 298.612 281.287 258.567 166.138 180.565 165.477 140.332 277.431 293.692 277.674 256.528 165.361 180.068 165.471 138.962 
277.515 295.551 278.096 255.389 166.357 180.815 165.694 140.651 273.727 289.986 273.968 253.037 165.285 180.067 165.393 139.163 
273.842 291.962 274.422 251.795 166.539 181.063 165.875 140.96 270.473 286.73 270.715 249.705 165.474 180.177 165.585 139.048 
270.276 288.283 270.858 248.17 166.822 181.308 166.159 141.13 266.982 283.108 267.226 246.026 165.566 180.208 165.678 139.028 
266.972 284.978 267.556 244.759 167.039 181.538 166.376 141.326 263.612 279.865 263.855 242.746 165.54 180.282 165.65 139.157 
263.849 281.666 264.432 241.756 167.223 181.718 166.561 141.729 260.436 276.793 260.678 239.629 165.658 180.358 165.77 139.204 
260.673 278.577 261.256 238.481 167.441 181.943 166.779 141.779 257.054 273.271 257.298 236.077 165.752 180.429 165.863 139.241 
257.437 275.331 258.02 235.292 167.69 182.211 167.025 142.084 253.989 270.389 254.231 233.206 165.681 180.486 165.79 139.408 
254.324 272.296 254.906 232.115 167.953 182.438 167.29 142.263 250.955 267.231 251.199 230.011 165.848 180.55 165.959 139.379 
251.633 269.513 252.216 229.456 168.083 182.584 167.418 142.549 248.144 264.728 248.385 227.336 165.817 180.62 165.927 139.461 
249.115 266.903 249.699 226.839 168.289 182.758 167.626 142.659 245.622 262.094 245.863 224.832 165.823 180.641 165.931 139.649 
246.701 264.479 247.285 224.496 168.447 182.891 167.784 142.776 243.154 259.573 243.398 222.085 165.953 180.707 166.064 139.404 
244.419 262.091 245.002 222.152 168.6 183.089 167.937 143.015 241.054 257.396 241.299 220.01 166.024 180.734 166.136 139.49 
242.15 259.825 242.735 219.905 168.715 183.241 168.051 143.144 238.774 255.24 239.018 217.714 166.092 180.776 166.204 139.468 
240.5 258.351 241.084 218.183 168.964 183.382 168.303 143.129 237.091 253.578 237.334 216.074 166.084 180.803 166.195 139.552 
239.092 256.933 239.674 216.805 169.005 183.454 168.342 143.422 235.548 252.215 235.789 214.759 166.026 180.823 166.135 139.719 
237.837 255.673 238.421 215.642 168.991 183.545 168.325 143.52 234.394 250.755 234.638 213.383 166.078 180.843 166.188 139.687 
236.692 254.616 237.275 214.441 169.141 183.644 168.477 143.477 233.253 249.651 233.496 212.237 166.091 180.852 166.202 139.654 
236.097 253.838 236.681 213.803 169.168 183.659 168.504 143.611 232.71 249.094 232.955 211.634 166.187 180.875 166.3 139.542 
235.705 253.57 236.289 213.5 169.179 183.683 168.514 143.628 232.339 248.852 232.583 211.345 166.19 180.891 166.301 139.688 
235.579 253.385 236.163 213.38 169.139 183.669 168.474 143.683 232.221 248.724 232.464 211.244 166.118 180.897 166.228 139.686 
235.53 253.346 236.115 213.328 169.112 183.696 168.445 143.732 232.146 248.723 232.389 211.201 166.143 180.914 166.253 139.705 
235.557 253.394 236.141 213.348 169.168 183.708 168.502 143.676 232.15 248.71 232.392 211.217 166.12 180.914 166.229 139.732 
234.866 252.652 235.449 212.509 169.282 183.728 168.62 143.662 231.356 247.839 231.599 210.351 166.12 180.883 166.23 139.698 
235.549 253.389 236.132 213.326 169.113 183.658 168.448 143.671 232.219 248.71 232.463 211.212 166.145 180.874 166.257 139.635 
237.062 254.99 237.645 214.671 169.168 183.619 168.506 143.407 233.612 250.249 233.854 212.651 166.115 180.875 166.226 139.701 
238.558 256.472 239.141 216.247 169.056 183.519 168.393 143.342 235.174 251.712 235.417 214.178 166.086 180.853 166.197 139.67 
240.406 258.24 240.988 218.054 168.934 183.423 168.271 143.256 237.053 253.438 237.297 215.97 166.104 180.815 166.216 139.566 
242.652 260.484 243.234 220.32 168.813 183.232 168.151 143.082 239.287 255.869 239.53 218.247 166.042 180.785 166.153 139.54 
245.225 262.681 245.812 222.792 168.605 183.022 167.942 142.978 241.511 258.079 241.754 220.541 166.001 180.749 166.112 139.576 
247.385 265.093 247.967 225.092 168.362 182.874 167.697 142.929 244.042 260.544 244.284 223.141 165.898 180.704 166.007 139.613 
250.33 268.23 250.912 228.079 168.195 182.677 167.531 142.592 247.087 263.536 247.331 226.028 165.929 180.641 166.04 139.359 
253.189 271.102 253.771 230.872 168.071 182.517 167.408 142.369 249.825 266.344 250.067 229.034 165.779 180.589 165.888 139.518 
256.13 274.155 256.712 233.869 167.832 182.333 167.168 142.244 253.223 269.64 253.466 232.205 165.733 180.518 165.843 139.321 
259.183 277.124 259.762 236.891 167.625 182.09 166.962 141.999 255.874 272.338 256.116 235.054 165.682 180.488 165.791 139.389 
262.721 280.742 263.301 240.426 167.415 181.843 166.754 141.608 259.459 275.938 259.702 238.485 165.672 180.415 165.784 139.133 
265.943 283.769 266.525 243.751 167.096 181.598 166.433 141.566 262.822 278.964 263.066 241.817 165.644 180.318 165.755 139.137 
269.553 287.692 270.131 247.332 166.876 181.365 166.213 141.252 266.378 282.68 266.621 245.511 165.533 180.266 165.643 139.18 
272.796 290.993 273.374 250.567 166.705 181.179 166.043 140.938 269.697 285.888 269.941 248.692 165.563 180.207 165.675 139.005 
276.409 294.515 276.991 254.218 166.38 180.863 165.717 140.626 273.319 289.554 273.563 252.291 165.513 180.142 165.625 138.969 
279.639 297.676 280.219 257.492 166.154 180.652 165.49 140.57 276.442 292.741 276.684 255.628 165.338 180.074 165.447 139.031 
283.169 301.199 283.75 260.894 165.981 180.436 165.319 140.153 279.912 296.241 280.153 259.15 165.334 180.04 165.444 138.984 
286.224 304.299 286.803 264.047 165.772 180.241 165.109 140.073 283.102 299.305 283.346 262.154 165.3 179.975 165.412 138.735 
289.141 307.491 289.719 266.93 165.571 180.067 164.909 139.775 285.929 302.211 286.171 265.196 165.147 179.896 165.256 138.913 
291.851 310.203 292.428 269.776 165.288 179.825 164.624 139.639 289.103 305.311 289.346 268.221 165.2 179.879 165.312 138.731 
294.845 312.874 295.426 272.59 165.171 179.619 164.511 139.328 291.725 307.882 291.968 270.8 165.145 179.807 165.256 138.654 
296.96 315.093 297.539 274.787 165.021 179.465 164.359 139.216 294.059 310.341 294.301 273.345 165.043 179.786 165.152 138.792 
299.385 317.402 299.963 277.377 164.763 179.22 164.1 139.244 296.308 312.516 296.55 275.562 164.95 179.738 165.058 138.78 
301.448 319.482 302.028 279.377 164.656 179.137 163.992 139.042 298.52 314.741 298.761 277.79 164.978 179.699 165.088 138.632 
303.362 321.462 303.941 281.299 164.468 178.973 163.805 138.843 300.215 316.374 300.457 279.493 164.878 179.65 164.986 138.775 
305.088 323.155 305.669 282.915 164.413 178.847 163.752 138.616 301.871 317.983 302.112 281.173 164.893 179.602 165.001 138.728 
306.206 324.277 306.786 284.174 164.218 178.747 163.556 138.595 303.379 319.432 303.623 282.439 165.004 179.643 165.115 138.536 
307.281 325.271 307.862 285.257 164.206 178.687 163.542 138.583 304.114 320.344 304.356 283.408 164.853 179.589 164.963 138.547 
307.883 325.793 308.462 285.939 164.114 178.621 163.45 138.654 304.84 320.828 305.083 284.036 164.925 179.586 165.036 138.532 
308.323 326.23 308.905 286.236 164.149 178.601 163.487 138.492 305.243 321.185 305.487 284.325 164.923 179.58 165.035 138.436 
308.403 326.416 308.985 286.289 164.141 178.598 163.479 138.314 305.296 321.328 305.54 284.405 164.9 179.551 165.012 138.397 
308.395 326.084 308.979 286.277 164.104 178.516 163.443 138.412 305.277 321.314 305.521 284.373 164.951 179.541 165.063 138.414 
308.331 326.276 308.914 286.236 164.103 178.541 163.441 138.35 305.264 321.322 305.508 284.362 164.864 179.518 164.975 138.446 
308.166 326.162 308.746 286.148 164.133 178.572 163.471 138.442 305.056 321.114 305.299 284.215 164.862 179.513 164.973 138.444 
307.685 325.471 308.268 285.659 164.154 178.579 163.492 138.522 304.513 320.642 304.755 283.848 164.827 179.538 164.936 138.582 
307.166 325.202 307.747 285.06 164.275 178.684 163.614 138.432 303.958 320.041 304.2 283.278 164.855 179.536 164.964 138.608 
306.148 324.186 306.729 284.163 164.251 178.759 163.588 138.572 303.088 319.192 303.331 282.258 164.996 179.628 165.108 138.491 
304.687 322.59 305.27 282.585 164.388 178.813 163.727 138.638 301.491 317.559 301.734 280.686 164.948 179.619 165.06 138.507 
302.79 320.83 303.37 280.612 164.621 179.012 163.961 138.694 299.597 315.58 299.84 278.719 165.041 179.668 165.153 138.545 
300.682 318.616 301.265 278.535 164.744 179.157 164.082 138.858 297.196 313.216 297.44 276.342 165 179.709 165.111 138.577 
298.003 316.048 298.583 276.108 164.83 179.344 164.167 139.22 294.577 310.733 294.819 273.91 165.007 179.756 165.117 138.721 
295.038 313.035 295.619 273.002 165.109 179.558 164.448 139.324 291.588 307.683 291.831 270.751 165.137 179.813 165.249 138.605 
292.1 310.259 292.68 270.102 165.221 179.761 164.557 139.631 288.916 305.011 289.16 268.064 165.204 179.868 165.316 138.662 
288.841 306.992 289.423 266.643 165.626 180.055 164.964 139.664 285.535 301.729 285.778 264.669 165.231 179.92 165.342 138.808 
285.291 303.254 285.872 263.231 165.779 180.273 165.115 140.196 281.921 298.208 282.162 261.249 165.185 179.953 165.293 138.992 
282.551 300.536 283.131 260.38 166.014 180.463 165.353 140.195 279.3 295.393 279.544 258.349 165.393 180.031 165.505 138.876 
279.261 297.43 279.841 257.224 166.14 180.656 165.476 140.467 275.534 291.77 275.776 254.762 165.375 180.067 165.486 138.997 
275.61 293.749 276.189 253.58 166.433 180.921 165.771 140.807 271.86 288.194 272.101 251.123 165.43 180.144 165.54 139.064 
271.933 289.913 272.513 249.883 166.722 181.212 166.059 141.123 268.646 284.874 268.888 247.795 165.529 180.213 165.639 139.111 
268.696 286.685 269.279 246.508 166.968 181.407 166.306 141.183 265.325 281.596 265.568 244.41 165.605 180.287 165.717 139.075 
265.5 283.551 266.082 243.392 167.134 181.625 166.47 141.511 262.066 278.402 262.308 241.321 165.518 180.313 165.627 139.259 
262.263 280.124 262.846 240.081 167.351 181.829 166.688 141.686 258.855 275.128 259.098 237.947 165.709 180.395 165.821 139.17 
259.356 277.288 259.938 237.25 167.544 182.034 166.88 142.08 255.502 271.997 255.743 234.723 165.651 180.454 165.759 139.419 
256.04 273.949 256.623 233.879 167.815 182.325 167.151 142.231 252.357 268.798 252.599 231.464 165.771 180.515 165.881 139.351 
252.976 270.921 253.561 230.712 168.036 182.504 167.373 142.271 249.519 265.966 249.762 228.62 165.794 180.54 165.904 139.439 
250.359 268.186 250.942 228.137 168.218 182.665 167.555 142.537 246.681 262.991 246.925 225.664 165.964 180.655 166.077 139.344 
247.593 265.355 248.177 225.421 168.344 182.83 167.68 142.782 244.157 260.644 244.399 223.276 165.924 180.689 166.035 139.516 
245.394 263.097 245.978 223.25 168.452 182.988 167.787 143.046 241.931 258.484 242.173 221.134 165.891 180.746 165.999 139.69 
243.188 260.914 243.772 221.009 168.727 183.174 168.064 143.151 239.439 256.083 239.681 218.588 165.954 180.758 166.064 139.601 
241.445 259.324 242.028 219.276 168.803 183.305 168.139 143.254 238.043 254.533 238.286 217.121 165.987 180.788 166.097 139.627 
239.786 257.598 240.37 217.592 168.854 183.394 168.19 143.393 236.451 252.824 236.696 215.419 166.091 180.81 166.203 139.531 
238.5 256.36 239.083 216.276 168.993 183.502 168.33 143.388 235.151 251.56 235.395 214.142 166.062 180.831 166.172 139.638 
237.347 255.172 237.931 215.118 169.102 183.563 168.439 143.462 233.91 250.465 234.152 213.035 166.105 180.855 166.215 139.706 
236.311 254.072 236.896 214.022 169.141 183.633 168.478 143.546 232.994 249.241 233.239 211.875 166.141 180.868 166.252 139.611 
235.858 253.645 236.441 213.618 169.148 183.667 168.483 143.676 232.488 248.884 232.732 211.485 166.147 180.879 166.258 139.668 
235.6 253.452 236.183 213.432 169.164 183.676 168.499 143.674 232.27 248.758 232.514 211.28 166.161 180.879 166.272 139.641 
235.46 253.283 236.042 213.349 169.152 183.678 168.488 143.749 232.195 248.689 232.439 211.214 166.142 180.894 166.252 139.681 
235.495 253.205 236.079 213.338 169.144 183.686 168.478 143.718 232.192 248.63 232.435 211.2 166.168 180.907 166.279 139.714 
235.162 252.997 235.745 212.856 169.257 183.722 168.593 143.652 231.673 248.258 231.915 210.768 166.093 180.91 166.201 139.839 
235.372 253.154 235.955 213.071 169.201 183.695 168.537 143.666 231.941 248.603 232.183 210.999 166.138 180.906 166.249 139.66 
236.649 254.505 237.233 214.287 169.192 183.635 168.529 143.486 233.346 249.875 233.589 212.366 166.082 180.877 166.192 139.739 
238.341 256.106 238.924 216.016 169.049 183.513 168.386 143.381 234.983 251.406 235.228 213.886 166.121 180.837 166.233 139.575 
240.349 258.144 240.932 218.007 168.936 183.388 168.273 143.289 237.028 253.492 237.272 215.917 166.098 180.819 166.21 139.516 
242.602 260.43 243.184 220.27 168.751 183.25 168.087 143.172 239.239 255.721 239.482 218.175 166.062 180.808 166.174 139.568 
244.874 262.675 245.457 222.494 168.635 183.072 167.971 142.872 241.769 258.362 242.011 220.839 165.964 180.736 166.074 139.577 
247.353 265.206 247.935 225.049 168.387 182.878 167.722 142.864 244.01 260.492 244.252 223.1 165.948 180.713 166.058 139.542 
250.294 268.182 250.876 228.002 168.22 182.675 167.557 142.567 247.079 263.508 247.323 226.008 165.974 180.666 166.086 139.44 
253.473 271.376 254.055 231.213 168.015 182.487 167.35 142.398 250.137 266.684 250.379 229.29 165.807 180.608 165.916 139.507 
256.472 274.528 257.052 234.19 167.835 182.29 167.173 142.077 253.508 269.937 253.751 232.572 165.726 180.498 165.836 139.384 
259.833 277.849 260.414 237.679 167.552 182.023 166.89 141.951 256.706 273.044 256.949 235.706 165.756 180.458 165.868 139.201 
263.453 281.471 264.034 241.266 167.246 181.761 166.582 141.635 260.192 276.605 260.434 239.375 165.59 180.398 165.699 139.415 
266.726 284.737 267.307 244.483 167.069 181.549 166.405 141.386 263.508 279.809 263.751 242.603 165.575 180.327 165.685 139.182 
270.079 288.062 270.659 247.875 166.839 181.338 166.176 141.267 266.995 283.17 267.24 245.94 165.635 180.264 165.747 139.031 
273.257 291.539 273.835 251.083 166.664 181.165 166 140.917 270.111 286.328 270.354 249.262 165.435 180.18 165.545 139.147 
276.875 295.026 277.453 254.635 166.441 180.873 165.78 140.611 273.741 289.918 273.984 252.814 165.391 180.135 165.501 139.063 
280.036 298.155 280.614 257.941 166.093 180.605 165.429 140.518 277.333 293.528 277.577 256.359 165.363 180.038 165.474 138.945 
283.52 301.613 284.099 261.417 165.867 180.393 165.204 140.239 280.379 296.7 280.621 259.554 165.187 179.986 165.295 138.972 
286.586 304.62 287.167 264.389 165.717 180.174 165.055 139.937 283.47 299.771 283.713 262.524 165.314 179.975 165.425 138.813 
289.392 307.611 289.969 267.347 165.491 179.973 164.829 139.906 286.274 302.563 286.515 265.533 165.175 179.906 165.284 138.945 
292.479 310.565 293.058 270.326 165.307 179.748 164.646 139.464 289.402 305.588 289.645 268.473 165.154 179.858 165.265 138.74 
295.099 313.134 295.679 272.907 165.115 179.578 164.453 139.358 292.132 308.514 292.373 271.441 165.024 179.818 165.132 138.805 
297.7 315.597 298.28 275.616 164.903 179.349 164.242 139.333 294.539 310.866 294.78 273.823 165.034 179.766 165.143 138.712 
299.83 317.82 300.41 277.843 164.711 179.21 164.047 139.204 296.847 312.948 297.09 275.977 165.023 179.726 165.133 138.636 
301.817 319.737 302.398 279.794 164.575 179.069 163.911 139.071 298.728 314.955 298.969 277.962 164.988 179.695 165.098 138.573 
303.57 321.432 304.151 281.509 164.415 178.89 163.751 138.933 300.427 316.579 300.669 279.718 164.972 179.655 165.082 138.663 
305.046 323.049 305.626 282.931 164.414 178.851 163.754 138.649 301.999 318.143 302.24 281.308 164.856 179.609 164.965 138.674 
306.371 324.404 306.95 284.272 164.286 178.743 163.625 138.546 303.318 319.245 303.562 282.431 164.981 179.598 165.093 138.504 
307.253 325.231 307.834 285.241 164.202 178.678 163.539 138.563 304.111 320.27 304.352 283.392 164.893 179.576 165.002 138.632 
307.898 325.864 308.478 285.866 164.151 178.592 163.488 138.508 304.767 321.008 305.009 284.02 164.825 179.562 164.936 138.459 
308.296 326.261 308.878 286.251 164.137 178.594 163.476 138.405 305.253 321.209 305.497 284.334 164.939 179.551 165.05 138.471 
308.392 326.254 308.974 286.272 164.129 178.602 163.467 138.414 305.307 321.323 305.55 284.424 164.863 179.56 164.973 138.506 
308.42 326.161 309.004 286.291 164.141 178.535 163.48 138.381 305.289 321.397 305.533 284.387 164.916 179.553 165.028 138.424 
308.361 326.128 308.945 286.255 164.07 178.494 163.408 138.388 305.228 321.203 305.472 284.36 164.872 179.503 164.984 138.432 
308.103 325.876 308.685 286.093 164.073 178.535 163.41 138.479 304.992 321.112 305.235 284.185 164.858 179.511 164.97 138.409 
307.647 325.368 308.23 285.656 164.122 178.581 163.46 138.569 304.403 320.599 304.644 283.778 164.854 179.52 164.963 138.564 
306.895 324.88 307.476 284.795 164.218 178.697 163.557 138.451 303.754 319.744 303.996 282.972 164.967 179.574 165.078 138.529 
305.641 323.648 306.22 283.81 164.242 178.765 163.578 138.796 302.542 318.641 302.783 281.882 164.941 179.603 165.051 138.587 
304.084 322.078 304.665 282.085 164.42 178.87 163.758 138.7 300.951 317.003 301.194 280.139 164.943 179.638 165.054 138.486 
302.172 320.069 302.753 280.175 164.567 179.022 163.904 138.914 298.969 315.097 299.211 278.178 164.975 179.684 165.087 138.494 
299.669 317.58 300.249 277.772 164.703 179.214 164.04 139.227 296.443 312.774 296.683 275.834 165.013 179.751 165.123 138.666 
297.182 314.961 297.764 275.138 164.951 179.379 164.29 139.267 293.938 310.109 294.18 273.215 165.059 179.77 165.169 138.764 
294.466 312.367 295.05 272.384 165.111 179.565 164.449 139.349 290.866 307.11 291.108 270.11 165.145 179.838 165.256 138.664 
291.31 309.432 291.89 269.314 165.337 179.831 164.675 139.644 288.012 304.334 288.253 267.335 165.175 179.898 165.284 138.853 
288.265 306.285 288.846 266.102 165.608 180.036 164.946 139.825 284.969 301.079 285.213 264.099 165.273 179.923 165.386 138.717 
285.165 303.194 285.746 263.032 165.819 180.278 165.157 140.004 281.86 298.112 282.103 261.022 165.251 179.981 165.361 138.845 
281.98 299.911 282.561 259.948 165.981 180.481 165.318 140.346 278.681 294.984 278.923 257.906 165.33 180.042 165.441 138.877 
278.419 296.474 278.999 256.29 166.259 180.707 165.598 140.534 275.12 291.317 275.364 254.217 165.414 180.075 165.526 138.923 
274.732 292.926 275.312 252.581 166.543 180.992 165.881 140.709 271.441 287.609 271.684 250.533 165.417 180.121 165.527 139.025 
271.444 289.562 272.022 249.359 166.779 181.229 166.117 141.09 268.079 284.342 268.321 247.337 165.476 180.209 165.584 139.248 
267.866 285.84 268.447 245.82 166.989 181.461 166.326 141.335 264.523 280.881 264.765 243.71 165.513 180.277 165.623 139.124 
264.403 282.241 264.987 242.219 167.186 181.678 166.522 141.493 261.067 277.211 261.311 240.09 165.638 180.341 165.75 139.16 
261.283 279.25 261.865 239.168 167.359 181.89 166.694 141.828 257.535 273.837 257.778 236.729 165.637 180.415 165.747 139.29 
257.929 275.99 258.508 235.825 167.658 182.156 166.995 142.052 254.581 270.956 254.824 233.687 165.777 180.49 165.888 139.264 
254.805 272.745 255.386 232.558 167.937 182.374 167.276 142.165 251.42 267.728 251.663 230.479 165.799 180.534 165.911 139.341 
252.161 270.026 252.745 229.918 168.063 182.562 167.4 142.43 248.761 265.032 249.005 227.755 165.919 180.58 166.032 139.326 
249.275 266.983 249.858 227.12 168.214 182.697 167.551 142.717 245.806 262.319 246.048 225.012 165.863 180.642 165.973 139.49 
246.691 264.399 247.277 224.402 168.496 182.913 167.833 142.725 243.226 259.595 243.469 222.282 165.919 180.663 166.03 139.546 
244.561 262.292 245.145 222.327 168.556 183.034 167.893 142.957 240.928 257.411 241.171 219.971 166.056 180.745 166.168 139.487 
242.254 260.046 242.836 220.043 168.769 183.245 168.107 143.121 238.91 255.288 239.154 217.879 166.067 180.752 166.179 139.476 
240.53 258.439 241.112 218.295 168.91 183.351 168.248 143.188 237.141 253.524 237.384 216.156 166.034 180.784 166.144 139.614 
239.212 256.985 239.795 216.924 168.959 183.447 168.295 143.399 235.535 252.136 235.776 214.716 166.009 180.83 166.117 139.75 
237.862 255.682 238.444 215.677 169.026 183.534 168.363 143.472 234.465 250.873 234.709 213.467 166.16 180.862 166.272 139.608 
236.668 254.538 237.25 214.379 169.195 183.618 168.533 143.485 233.234 249.557 233.478 212.236 166.067 180.844 166.177 139.702 
236.062 253.844 236.645 213.77 169.154 183.645 168.491 143.561 232.672 249.13 232.916 211.606 166.163 180.864 166.275 139.543 
235.747 253.616 236.331 213.508 169.142 183.659 168.477 143.646 232.358 248.809 232.601 211.382 166.126 180.862 166.237 139.679 
235.572 253.459 236.154 213.399 169.134 183.662 168.47 143.629 232.217 248.673 232.461 211.243 166.107 180.886 166.217 139.726 
235.512 253.301 236.096 213.331 169.139 183.673 168.474 143.695 232.136 248.719 232.379 211.196 166.122 180.893 166.232 139.717 
235.521 253.317 236.104 213.331 169.12 183.698 168.454 143.666 232.225 248.588 232.469 211.216 166.208 180.902 166.319 139.705 
234.78 252.66 235.362 212.443 169.315 183.721 168.653 143.6 231.248 247.839 231.49 210.273 166.092 180.892 166.202 139.722 
235.558 253.456 236.139 213.339 169.146 183.654 168.482 143.652 232.204 248.713 232.447 211.217 166.064 180.839 166.174 139.686 
236.882 254.85 237.463 214.503 169.177 183.623 168.515 143.417 233.485 249.946 233.728 212.478 166.131 180.877 166.242 139.751 
238.437 256.332 239.019 216.141 169.027 183.51 168.364 143.393 235.242 251.753 235.486 214.17 166.106 180.856 166.218 139.6 
240.462 258.28 241.045 218.135 168.871 183.376 168.208 143.262 237.13 253.601 237.374 216.072 166.07 180.791 166.182 139.591 
242.724 260.521 243.306 220.38 168.753 183.204 168.09 143.088 239.336 255.895 239.579 218.356 165.992 180.777 166.102 139.574 
244.981 262.835 245.562 222.648 168.58 183.031 167.919 142.891 241.897 258.449 242.139 221.015 165.962 180.743 166.072 139.576 
247.715 265.444 248.298 225.518 168.32 182.83 167.656 142.795 244.47 260.935 244.713 223.472 165.978 180.705 166.09 139.474 
250.758 268.601 251.339 228.402 168.176 182.637 167.514 142.484 247.426 263.871 247.668 226.48 165.835 180.62 165.944 139.53 
253.523 271.552 254.104 231.387 167.936 182.462 167.271 142.426 250.283 266.745 250.526 229.4 165.745 180.58 165.853 139.504 
256.937 274.963 257.518 234.611 167.8 182.25 167.139 142.037 253.609 270.136 253.85 232.778 165.684 180.511 165.793 139.415 
260.011 277.955 260.592 237.808 167.503 181.998 166.84 141.914 256.89 273.082 257.134 235.816 165.757 180.433 165.869 139.223 
263.222 281.157 263.803 240.939 167.332 181.792 166.67 141.633 259.973 276.363 260.215 239.132 165.611 180.387 165.721 139.297 
266.466 284.413 267.045 244.224 167.131 181.571 166.47 141.386 263.347 279.544 263.591 242.287 165.631 180.308 165.743 139.138 
270.113 288.171 270.691 247.944 166.849 181.338 166.186 141.196 266.96 283.172 267.204 245.973 165.556 180.228 165.668 139.034 
273.386 291.616 273.963 251.225 166.65 181.13 165.987 141.024 270.203 286.511 270.445 249.365 165.406 180.18 165.515 139.145 
276.619 294.643 277.198 254.383 166.386 180.834 165.725 140.601 273.802 290.108 274.044 252.955 165.367 180.107 165.476 139.144 
280.152 298.187 280.732 258.029 166.103 180.582 165.44 140.443 277.085 293.278 277.328 256.123 165.361 180.064 165.472 138.881 
283.596 301.731 284.173 261.529 165.825 180.373 165.162 140.286 280.499 296.821 280.741 259.697 165.262 179.989 165.372 138.935 
286.762 304.927 287.341 264.527 165.751 180.172 165.09 139.877 283.908 300.154 284.15 263.103 165.209 179.95 165.318 138.975 
289.894 307.829 290.472 267.853 165.36 179.905 164.694 139.99 287.176 303.258 287.42 266.19 165.205 179.878 165.317 138.769 
292.916 311.101 293.494 270.753 165.28 179.712 164.62 139.433 289.803 306.007 290.045 269.013 165.081 179.828 165.19 138.865 
295.719 313.758 296.297 273.696 165.013 179.497 164.351 139.437 292.673 308.928 292.914 271.883 165.102 179.817 165.212 138.741 
298.105 316.111 298.684 276.063 164.862 179.301 164.2 139.247 295.364 311.454 295.608 274.393 165.081 179.752 165.193 138.615 
300.531 318.454 301.114 278.355 164.69 179.153 164.029 138.909 297.408 313.572 297.651 276.529 165.057 179.711 165.169 138.535 
302.391 320.354 302.972 280.25 164.591 178.997 163.932 138.763 299.356 315.292 299.6 278.421 165.041 179.672 165.153 138.553 
304.019 321.935 304.599 281.994 164.437 178.889 163.775 138.753 301.22 317.234 301.464 280.249 164.979 179.641 165.09 138.504 
305.546 323.517 306.126 283.517 164.305 178.777 163.643 138.708 302.427 318.533 302.669 281.706 164.894 179.597 165.003 138.617 
306.695 324.516 307.278 284.539 164.248 178.679 163.587 138.473 303.724 319.73 303.967 282.86 164.948 179.592 165.059 138.525 
307.55 325.49 308.13 285.593 164.064 178.614 163.399 138.666 304.415 320.598 304.656 283.783 164.842 179.582 164.951 138.528 
308.195 325.787 308.778 286.096 164.178 178.586 163.518 138.407 305.119 321.108 305.362 284.234 164.881 179.574 164.991 138.511 
308.381 326.243 308.962 286.323 164.113 178.564 163.45 138.419 305.299 321.352 305.542 284.425 164.91 179.553 165.021 138.423 
308.395 326.325 308.977 286.307 164.094 178.555 163.432 138.378 305.301 321.364 305.544 284.43 164.955 179.574 165.067 138.413 
308.397 326.16 308.98 286.271 164.081 178.491 163.42 138.443 305.232 321.292 305.474 284.379 164.88 179.497 164.991 138.442 
308.296 326.145 308.877 286.209 164.061 178.52 163.399 138.413 305.201 321.16 305.445 284.34 164.87 179.511 164.98 138.521 
307.812 325.614 308.393 285.79 164.075 178.562 163.412 138.544 304.659 320.885 304.9 283.964 164.856 179.552 164.966 138.526 
307.301 325.213 307.882 285.271 164.16 178.618 163.497 138.57 304.119 320.188 304.361 283.407 164.822 179.546 164.931 138.602 
306.482 324.309 307.064 284.366 164.311 178.667 163.651 138.437 303.326 319.287 303.57 282.48 164.983 179.58 165.096 138.46 
305.171 323.049 305.754 283.133 164.39 178.818 163.729 138.553 301.978 317.987 302.22 281.294 164.89 179.578 165 138.659 
303.415 321.267 303.997 281.472 164.398 178.892 163.735 138.938 300.026 316.068 300.268 279.331 164.973 179.621 165.083 138.657 
301.115 318.933 301.699 279.04 164.676 179.121 164.014 138.924 297.831 313.857 298.072 277.167 164.975 179.661 165.085 138.719 
298.739 316.521 299.322 276.64 164.824 179.259 164.163 139.069 295.299 311.34 295.543 274.373 165.123 179.756 165.235 138.551 
295.681 313.821 296.26 273.794 164.964 179.48 164.3 139.433 292.507 308.707 292.749 271.794 165.053 179.787 165.163 138.704 
293.066 311.19 293.648 270.937 165.239 179.699 164.577 139.398 289.493 305.705 289.736 268.669 165.165 179.842 165.276 138.682 
289.755 308.024 290.336 267.766 165.355 179.943 164.688 139.787 286.48 302.77 286.722 265.743 165.177 179.891 165.286 138.857 
286.78 304.756 287.364 264.551 165.668 180.134 165.005 139.804 283.462 299.716 283.705 262.558 165.265 179.952 165.377 138.77 
283.604 301.602 284.187 261.529 165.847 180.346 165.183 140.191 279.961 296.285 280.204 259.187 165.237 179.985 165.347 138.894 
280.045 298.127 280.627 257.988 166.097 180.603 165.433 140.39 276.761 293.003 277.004 255.942 165.371 180.073 165.482 138.887 
276.451 294.543 277.033 254.325 166.402 180.827 165.739 140.605 273.163 289.439 273.406 252.216 165.463 180.115 165.575 138.829 
272.792 291.061 273.372 250.63 166.716 181.149 166.055 140.792 269.486 285.747 269.729 248.562 165.461 180.17 165.572 139.018 
269.534 287.645 270.115 247.485 166.783 181.354 166.117 141.232 265.81 282.121 266.052 245.016 165.465 180.24 165.574 139.152 
266.036 284.025 266.619 243.921 167.033 181.558 166.369 141.42 262.671 278.969 262.914 241.819 165.53 180.294 165.64 139.14 
262.895 280.892 263.478 240.677 167.343 181.786 166.681 141.566 259.487 275.686 259.731 238.599 165.53 180.342 165.64 139.205 
259.736 277.744 260.316 237.623 167.548 182.017 166.885 141.877 256.425 272.755 256.668 235.52 165.753 180.45 165.865 139.219 
256.779 274.789 257.359 234.55 167.788 182.226 167.128 141.972 253.362 269.64 253.604 232.474 165.733 180.47 165.843 139.333 
253.955 271.82 254.535 231.855 167.956 182.415 167.294 142.321 250.257 266.663 250.499 229.408 165.811 180.564 165.921 139.494 
251.334 269.152 251.915 229.236 168.04 182.553 167.375 142.618 247.905 264.317 248.146 227.12 165.801 180.59 165.91 139.557 
248.589 266.296 249.173 226.376 168.274 182.74 167.612 142.65 245.205 261.52 245.448 224.235 165.908 180.636 166.02 139.429 
246.326 263.928 246.911 224.046 168.456 182.912 167.794 142.891 242.71 258.986 242.954 221.652 166.07 180.728 166.183 139.471 
243.905 261.48 244.489 221.734 168.609 183.073 167.947 143.126 240.559 257.003 240.803 219.536 166.041 180.765 166.153 139.439 
242.067 259.759 242.651 219.784 168.729 183.215 168.067 143.167 238.529 254.819 238.773 217.496 166.069 180.764 166.181 139.588 
240.391 258.154 240.974 218.08 168.881 183.362 168.217 143.247 236.974 253.303 237.218 215.93 166.052 180.783 166.164 139.546 
238.887 256.745 239.469 216.628 168.953 183.451 168.291 143.302 235.449 251.927 235.69 214.589 165.993 180.807 166.101 139.826 
237.864 255.463 238.448 215.627 168.986 183.489 168.322 143.554 234.439 250.838 234.683 213.449 166.072 180.837 166.182 139.623 
236.965 254.782 237.547 214.641 169.17 183.578 168.508 143.422 233.31 249.737 233.552 212.388 166.034 180.828 166.143 139.792 
235.979 253.67 236.562 213.705 169.16 183.647 168.498 143.565 232.624 248.978 232.868 211.557 166.186 180.864 166.298 139.631 
235.626 253.448 236.209 213.497 169.116 183.631 168.452 143.671 232.291 248.663 232.535 211.332 166.091 180.862 166.201 139.776 
235.552 253.284 236.135 213.36 169.138 183.647 168.474 143.715 232.158 248.636 232.401 211.241 166.091 180.853 166.201 139.694 
235.48 253.26 236.062 213.342 169.125 183.67 168.461 143.711 232.139 248.641 232.382 211.221 166.106 180.873 166.216 139.75 
235.571 253.349 236.153 213.345 169.18 183.695 168.516 143.673 232.155 248.542 232.398 211.219 166.084 180.873 166.194 139.775 
234.724 252.577 235.304 212.385 169.285 183.746 168.622 143.6 231.305 247.713 231.548 210.282 166.149 180.897 166.259 139.763 
235.887 253.582 236.47 213.553 169.139 183.61 168.475 143.576 232.543 248.87 232.788 211.431 166.162 180.866 166.274 139.612 
237.257 255.159 237.838 214.923 169.146 183.581 168.484 143.457 233.757 250.383 233.998 212.949 166.04 180.86 166.149 139.809 
238.785 256.595 239.365 216.432 168.997 183.481 168.335 143.41 235.585 252.113 235.827 214.64 166.023 180.819 166.132 139.732 
240.829 258.614 241.41 218.461 168.922 183.341 168.261 143.192 237.456 253.927 237.699 216.508 165.963 180.779 166.071 139.775 
242.907 260.703 243.487 220.586 168.693 183.179 168.031 143.114 239.533 256.067 239.775 218.606 165.939 180.756 166.047 139.687 
245.285 262.965 245.867 222.947 168.511 182.981 167.848 142.969 241.885 258.399 242.126 221.033 165.936 180.735 166.044 139.716 
247.738 265.396 248.321 225.508 168.312 182.78 167.649 142.823 244.477 260.912 244.72 223.476 165.923 180.674 166.034 139.515 
250.763 268.568 251.343 228.425 168.163 182.647 167.501 142.518 247.464 263.997 247.707 226.495 165.92 180.626 166.031 139.478 
253.542 271.528 254.121 231.366 167.97 182.453 167.306 142.379 250.297 266.746 250.539 229.399 165.783 180.579 165.893 139.455 
256.575 274.637 257.151 234.37 167.804 182.271 167.143 142.143 253.351 269.615 253.594 232.43 165.741 180.481 165.85 139.458 
259.717 277.661 260.296 237.595 167.505 182.033 166.841 142.049 256.983 273.235 257.227 235.919 165.824 180.439 165.937 139.197 
263.312 281.296 263.892 241.07 167.256 181.773 166.593 141.642 260.089 276.472 260.33 239.229 165.618 180.372 165.727 139.357 
266.837 284.839 267.415 244.621 167.085 181.526 166.423 141.372 263.661 279.91 263.904 242.752 165.522 180.282 165.631 139.249 
270.173 288.17 270.75 247.946 166.826 181.281 166.164 141.161 267.409 283.508 267.653 246.367 165.513 180.192 165.624 139.13 
273.648 291.914 274.223 251.594 166.53 181.07 165.868 140.995 270.59 286.819 270.832 249.735 165.457 180.161 165.567 139.101 
277.353 295.364 277.93 255.139 166.326 180.81 165.664 140.707 274.109 290.311 274.351 253.325 165.342 180.077 165.45 139.162 
280.018 298.124 280.596 257.909 166.126 180.621 165.464 140.449 277.313 293.476 277.556 256.338 165.349 180.024 165.46 138.951 
283.485 301.479 284.063 261.434 165.839 180.391 165.176 140.259 280.305 296.664 280.546 259.568 165.247 179.977 165.357 138.975 
286.578 304.595 287.158 264.346 165.756 180.158 165.096 139.84 283.503 299.678 283.746 262.5 165.307 179.943 165.419 138.779 
289.402 307.575 289.98 267.324 165.404 179.942 164.741 139.801 286.652 302.874 286.893 265.86 165.146 179.883 165.256 138.79 
292.567 310.494 293.147 270.359 165.262 179.687 164.601 139.426 289.426 305.534 289.669 268.515 165.148 179.828 165.259 138.759 
295.385 313.328 295.963 273.318 165.044 179.505 164.382 139.432 292.217 308.401 292.458 271.54 165.033 179.778 165.141 138.9 
297.496 315.384 298.074 275.49 164.872 179.345 164.209 139.37 294.403 310.553 294.644 273.684 165.063 179.747 165.173 138.797 
299.973 317.816 300.552 277.955 164.664 179.149 164.003 139.134 296.923 312.978 297.165 276.105 165.013 179.688 165.124 138.612 
301.862 319.78 302.441 279.862 164.545 179.003 163.882 139.05 299.018 315.12 299.26 278.201 164.979 179.672 165.09 138.58 
303.755 321.534 304.335 281.735 164.368 178.863 163.705 138.866 300.712 316.774 300.955 279.909 164.922 179.613 165.032 138.577 
305.341 323.243 305.92 283.348 164.276 178.766 163.613 138.784 302.253 318.278 302.495 281.533 164.865 179.553 164.973 138.712 
306.529 324.384 307.109 284.431 164.223 178.714 163.562 138.573 303.507 319.462 303.751 282.554 164.939 179.578 165.05 138.438 
307.501 325.278 308.082 285.435 164.151 178.618 163.489 138.626 304.314 320.428 304.555 283.619 164.884 179.549 164.993 138.643 
308.003 325.697 308.583 285.989 164.152 178.568 163.492 138.527 304.967 321.05 305.21 284.167 164.934 179.549 165.046 138.409 
308.29 325.99 308.872 286.259 164.053 178.512 163.392 138.476 305.263 321.186 305.506 284.385 164.883 179.528 164.994 138.446 
308.405 325.99 308.988 286.311 164.11 178.497 163.45 138.46 305.356 321.259 305.6 284.406 164.895 179.517 165.007 138.422 
308.346 325.985 308.928 286.242 164.067 178.502 163.406 138.391 305.21 321.227 305.453 284.344 164.843 179.455 164.955 138.331 
308.28 325.906 308.862 286.26 164.025 178.476 163.364 138.458 305.198 321.225 305.441 284.325 164.803 179.443 164.914 138.402 
307.935 325.585 308.517 285.924 164.074 178.515 163.413 138.503 304.837 320.881 305.079 284.056 164.839 179.493 164.95 138.433 
307.349 324.962 307.93 285.364 164.123 178.577 163.462 138.626 304.152 320.273 304.392 283.532 164.828 179.51 164.937 138.635 
306.558 324.272 307.14 284.489 164.238 178.636 163.579 138.489 303.469 319.377 303.712 282.618 164.87 179.537 164.981 138.484 
305.35 323.045 305.931 283.4 164.229 178.733 163.566 138.74 301.994 318.052 302.236 281.324 164.859 179.569 164.968 138.658 
303.442 321.307 304.022 281.538 164.393 178.882 163.731 138.934 300.224 316.375 300.464 279.623 164.87 179.581 164.98 138.562 
301.194 318.937 301.775 279.131 164.627 179.053 163.967 138.874 297.696 313.68 297.938 277 164.9 179.636 165.009 138.698 
298.628 316.329 299.212 276.467 164.853 179.242 164.194 138.988 295.416 311.391 295.66 274.527 165.004 179.702 165.114 138.599 
296.251 314.015 296.834 274.209 164.959 179.378 164.298 139.225 293.067 309.118 293.31 272.231 165.072 179.738 165.184 138.573 
293.176 311.184 293.754 271.165 165.2 179.648 164.539 139.513 289.908 306.035 290.149 269.25 165.04 179.761 165.148 138.842 
290.321 308.223 290.903 268.243 165.4 179.849 164.739 139.681 287.105 303.256 287.348 266.233 165.263 179.899 165.375 138.698 
286.914 304.909 287.494 264.813 165.67 180.112 165.009 139.884 283.659 299.698 283.901 262.847 165.203 179.876 165.313 138.886 
283.773 301.665 284.352 261.758 165.845 180.317 165.182 140.262 280.101 296.302 280.342 259.41 165.259 179.955 165.369 138.987 
280.228 298.144 280.809 258.141 166.094 180.554 165.433 140.364 276.966 293.094 277.21 256.086 165.361 180.025 165.473 138.863 
276.552 294.442 277.132 254.435 166.333 180.793 165.674 140.617 273.281 289.426 273.525 252.338 165.428 180.087 165.54 138.918 
273.242 291.408 273.819 251.224 166.578 181.083 165.914 141.054 269.58 285.813 269.822 248.714 165.44 180.145 165.551 139.037 
269.567 287.604 270.145 247.544 166.824 181.341 166.161 141.292 265.865 282.188 266.106 245.096 165.441 180.213 165.551 139.122 
266.085 283.804 266.668 243.924 167.067 181.539 166.404 141.45 262.754 278.881 262.998 241.836 165.565 180.261 165.677 139.068 
262.454 280.37 263.034 240.316 167.3 181.798 166.638 141.628 259.145 275.287 259.389 238.169 165.674 180.344 165.785 139.242 
259.074 277.175 259.654 236.936 167.559 182.05 166.896 141.93 255.73 272.02 255.972 234.886 165.64 180.426 165.749 139.346 
255.834 273.754 256.414 233.711 167.768 182.291 167.106 142.263 252.468 268.858 252.711 231.601 165.737 180.478 165.847 139.356 
253.128 271.052 253.709 230.899 167.958 182.467 167.295 142.352 249.584 266.135 249.824 228.872 165.759 180.537 165.868 139.462 
250.223 268.028 250.805 228.034 168.147 182.654 167.485 142.525 246.856 263.299 247.099 225.874 165.922 180.626 166.035 139.312 
248.004 265.682 248.587 225.788 168.335 182.774 167.674 142.699 244.632 261.091 244.876 223.647 165.981 180.667 166.093 139.381 
245.546 263.255 246.129 223.355 168.441 182.924 167.777 142.949 242.08 258.552 242.322 221.236 165.939 180.694 166.049 139.584 
243.319 260.955 243.903 221.122 168.675 183.103 168.014 143.058 239.528 256.152 239.768 218.766 165.89 180.705 165.998 139.676 
241.344 259.01 241.929 219.128 168.772 183.247 168.108 143.205 237.876 254.419 238.117 217.052 165.966 180.75 166.075 139.691 
239.649 257.542 240.234 217.442 168.892 183.392 168.226 143.286 236.214 252.782 236.457 215.276 166.008 180.813 166.118 139.633 
238.346 256.345 238.93 216.122 169.011 183.498 168.347 143.377 234.899 251.35 235.143 213.844 166.121 180.82 166.233 139.511 
237.182 255.101 237.767 214.905 169.069 183.557 168.405 143.433 233.689 250.377 233.931 212.817 166.012 180.829 166.121 139.731 
236.267 254.24 236.85 213.981 169.13 183.636 168.465 143.528 232.917 249.314 233.162 211.81 166.174 180.853 166.287 139.54 
235.795 253.754 236.38 213.575 169.078 183.646 168.411 143.568 232.454 248.938 232.698 211.405 166.136 180.879 166.247 139.601 
235.614 253.568 236.2 213.39 169.107 183.645 168.441 143.584 232.244 248.848 232.488 211.273 166.162 180.897 166.273 139.686 
235.486 253.441 236.071 213.324 169.092 183.652 168.425 143.61 232.172 248.778 232.416 211.211 166.067 180.86 166.177 139.68 
235.456 253.502 236.041 213.32 169.113 183.659 168.446 143.57 232.122 248.728 232.365 211.197 166.084 180.87 166.194 139.635 
235.163 253.045 235.749 212.812 169.237 183.688 168.572 143.542 231.659 248.31 231.901 210.739 166.062 180.871 166.171 139.706 
235.221 253.287 235.803 212.847 169.236 183.69 168.573 143.501 231.913 248.575 232.156 210.987 166.099 180.893 166.21 139.643 
236.597 254.564 237.182 214.229 169.122 183.619 168.457 143.436 233.117 249.75 233.36 212.175 166.073 180.861 166.183 139.675 
238.298 256.238 238.882 215.955 169.012 183.501 168.348 143.38 234.942 251.414 235.187 213.826 166.117 180.82 166.229 139.505 
239.989 257.92 240.57 217.769 168.831 183.355 168.166 143.326 237.006 253.498 237.25 215.899 166.068 180.806 166.18 139.505 
242.331 260.104 242.914 219.978 168.725 183.198 168.062 143.199 239.002 255.446 239.246 217.889 166.041 180.756 166.154 139.438 
244.508 262.281 245.091 222.157 168.617 183.041 167.955 142.889 241.196 257.614 241.44 220.121 165.973 180.718 166.083 139.554 
247.204 264.912 247.786 224.969 168.347 182.83 167.683 142.836 243.579 260.144 243.821 222.682 165.916 180.702 166.026 139.55 
249.606 267.4 250.189 227.388 168.183 182.677 167.519 142.684 246.66 263.074 246.904 225.599 165.992 180.626 166.106 139.295 
252.702 270.775 253.283 230.413 168.034 182.501 167.371 142.271 249.414 265.851 249.656 228.469 165.78 180.572 165.89 139.391 
256.045 273.992 256.626 233.798 167.754 182.273 167.09 142.19 252.855 269.167 253.099 231.818 165.865 180.514 165.978 139.227 
259.078 277.142 259.658 236.817 167.536 182.056 166.873 141.897 255.791 272.352 256.032 234.967 165.696 180.486 165.806 139.28 
262.636 280.552 263.217 240.381 167.341 181.782 166.68 141.62 259.453 275.783 259.696 238.484 165.626 180.373 165.736 139.255 
265.868 283.863 266.446 243.731 167.071 181.579 166.408 141.541 263.145 279.342 263.389 242.136 165.557 180.263 165.668 139.106 
269.558 287.591 270.137 247.422 166.796 181.345 166.132 141.274 266.444 282.733 266.687 245.531 165.508 180.249 165.618 139.128 
273.285 291.574 273.861 251.076 166.639 181.137 165.976 140.904 270.097 286.429 270.339 249.235 165.433 180.161 165.543 139.093 
276.15 294.297 276.729 253.963 166.385 180.867 165.723 140.657 273.065 289.277 273.309 252.046 165.431 180.114 165.542 138.923 
279.374 297.536 279.952 257.195 166.128 180.652 165.465 140.481 276.176 292.549 276.418 255.373 165.291 180.055 165.4 139.05 
282.841 301.011 283.418 260.647 165.956 180.404 165.295 140.187 279.708 296.059 279.951 258.831 165.311 179.999 165.422 138.841 
285.905 303.937 286.484 263.773 165.646 180.194 164.983 140.112 282.858 299.161 283.102 261.919 165.222 179.945 165.333 138.776 
288.799 306.973 289.378 266.661 165.487 179.985 164.825 139.776 285.764 301.947 286.007 264.9 165.133 179.862 165.243 138.803 
291.964 310.187 292.544 269.842 165.274 179.772 164.61 139.579 288.878 305.183 289.121 268.016 165.202 179.882 165.314 138.663 
294.603 312.727 295.185 272.421 165.099 179.576 164.437 139.223 291.513 307.711 291.756 270.605 165.124 179.803 165.236 138.64 
297.311 315.471 297.891 275.235 164.929 179.397 164.265 139.214 294.138 310.456 294.378 273.469 165.042 179.771 165.151 138.778 
299.733 317.886 300.312 277.679 164.738 179.232 164.074 139.086 296.718 312.843 296.961 275.872 165.002 179.721 165.113 138.57 
301.777 319.672 302.359 279.634 164.615 179.029 163.952 138.887 298.619 314.815 298.861 277.901 164.953 179.661 165.063 138.638 
303.695 321.712 304.276 281.644 164.395 178.895 163.73 138.846 300.562 316.722 300.804 279.832 164.912 179.624 165.021 138.587 
305.206 323.156 305.788 283.009 164.367 178.796 163.705 138.527 302.134 318.266 302.375 281.44 164.864 179.611 164.972 138.68 
306.46 324.558 307.042 284.359 164.209 178.703 163.546 138.462 303.504 319.629 303.747 282.604 164.94 179.603 165.052 138.447 
307.396 325.44 307.976 285.4 164.153 178.656 163.488 138.572 304.245 320.515 304.487 283.523 164.812 179.537 164.921 138.528 
307.94 325.802 308.521 285.91 164.101 178.55 163.438 138.49 305.001 320.99 305.245 284.073 164.911 179.549 165.022 138.406 
308.312 326.192 308.895 286.216 164.098 178.554 163.436 138.311 305.246 321.297 305.49 284.32 164.897 179.549 165.009 138.379 
308.396 326.285 308.977 286.303 164.144 178.557 163.484 138.37 305.319 321.291 305.563 284.425 164.884 179.533 164.995 138.481 
308.356 326.183 308.938 286.263 164.085 178.497 163.424 138.366 305.302 321.34 305.546 284.356 164.868 179.499 164.979 138.414 
308.365 326.141 308.949 286.231 164.045 178.495 163.384 138.294 305.224 321.27 305.467 284.356 164.807 179.46 164.918 138.368 
308.063 325.889 308.645 285.968 164.086 178.527 163.424 138.376 304.861 321.01 305.103 284.094 164.817 179.492 164.928 138.413 
307.585 325.321 308.167 285.563 164.081 178.535 163.42 138.534 304.472 320.547 304.714 283.75 164.816 179.515 164.925 138.528 
