270.533 276.946 249.193 271.061 140.25 156.795 186.992 185.799 268.971 274.123 245.574 266.672 139.538 155.912 184.87 184.548 
271.514 277.812 250.119 272.053 140.194 156.631 186.949 185.804 269.883 275.087 246.483 267.595 139.466 155.926 184.896 184.588 
272.537 278.942 251.208 273.012 140.078 156.672 186.88 185.647 270.973 276.157 247.516 268.605 139.524 155.951 184.84 184.51 
273.381 279.669 251.994 273.899 140.012 156.489 186.805 185.636 271.869 277.02 248.434 269.498 139.377 155.859 184.811 184.465 
274.237 280.587 252.88 274.751 139.998 156.546 186.728 185.556 272.649 277.824 249.24 270.333 139.459 155.872 184.776 184.404 
274.83 281.236 253.528 275.346 139.916 156.5 186.688 185.475 273.306 278.427 249.836 270.952 139.508 155.82 184.761 184.524 
275.337 281.692 253.974 275.847 139.896 156.41 186.647 185.501 273.698 278.841 250.222 271.328 139.441 155.812 184.764 184.473 
275.691 282.005 254.306 276.209 139.855 156.446 186.628 185.401 274.082 279.253 250.605 271.702 139.375 155.871 184.802 184.434 
275.859 282.182 254.457 276.336 139.819 156.38 186.633 185.414 274.252 279.446 250.792 271.889 139.404 155.873 184.756 184.394 
275.88 282.2 254.518 276.402 139.823 156.319 186.596 185.411 274.296 279.47 250.885 271.982 139.392 155.874 184.743 184.376 
275.908 282.241 254.493 276.395 139.858 156.361 186.619 185.427 274.277 279.426 250.821 271.939 139.434 155.875 184.796 184.448 
275.812 282.141 254.463 276.352 139.852 156.312 186.593 185.432 274.222 279.419 250.82 271.925 139.355 155.859 184.754 184.375 
275.813 282.095 254.455 276.357 139.835 156.331 186.575 185.383 274.197 279.39 250.804 271.914 139.358 155.862 184.745 184.345 
275.78 282.113 254.373 276.22 139.867 156.389 186.636 185.449 274.145 279.271 250.675 271.823 139.353 155.776 184.773 184.415 
275.478 281.771 254.11 276.006 139.854 156.378 186.629 185.433 273.848 279.01 250.358 271.483 139.34 155.804 184.768 184.384 
275.105 281.46 253.718 275.572 139.926 156.388 186.649 185.509 273.484 278.586 250.037 271.181 139.446 155.762 184.704 184.449 
274.738 281.109 253.365 275.178 139.918 156.496 186.699 185.477 273.138 278.261 249.647 270.751 139.426 155.815 184.791 184.449 
274.167 280.453 252.72 274.626 139.963 156.471 186.752 185.56 272.526 277.651 249.088 270.199 139.455 155.793 184.758 184.427 
273.438 279.732 252.006 273.881 140.067 156.567 186.747 185.586 271.766 276.88 248.221 269.332 139.366 155.787 184.842 184.498 
272.397 278.69 250.986 272.898 140.088 156.67 186.848 185.625 270.626 275.776 247.15 268.279 139.518 155.937 184.805 184.466 
271.11 277.426 249.673 271.558 140.205 156.644 186.895 185.784 269.325 274.454 245.858 266.963 139.432 155.814 184.831 184.516 
269.342 275.711 247.955 269.816 140.273 156.938 187.056 185.834 267.673 272.813 244.137 265.272 139.473 155.864 184.888 184.575 
267.936 274.239 246.454 268.351 140.408 156.931 187.178 185.973 266.074 271.282 242.541 263.634 139.474 156.043 184.877 184.491 
266.244 272.588 244.804 266.659 140.48 157.052 187.259 186.054 264.513 269.668 241.046 262.163 139.549 155.923 184.904 184.613 
264.198 270.472 242.775 264.687 140.647 157.139 187.377 186.193 262.362 267.484 238.84 259.992 139.611 156.054 184.966 184.617 
262.183 268.482 240.771 262.713 140.777 157.291 187.53 186.341 260.498 265.604 237.035 258.195 139.65 156.035 185.007 184.671 
260.463 266.767 238.993 260.887 140.927 157.425 187.637 186.492 258.665 263.838 235.184 256.302 139.683 156.039 185.013 184.678 
258.345 264.648 236.935 258.903 141.104 157.553 187.771 186.651 256.625 261.758 233.143 254.299 139.7 156.091 185.03 184.715 
256.275 262.572 234.861 256.744 141.164 157.687 187.988 186.806 254.537 259.703 231.11 252.21 139.718 156.141 185.099 184.783 
254.168 260.449 232.694 254.632 141.302 157.842 188.13 186.922 252.453 257.583 228.977 250.131 139.794 156.19 185.162 184.843 
252.163 258.495 230.719 252.651 141.525 158.048 188.271 187.046 250.404 255.568 226.96 248.095 139.808 156.18 185.183 184.84 
249.966 256.311 228.546 250.483 141.64 158.098 188.358 187.21 248.2 253.365 224.735 245.904 139.721 156.2 185.213 184.857 
247.824 254.141 226.391 248.381 141.805 158.293 188.515 187.371 246.04 251.243 222.506 243.658 139.831 156.251 185.25 184.946 
245.668 252.004 224.258 246.25 141.925 158.445 188.691 187.49 243.568 248.719 220.059 241.241 139.81 156.238 185.322 184.972 
243.236 249.568 221.863 243.827 142.149 158.628 188.816 187.703 241.424 246.639 217.898 239.041 139.859 156.339 185.376 185.011 
241.018 247.412 219.676 241.605 142.305 158.764 188.979 187.857 239.041 244.2 215.516 236.688 139.941 156.414 185.42 185.026 
238.526 244.866 217.132 239.134 142.457 158.972 189.236 188.067 236.471 241.657 213.014 234.184 140.01 156.396 185.43 185.113 
236.212 242.557 214.82 236.767 142.649 159.144 189.388 188.201 234.397 239.579 210.963 232.142 140.025 156.441 185.451 185.098 
234.1 240.503 212.741 234.693 142.708 159.341 189.547 188.335 232.041 237.251 208.589 229.799 140.077 156.631 185.509 185.114 
231.895 238.282 210.541 232.499 142.923 159.432 189.67 188.534 230.083 235.287 206.628 227.833 140.118 156.669 185.528 185.144 
229.503 235.869 208.123 230.083 143.038 159.571 189.776 188.634 227.68 232.855 204.138 225.393 140.083 156.587 185.585 185.211 
227.533 233.941 206.158 228.132 143.262 159.871 189.995 188.799 225.447 230.702 201.997 223.221 140.15 156.722 185.627 185.185 
225.494 231.89 204.092 226.018 143.402 159.916 190.114 188.955 223.627 228.866 200.171 221.398 140.152 156.699 185.664 185.263 
223.472 229.919 202.111 224.051 143.567 160.083 190.286 189.123 221.626 226.87 198.176 219.367 140.201 156.706 185.702 185.372 
221.609 228.079 200.265 222.21 143.705 160.311 190.455 189.237 219.752 224.967 196.247 217.492 140.246 156.759 185.742 185.348 
219.797 226.274 198.425 220.391 143.776 160.393 190.606 189.411 217.952 223.242 194.47 215.647 140.262 156.887 185.764 185.345 
217.997 224.423 196.616 218.605 143.873 160.443 190.682 189.491 215.992 221.174 192.528 213.813 140.279 156.835 185.806 185.426 
216.176 222.589 194.835 216.81 143.966 160.518 190.87 189.689 214.34 219.525 190.893 212.126 140.295 156.784 185.806 185.445 
214.655 221.139 193.319 215.282 144.043 160.693 190.97 189.753 212.812 218.004 189.307 210.526 140.37 156.719 185.859 185.584 
213.264 219.771 191.956 213.947 144.179 160.808 191.051 189.879 211.222 216.447 187.7 208.92 140.382 156.932 185.977 185.541 
211.782 218.264 190.434 212.394 144.355 161.047 191.195 189.93 209.888 215.194 186.441 207.672 140.457 156.943 185.973 185.599 
210.19 216.68 188.864 210.85 144.488 161.109 191.318 190.093 208.325 213.56 184.874 206.115 140.457 156.93 185.974 185.541 
208.909 215.432 187.598 209.574 144.509 161.184 191.386 190.157 206.907 212.141 183.45 204.661 140.457 156.881 186.039 185.689 
207.755 214.215 186.392 208.408 144.671 161.305 191.451 190.261 205.898 211.182 182.44 203.661 140.541 157.114 186.063 185.636 
206.533 213.006 185.202 207.203 144.663 161.272 191.543 190.344 204.65 209.936 181.184 202.399 140.506 156.935 186.037 185.685 
205.826 212.349 184.536 206.501 144.751 161.401 191.588 190.344 203.966 209.233 180.513 201.772 140.516 157.047 186.027 185.621 
205.095 211.563 183.74 205.736 144.774 161.387 191.626 190.431 203.173 208.417 179.694 200.973 140.504 156.999 186.112 185.719 
204.28 210.802 182.924 204.908 144.81 161.48 191.769 190.554 202.377 207.563 178.951 200.22 140.595 156.869 186.032 185.817 
203.789 210.297 182.475 204.463 144.904 161.632 191.775 190.545 201.919 207.192 178.525 199.776 140.593 157.135 186.067 185.654 
203.259 209.85 182.026 203.98 144.869 161.575 191.803 190.564 201.453 206.735 178.044 199.282 140.569 157.123 186.092 185.686 
203.009 209.496 181.691 203.737 144.891 161.536 191.847 190.621 201.202 206.436 177.777 199.026 140.505 157.064 186.123 185.734 
202.857 209.376 181.596 203.579 144.972 161.657 191.833 190.576 201.041 206.308 177.577 198.825 140.586 157.074 186.142 185.763 
202.802 209.3 181.466 203.441 144.95 161.658 191.801 190.522 200.941 206.231 177.469 198.703 140.547 157.117 186.134 185.721 
202.753 209.275 181.42 203.387 144.945 161.586 191.821 190.582 200.893 206.137 177.461 198.691 140.449 157.024 186.152 185.715 
202.731 209.253 181.389 203.394 144.989 161.587 191.816 190.608 200.881 206.151 177.414 198.627 140.52 157.047 186.135 185.751 
202.762 209.262 181.418 203.435 144.924 161.608 191.85 190.607 200.904 206.125 177.456 198.712 140.584 157.024 186.083 185.699 
202.755 209.222 181.406 203.436 144.979 161.613 191.905 190.722 200.845 206.137 177.359 198.539 140.543 157.077 186.171 185.798 
201.874 208.436 180.614 202.581 145.014 161.744 191.965 190.687 199.966 205.259 176.58 197.837 140.585 157.15 186.116 185.666 
202.422 208.908 181.162 203.229 144.989 161.537 191.876 190.734 200.688 205.99 177.304 198.543 140.577 157.055 186.153 185.772 
203.327 209.869 182.117 204.119 144.946 161.612 191.773 190.559 201.55 206.852 178.218 199.444 140.52 157.191 186.14 185.667 
204.233 210.751 182.988 204.984 144.875 161.473 191.729 190.52 202.516 207.791 179.143 200.332 140.568 157.004 186.109 185.711 
205.397 211.906 184.159 206.151 144.75 161.392 191.587 190.375 203.621 208.918 180.23 201.46 140.512 157.158 186.103 185.616 
206.492 213.089 185.24 207.168 144.729 161.386 191.561 190.341 204.724 209.936 181.309 202.542 140.59 156.915 186.057 185.761 
207.828 214.36 186.543 208.508 144.645 161.381 191.492 190.212 206 211.31 182.619 203.86 140.466 157.083 186.023 185.563 
209.105 215.633 187.894 209.875 144.508 161.205 191.369 190.129 207.313 212.631 183.939 205.189 140.474 156.989 186.041 185.658 
210.497 217.009 189.232 211.223 144.467 161.038 191.301 190.143 208.713 213.925 185.345 206.593 140.474 156.821 185.953 185.619 
212.084 218.569 190.773 212.78 144.39 160.938 191.198 190.03 210.32 215.558 186.956 208.194 140.481 156.857 185.921 185.582 
213.706 220.252 192.465 214.464 144.235 160.892 191.096 189.884 211.916 217.225 188.558 209.78 140.406 156.883 185.876 185.488 
215.364 221.892 194.133 216.095 144.144 160.822 190.907 189.671 213.602 218.878 190.253 211.47 140.32 156.926 185.911 185.446 
216.92 223.461 195.681 217.611 143.991 160.694 190.81 189.592 215.371 220.626 191.965 213.192 140.287 156.838 185.873 185.449 
218.943 225.422 197.647 219.627 143.843 160.431 190.625 189.455 217.163 222.438 193.806 215.043 140.292 156.751 185.817 185.46 
220.577 227.059 199.224 221.181 143.725 160.286 190.526 189.341 218.859 224.087 195.477 216.687 140.307 156.726 185.733 185.407 
222.545 229.009 201.241 223.239 143.66 160.162 190.407 189.234 220.796 226.039 197.408 218.577 140.289 156.657 185.744 185.445 
224.522 231.031 203.297 225.257 143.54 160.017 190.281 189.171 222.824 228.028 199.39 220.614 140.186 156.506 185.699 185.382 
226.572 233.048 205.296 227.252 143.278 159.785 190.088 188.933 224.902 230.16 201.518 222.694 140.187 156.654 185.676 185.337 
228.721 235.186 207.409 229.344 143.173 159.771 189.973 188.744 226.778 232.029 203.368 224.554 140.214 156.587 185.651 185.338 
230.59 237.026 209.335 231.291 142.993 159.507 189.784 188.594 229.159 234.383 205.754 226.961 140.117 156.557 185.628 185.273 
232.957 239.427 211.696 233.639 142.91 159.434 189.609 188.455 231.284 236.496 207.891 229.067 140.07 156.445 185.569 185.253 
235.138 241.576 213.845 235.779 142.759 159.309 189.495 188.337 233.422 238.697 210.053 231.216 140.042 156.469 185.508 185.192 
237.312 243.725 216.063 238.026 142.526 159.136 189.317 188.128 235.649 240.883 212.266 233.451 139.965 156.436 185.435 185.106 
239.237 245.628 217.943 239.877 142.463 158.96 189.182 188.036 237.823 243.084 214.441 235.604 139.935 156.497 185.466 185.057 
241.696 248.058 220.362 242.341 142.263 158.803 189.032 187.859 240.05 245.283 216.615 237.803 139.905 156.492 185.43 184.979 
243.834 250.219 222.51 244.461 142.12 158.661 188.821 187.665 242.41 247.621 219.031 240.179 139.93 156.353 185.368 185.019 
246.161 252.524 224.835 246.735 141.956 158.446 188.687 187.545 244.533 249.673 221.127 242.333 139.927 156.27 185.317 185.02 
248.268 254.625 226.916 248.871 141.845 158.31 188.538 187.402 246.627 251.782 223.2 244.392 139.896 156.204 185.276 185.002 
250.646 256.976 229.347 251.283 141.619 158.156 188.397 187.233 248.981 254.217 225.565 246.67 139.866 156.274 185.252 184.934 
252.692 259.111 231.366 253.287 141.604 158.115 188.251 187.076 251.034 256.201 227.624 248.726 139.75 156.117 185.2 184.908 
254.767 261.213 233.451 255.294 141.378 157.917 188.076 186.926 253.149 258.347 229.749 250.895 139.756 156.13 185.171 184.866 
256.731 263.102 235.397 257.326 141.281 157.754 187.947 186.812 255.122 260.299 231.644 252.777 139.729 156.158 185.16 184.838 
258.237 264.572 236.894 258.828 141.154 157.544 187.852 186.736 256.634 261.802 233.244 254.378 139.753 156.123 185.071 184.757 
260.024 266.34 238.666 260.59 141.026 157.42 187.694 186.577 258.386 263.6 235.04 256.15 139.643 156.109 185.059 184.682 
261.506 267.852 240.211 262.133 140.885 157.415 187.607 186.437 259.866 265.086 236.422 257.534 139.692 156.186 185.077 184.713 
263.104 269.448 241.736 263.649 140.79 157.267 187.506 186.347 261.474 266.699 238.05 259.135 139.6 155.999 185.02 184.716 
264.679 271.011 243.326 265.263 140.667 157.216 187.429 186.26 263.218 268.453 239.791 260.897 139.632 156.062 185.012 184.687 
266.305 272.696 244.94 266.815 140.574 157.029 187.282 186.159 264.724 269.899 241.283 262.393 139.55 156.01 184.982 184.621 
267.732 274.087 246.363 268.248 140.397 157.031 187.243 185.969 266.125 271.28 242.712 263.84 139.531 155.993 184.913 184.561 
268.844 275.226 247.474 269.323 140.42 156.998 187.132 185.964 267.351 272.565 243.95 265.038 139.516 156.007 184.898 184.518 
270.171 276.502 248.754 270.615 140.298 156.797 187.079 185.872 268.559 273.759 245.133 266.241 139.514 155.873 184.86 184.565 
271.229 277.633 249.898 271.754 140.276 156.784 186.952 185.817 269.608 274.803 246.156 267.27 139.416 155.881 184.881 184.546 
272.253 278.589 250.868 272.735 140.161 156.657 186.904 185.716 270.74 275.872 247.317 268.449 139.536 155.842 184.795 184.47 
273.212 279.541 251.829 273.726 140.132 156.623 186.82 185.664 271.569 276.727 248.107 269.199 139.409 155.771 184.797 184.513 
273.961 280.313 252.596 274.483 140.016 156.527 186.753 185.571 272.351 277.546 248.916 270.01 139.459 155.917 184.82 184.495 
274.559 280.943 253.21 275.023 139.986 156.552 186.744 185.544 272.985 278.129 249.511 270.63 139.485 155.842 184.745 184.423 
275.069 281.393 253.678 275.552 139.945 156.432 186.695 185.535 273.474 278.648 250.034 271.109 139.347 155.769 184.766 184.451 
275.429 281.782 254.064 275.904 139.947 156.365 186.649 185.508 273.842 278.979 250.382 271.478 139.326 155.72 184.752 184.465 
275.777 282.068 254.36 276.26 139.884 156.447 186.615 185.397 274.129 279.261 250.627 271.756 139.421 155.804 184.734 184.417 
275.891 282.244 254.524 276.384 139.894 156.408 186.621 185.445 274.271 279.446 250.819 271.884 139.387 155.806 184.777 184.423 
275.917 282.191 254.542 276.437 139.893 156.358 186.61 185.474 274.266 279.452 250.847 271.936 139.428 155.78 184.753 184.437 
275.91 282.217 254.507 276.392 139.891 156.39 186.633 185.433 274.294 279.454 250.828 271.929 139.475 155.8 184.744 184.481 
275.835 282.192 254.471 276.331 139.883 156.392 186.613 185.418 274.242 279.401 250.792 271.896 139.343 155.813 184.734 184.364 
275.812 282.125 254.459 276.319 139.853 156.277 186.603 185.465 274.206 279.375 250.786 271.847 139.339 155.775 184.706 184.346 
275.776 282.082 254.359 276.22 139.819 156.28 186.619 185.456 274.155 279.329 250.71 271.842 139.358 155.783 184.764 184.409 
275.486 281.768 254.104 275.984 139.84 156.345 186.64 185.479 273.853 278.953 250.367 271.484 139.357 155.738 184.724 184.434 
275.109 281.421 253.686 275.564 139.946 156.45 186.69 185.509 273.47 278.623 249.978 271.057 139.38 155.8 184.783 184.447 
274.713 281.046 253.277 275.105 139.961 156.527 186.739 185.496 273.102 278.2 249.602 270.711 139.426 155.717 184.704 184.437 
274.188 280.506 252.743 274.605 140.066 156.519 186.741 185.58 272.531 277.692 249.069 270.169 139.486 155.823 184.73 184.436 
273.572 279.853 252.061 273.946 140.072 156.574 186.782 185.617 271.902 276.97 248.296 269.423 139.392 155.844 184.786 184.439 
272.5 278.839 251.072 272.92 140.136 156.764 186.862 185.634 270.838 275.954 247.322 268.435 139.466 155.908 184.762 184.403 
271.175 277.538 249.758 271.596 140.206 156.783 186.936 185.759 269.494 274.624 245.989 267.111 139.44 155.813 184.821 184.529 
269.816 276.113 248.377 270.268 140.339 156.755 187.027 185.912 267.994 273.12 244.397 265.517 139.464 155.935 184.845 184.527 
268.177 274.526 246.753 268.604 140.433 156.909 187.167 185.98 266.488 271.64 243.016 264.114 139.647 155.873 184.836 184.619 
266.497 272.815 245.067 266.98 140.579 157.125 187.28 186.107 264.75 269.855 241.222 262.325 139.581 155.85 184.878 184.629 
264.711 271.042 243.287 265.156 140.644 157.177 187.419 186.237 263.015 268.143 239.469 260.578 139.662 155.984 184.946 184.671 
262.856 269.183 241.402 263.272 140.839 157.322 187.507 186.333 261.138 266.282 237.549 258.63 139.552 156.035 185.012 184.63 
261.291 267.626 239.841 261.743 140.938 157.361 187.591 186.464 259.567 264.68 236.004 257.132 139.61 155.921 185.008 184.697 
259.117 265.418 237.691 259.561 141.045 157.439 187.731 186.629 257.387 262.495 233.816 254.931 139.689 155.97 185.039 184.795 
257.054 263.421 235.685 257.552 141.215 157.627 187.922 186.84 255.13 260.225 231.572 252.721 139.785 156.106 185.103 184.815 
254.906 261.239 233.468 255.397 141.376 157.751 188.065 187.023 253.198 258.328 229.616 250.763 139.806 156.077 185.153 184.877 
252.767 259.135 231.342 253.225 141.559 157.964 188.231 187.145 250.832 255.936 227.279 248.447 139.85 156.14 185.153 184.88 
250.502 256.784 229.035 250.941 141.682 158.131 188.363 187.197 248.713 253.882 225.226 246.389 139.917 156.211 185.191 184.912 
248.052 254.379 226.61 248.546 141.854 158.246 188.531 187.447 246.302 251.462 222.811 243.944 139.908 156.227 185.219 184.928 
246.222 252.518 224.822 246.757 141.931 158.376 188.654 187.49 244.422 249.584 220.981 242.135 139.872 156.268 185.276 184.927 
244.051 250.324 222.617 244.607 142.109 158.525 188.799 187.653 242.271 247.431 218.815 239.987 139.874 156.36 185.311 184.927 
241.569 247.888 220.201 242.147 142.282 158.746 188.964 187.881 239.771 244.931 216.232 237.402 139.902 156.423 185.383 184.978 
239.331 245.661 217.891 239.849 142.414 158.906 189.17 188.024 237.215 242.348 213.629 234.833 139.99 156.323 185.445 185.165 
236.977 243.331 215.524 237.465 142.581 159.086 189.409 188.245 235.151 240.331 211.601 232.752 140.007 156.345 185.465 185.167 
234.45 240.818 213.027 234.989 142.809 159.286 189.515 188.399 232.63 237.787 209.134 230.304 140.078 156.417 185.484 185.186 
232.255 238.656 210.864 232.784 142.962 159.483 189.699 188.529 230.451 235.624 206.952 228.137 140.123 156.467 185.5 185.211 
229.988 236.332 208.577 230.545 143.071 159.555 189.775 188.637 228.11 233.297 204.683 225.904 140.107 156.518 185.524 185.219 
227.976 234.356 206.572 228.529 143.195 159.736 189.935 188.717 226.16 231.345 202.743 223.916 140.182 156.599 185.591 185.297 
226.097 232.518 204.684 226.631 143.34 159.913 190.175 188.979 224.244 229.445 200.819 222.007 140.207 156.594 185.63 185.283 
224.109 230.566 202.748 224.705 143.517 160.039 190.327 189.132 222.091 227.311 198.667 219.9 140.247 156.717 185.675 185.362 
222.112 228.579 200.779 222.697 143.622 160.224 190.478 189.266 220.305 225.511 196.85 218.061 140.195 156.688 185.737 185.388 
220.174 226.6 198.806 220.81 143.823 160.383 190.61 189.431 218.336 223.536 194.926 216.165 140.331 156.768 185.742 185.404 
218.424 224.888 197.055 219.025 143.887 160.433 190.697 189.561 216.398 221.603 192.981 214.202 140.322 156.719 185.769 185.475 
216.494 222.904 195.111 217.138 143.984 160.57 190.82 189.666 214.651 219.87 191.159 212.358 140.39 156.733 185.82 185.48 
214.962 221.404 193.538 215.511 144.129 160.663 190.987 189.841 213.09 218.3 189.576 210.819 140.358 156.769 185.898 185.593 
213.477 219.938 192.119 214.095 144.22 160.83 191.051 189.879 211.439 216.646 187.956 209.199 140.385 156.871 185.927 185.521 
212.049 218.509 190.713 212.675 144.318 160.895 191.162 189.951 210.238 215.422 186.731 207.985 140.475 156.857 185.938 185.617 
210.484 216.988 189.072 211.045 144.445 161.091 191.311 190.107 208.378 213.578 184.91 206.126 140.504 156.948 185.985 185.599 
209.003 215.455 187.587 209.544 144.6 161.13 191.363 190.22 207.116 212.314 183.571 204.865 140.439 156.851 186.017 185.687 
207.757 214.243 186.387 208.357 144.608 161.238 191.465 190.245 205.895 211.193 182.477 203.716 140.465 157.047 186.011 185.585 
206.695 213.155 185.294 207.334 144.748 161.32 191.57 190.395 204.695 209.908 181.212 202.423 140.525 156.841 186.023 185.731 
205.76 212.29 184.449 206.418 144.776 161.44 191.634 190.407 203.894 209.151 180.437 201.699 140.531 157.019 186.028 185.671 
205.024 211.492 183.654 205.662 144.85 161.402 191.642 190.466 203.159 208.381 179.724 200.965 140.482 156.948 186.03 185.64 
204.318 210.773 182.948 204.972 144.88 161.442 191.744 190.562 202.463 207.677 178.971 200.192 140.609 156.937 186.027 185.722 
203.833 210.283 182.499 204.511 144.865 161.497 191.749 190.522 201.893 207.213 178.502 199.719 140.589 157.178 186.114 185.653 
203.342 209.86 182.062 204.028 144.92 161.548 191.727 190.552 201.51 206.778 178.14 199.377 140.544 157.132 186.097 185.629 
203.056 209.496 181.768 203.803 145.017 161.559 191.77 190.542 201.216 206.476 177.796 199.043 140.562 157.082 186.101 185.725 
202.882 209.387 181.583 203.585 144.98 161.614 191.834 190.638 201.074 206.297 177.572 198.82 140.564 157.049 186.145 185.798 
202.817 209.292 181.473 203.481 144.975 161.623 191.873 190.665 200.933 206.201 177.464 198.694 140.646 157.108 186.119 185.746 
202.743 209.197 181.414 203.441 144.931 161.522 191.814 190.646 200.923 206.174 177.429 198.652 140.557 157.115 186.167 185.766 
202.715 209.216 181.375 203.354 144.953 161.53 191.919 190.721 200.88 206.192 177.385 198.577 140.582 157.104 186.129 185.757 
202.759 209.198 181.362 203.401 145.015 161.555 191.841 190.69 200.863 206.168 177.408 198.603 140.598 157.068 186.126 185.811 
202.614 209.088 181.251 203.254 145.025 161.613 191.882 190.738 200.716 205.962 177.266 198.488 140.646 157.112 186.198 185.819 
201.853 208.382 180.57 202.559 144.996 161.761 191.97 190.729 199.95 205.259 176.603 197.86 140.643 157.151 186.155 185.749 
202.462 208.959 181.156 203.147 144.939 161.537 191.894 190.674 200.635 205.884 177.208 198.458 140.63 157.053 186.15 185.806 
203.26 209.774 182.058 204.078 144.939 161.543 191.797 190.585 201.475 206.791 178.175 199.432 140.596 157.072 186.119 185.778 
204.282 210.836 182.987 204.952 144.877 161.53 191.734 190.498 202.458 207.635 179.05 200.312 140.569 156.912 186.082 185.762 
205.18 211.694 183.96 205.949 144.798 161.465 191.67 190.415 203.386 208.629 180.021 201.274 140.475 156.962 186.063 185.675 
206.404 212.943 185.149 207.117 144.686 161.34 191.613 190.393 204.599 209.828 181.198 202.431 140.543 156.956 186.096 185.766 
207.729 214.212 186.423 208.385 144.599 161.262 191.491 190.273 205.867 211.185 182.574 203.797 140.516 157.052 186.033 185.593 
209.141 215.661 187.87 209.802 144.5 161.193 191.377 190.067 207.335 212.607 183.972 205.209 140.48 156.903 186.04 185.69 
210.525 217.058 189.258 211.236 144.462 161.063 191.317 190.12 208.748 213.989 185.359 206.594 140.492 156.903 185.97 185.594 
212.232 218.744 190.947 212.932 144.342 160.934 191.2 190.042 210.465 215.7 187.071 208.317 140.529 156.89 185.949 185.633 
213.773 220.244 192.445 214.474 144.318 160.971 191.106 189.884 212.097 217.391 188.723 209.921 140.415 156.905 185.902 185.489 
215.61 222.066 194.31 216.278 144.082 160.664 190.945 189.754 213.998 219.261 190.643 211.879 140.417 156.832 185.866 185.552 
217.55 224.025 196.236 218.223 143.925 160.566 190.737 189.52 215.793 221.116 192.449 213.653 140.377 156.951 185.874 185.43 
219.381 225.816 198.096 220.073 143.831 160.407 190.647 189.48 217.607 222.906 194.269 215.481 140.279 156.832 185.83 185.42 
221.231 227.731 199.909 221.826 143.733 160.299 190.521 189.344 219.717 224.976 196.379 217.614 140.298 156.857 185.767 185.344 
223.431 229.936 202.151 224.094 143.604 160.185 190.366 189.139 221.677 226.968 198.354 219.552 140.211 156.712 185.723 185.358 
225.718 232.202 204.393 226.347 143.441 160.017 190.229 189.015 223.98 229.224 200.626 221.838 140.229 156.753 185.695 185.292 
227.734 234.182 206.459 228.41 143.291 159.813 190.029 188.885 226.038 231.297 202.707 223.902 140.165 156.689 185.641 185.217 
229.888 236.325 208.637 230.597 143.099 159.667 189.86 188.682 228.433 233.585 205.016 226.255 140.182 156.502 185.592 185.299 
232.253 238.611 210.923 232.917 142.927 159.425 189.734 188.551 230.564 235.77 207.167 228.361 140.165 156.519 185.584 185.28 
234.397 240.801 213.076 235.05 142.807 159.323 189.599 188.401 232.694 237.957 209.358 230.524 140.147 156.525 185.519 185.207 
236.556 243.015 215.275 237.218 142.683 159.189 189.434 188.287 234.882 240.093 211.459 232.645 140.072 156.438 185.478 185.172 
238.766 245.22 217.525 239.454 142.506 159.046 189.25 188.066 237.328 242.571 213.918 235.103 139.986 156.444 185.464 185.116 
241.146 247.595 219.892 241.774 142.342 158.814 188.985 187.868 239.495 244.751 216.075 237.194 139.954 156.408 185.441 185.115 
243.592 249.956 222.323 244.273 142.124 158.623 188.816 187.654 241.946 247.187 218.59 239.742 139.88 156.436 185.374 184.957 
245.822 252.186 224.47 246.432 142.014 158.523 188.715 187.554 244.35 249.569 221.012 242.152 139.885 156.345 185.314 184.933 
248.109 254.494 226.75 248.708 141.856 158.371 188.605 187.404 246.437 251.679 223.091 244.233 139.946 156.361 185.308 184.924 
250.217 256.581 228.915 250.852 141.703 158.178 188.431 187.271 248.747 253.969 225.339 246.482 139.859 156.285 185.278 184.891 
252.497 258.877 231.129 253.054 141.55 158.049 188.302 187.148 251.086 256.29 227.683 248.805 139.831 156.188 185.251 184.924 
254.799 261.149 233.459 255.386 141.428 157.793 188.119 187.063 253.2 258.378 229.753 250.905 139.783 156.103 185.166 184.89 
256.94 263.323 235.615 257.548 141.271 157.691 187.94 186.838 255.3 260.513 231.873 253.003 139.675 156.123 185.192 184.857 
258.688 265.02 237.374 259.329 141.022 157.548 187.824 186.663 257.254 262.425 233.838 254.95 139.71 156.063 185.09 184.805 
260.714 267.094 239.394 261.256 140.95 157.483 187.701 186.543 259.308 264.451 235.859 257.016 139.701 156.022 185.072 184.823 
262.499 268.892 241.176 263.055 140.779 157.365 187.586 186.367 261.084 266.299 237.655 258.733 139.598 156.096 185.067 184.68 
264.232 270.631 242.923 264.78 140.768 157.208 187.438 186.305 262.655 267.833 239.305 260.427 139.636 156.083 184.95 184.601 
265.977 272.314 244.625 266.531 140.62 157.145 187.352 186.182 264.359 269.531 240.952 262.078 139.593 156.054 184.917 184.58 
267.299 273.642 245.96 267.859 140.542 156.993 187.231 186.097 265.84 271.068 242.419 263.52 139.526 156.026 184.976 184.615 
268.77 275.158 247.408 269.267 140.43 156.946 187.154 186.027 267.181 272.369 243.729 264.842 139.575 156.008 184.928 184.618 
270.149 276.453 248.791 270.683 140.371 156.808 187.067 185.913 268.547 273.717 245.175 266.273 139.586 155.958 184.847 184.548 
271.304 277.616 249.921 271.812 140.276 156.691 186.959 185.834 269.701 274.83 246.18 267.303 139.44 155.784 184.862 184.563 
272.306 278.659 250.916 272.814 140.122 156.669 186.918 185.704 270.777 275.958 247.363 268.463 139.462 155.782 184.838 184.561 
273.215 279.619 251.864 273.713 140.091 156.616 186.833 185.677 271.613 276.74 248.149 269.254 139.464 155.775 184.829 184.551 
273.975 280.275 252.579 274.482 140.063 156.544 186.757 185.596 272.481 277.604 249.042 270.176 139.453 155.837 184.757 184.441 
274.538 280.907 253.19 275.018 139.959 156.446 186.725 185.578 272.987 278.138 249.567 270.645 139.435 155.8 184.79 184.479 
275.087 281.49 253.729 275.528 139.902 156.461 186.7 185.525 273.496 278.653 250.051 271.13 139.407 155.824 184.794 184.464 
275.486 281.887 254.104 275.924 139.932 156.451 186.7 185.527 273.927 279.073 250.409 271.525 139.462 155.891 184.837 184.476 
275.797 282.118 254.367 276.244 139.829 156.351 186.626 185.443 274.165 279.308 250.735 271.851 139.428 155.887 184.764 184.415 
275.908 282.267 254.542 276.417 139.933 156.42 186.652 185.479 274.265 279.464 250.868 271.976 139.406 155.882 184.761 184.353 
275.912 282.238 254.511 276.375 139.883 156.368 186.665 185.511 274.283 279.422 250.815 271.949 139.388 155.798 184.761 184.434 
275.904 282.27 254.504 276.338 139.916 156.404 186.643 185.492 274.293 279.407 250.827 271.941 139.403 155.776 184.73 184.418 
275.859 282.176 254.465 276.334 139.899 156.379 186.642 185.49 274.202 279.382 250.781 271.892 139.396 155.781 184.686 184.35 
275.84 282.14 254.452 276.34 139.868 156.371 186.606 185.439 274.213 279.383 250.783 271.891 139.325 155.822 184.748 184.382 
275.736 282.057 254.317 276.16 139.852 156.337 186.625 185.434 274.113 279.287 250.629 271.738 139.378 155.808 184.729 184.388 
275.425 281.753 254.068 275.945 139.873 156.352 186.654 185.49 273.826 278.98 250.366 271.462 139.394 155.795 184.75 184.431 
275.116 281.482 253.733 275.573 139.932 156.412 186.662 185.529 273.489 278.608 250.035 271.14 139.42 155.795 184.788 184.46 
274.805 281.17 253.375 275.178 139.96 156.486 186.724 185.553 273.134 278.252 249.631 270.727 139.446 155.783 184.73 184.449 
274.199 280.579 252.832 274.663 139.957 156.519 186.806 185.598 272.545 277.671 249.047 270.173 139.582 155.908 184.747 184.446 
273.54 279.843 252.069 273.939 140.069 156.558 186.763 185.599 271.861 276.985 248.296 269.384 139.456 155.892 184.83 184.5 
272.484 278.85 251 272.79 140.136 156.689 186.94 185.76 270.711 275.814 247.19 268.304 139.549 155.796 184.795 184.537 
271.192 277.493 249.786 271.675 140.227 156.665 186.938 185.848 269.499 274.653 246.029 267.135 139.415 155.877 184.83 184.476 
269.741 276.03 248.327 270.224 140.28 156.847 187.085 185.848 268.061 273.187 244.499 265.621 139.523 155.92 184.884 184.597 
268.25 274.599 246.837 268.692 140.396 157.03 187.161 185.89 266.588 271.714 243.071 264.183 139.594 155.902 184.843 184.571 
266.8 273.144 245.377 267.262 140.545 157.013 187.266 186.108 265.143 270.251 241.6 262.719 139.568 155.949 184.91 184.595 
265.073 271.395 243.642 265.506 140.619 157.172 187.36 186.168 263.353 268.479 239.825 260.952 139.618 155.996 184.994 184.676 
263.097 269.445 241.69 263.564 140.826 157.275 187.486 186.383 261.182 266.369 237.665 258.761 139.643 155.987 184.99 184.736 
261.35 267.66 239.956 261.849 140.947 157.341 187.59 186.495 259.617 264.748 236.081 257.243 139.623 156.012 185.024 184.67 
259.125 265.545 237.756 259.581 141.019 157.521 187.75 186.612 257.421 262.572 233.898 255.002 139.655 156.069 185.119 184.805 
257.122 263.406 235.72 257.617 141.194 157.596 187.922 186.855 255.076 260.267 231.568 252.69 139.725 156.11 185.151 184.869 
254.86 261.211 233.454 255.321 141.388 157.909 188.13 186.979 253.086 258.229 229.526 250.668 139.753 156.161 185.177 184.875 
252.826 259.172 231.432 253.351 141.481 158.037 188.231 187.067 250.829 255.962 227.295 248.447 139.745 156.173 185.189 184.847 
250.592 256.924 229.186 251.104 141.637 158.138 188.357 187.233 248.807 253.962 225.298 246.419 139.888 156.218 185.233 184.937 
248.39 254.739 226.988 248.9 141.822 158.272 188.532 187.399 246.609 251.786 223.104 244.22 139.893 156.235 185.268 184.972 
246.394 252.75 224.946 246.845 141.947 158.419 188.676 187.523 244.563 249.709 221.082 242.238 139.921 156.276 185.268 184.945 
244.417 250.729 223.039 245.021 142.085 158.598 188.767 187.575 242.609 247.749 219.14 240.304 139.934 156.298 185.316 185.026 
242.257 248.542 220.853 242.832 142.234 158.661 188.951 187.818 240.215 245.375 216.721 237.915 139.972 156.359 185.367 185.053 
239.813 246.197 218.409 240.351 142.411 158.957 189.111 187.973 237.655 242.864 214.099 235.287 139.969 156.487 185.429 185.05 
237.441 243.852 216.061 237.931 142.606 159.172 189.319 188.151 235.614 240.805 212.107 233.277 139.996 156.492 185.474 185.142 
235.169 241.517 213.772 235.714 142.716 159.232 189.464 188.318 233.34 238.514 209.786 230.998 139.986 156.453 185.551 185.185 
233.048 239.46 211.678 233.618 142.847 159.41 189.6 188.434 231.252 236.417 207.667 228.893 140.025 156.485 185.535 185.212 
230.751 237.136 209.378 231.367 143.043 159.573 189.78 188.621 228.921 234.127 205.375 226.553 140.138 156.608 185.589 185.231 
228.5 234.89 207.123 229.105 143.256 159.81 189.991 188.78 226.632 231.847 203.142 224.322 140.168 156.629 185.633 185.247 
226.549 232.942 205.136 227.101 143.34 159.761 190.144 189.069 224.678 229.895 201.211 222.417 140.138 156.607 185.643 185.288 
224.64 231.049 203.226 225.229 143.494 159.976 190.247 189.107 222.621 227.799 199.134 220.302 140.211 156.576 185.63 185.347 
222.567 228.97 201.199 223.17 143.575 160.089 190.411 189.27 220.743 225.938 197.27 218.472 140.316 156.654 185.698 185.431 
220.898 227.348 199.545 221.52 143.715 160.269 190.53 189.375 218.791 223.984 195.251 216.431 140.261 156.69 185.784 185.463 
218.819 225.264 197.408 219.346 143.829 160.354 190.645 189.528 216.718 221.991 193.295 214.46 140.238 156.805 185.854 185.466 
216.947 223.435 195.6 217.527 143.972 160.518 190.75 189.608 215.11 220.319 191.584 212.825 140.343 156.788 185.902 185.55 
215.512 221.992 194.207 216.184 144.081 160.783 190.892 189.66 213.495 218.746 190.01 211.23 140.328 156.831 185.903 185.509 
213.873 220.313 192.493 214.47 144.181 160.779 191.006 189.807 211.804 217.077 188.354 209.588 140.326 156.895 185.9 185.465 
212.295 218.832 190.989 212.927 144.329 160.992 191.172 189.966 210.463 215.66 186.996 208.212 140.484 156.856 185.935 185.611 
210.998 217.453 189.65 211.651 144.439 161.032 191.202 190.04 208.896 214.111 185.371 206.622 140.537 156.906 185.955 185.658 
209.306 215.764 187.972 209.987 144.562 161.159 191.356 190.161 207.422 212.698 183.952 205.168 140.469 157.013 186.023 185.579 
208.213 214.722 186.796 208.748 144.621 161.298 191.483 190.229 206.355 211.534 182.867 204.13 140.526 156.885 186.006 185.689 
207.066 213.586 185.704 207.671 144.636 161.296 191.498 190.239 205.203 210.441 181.739 202.986 140.476 157.028 186.061 185.63 
206.114 212.61 184.755 206.753 144.802 161.37 191.578 190.393 204.269 209.502 180.806 202.047 140.519 156.945 186.044 185.682 
205.288 211.776 183.951 205.954 144.829 161.464 191.687 190.458 203.409 208.667 179.943 201.174 140.512 157.04 186.076 185.644 
204.548 211.078 183.19 205.174 144.874 161.493 191.714 190.536 202.674 207.906 179.18 200.418 140.625 157.051 186.092 185.766 
204.054 210.578 182.742 204.724 144.869 161.588 191.762 190.502 202.2 207.405 178.746 200.019 140.55 157.052 186.089 185.727 
203.563 210.092 182.223 204.191 144.922 161.644 191.801 190.553 201.692 206.995 178.328 199.574 140.551 157.117 186.075 185.651 
203.183 209.645 181.893 203.906 144.929 161.589 191.789 190.524 201.285 206.576 177.87 199.114 140.552 157.122 186.13 185.708 
202.907 209.387 181.551 203.551 144.946 161.569 191.85 190.599 201.09 206.366 177.606 198.828 140.537 157.128 186.161 185.706 
202.82 209.285 181.479 203.503 144.968 161.582 191.824 190.606 200.949 206.21 177.508 198.753 140.544 157.073 186.117 185.721 
202.799 209.275 181.424 203.461 144.957 161.623 191.863 190.636 200.945 206.217 177.485 198.701 140.57 157.038 186.127 185.786 
202.785 209.229 181.413 203.445 144.94 161.557 191.867 190.66 200.897 206.213 177.455 198.665 140.532 157.055 186.159 185.781 
202.776 209.233 181.414 203.468 144.971 161.552 191.868 190.685 200.904 206.202 177.448 198.632 140.503 157.039 186.167 185.771 
202.782 209.289 181.443 203.424 144.932 161.614 191.883 190.663 200.92 206.228 177.432 198.636 140.597 157.098 186.201 185.81 
202.237 208.786 180.962 202.943 144.952 161.71 191.96 190.68 200.307 205.557 176.911 198.162 140.63 156.989 186.131 185.825 
202.121 208.607 180.844 202.872 145.005 161.623 191.876 190.714 200.317 205.561 176.913 198.15 140.646 157.073 186.145 185.759 
202.926 209.402 181.643 203.69 144.968 161.544 191.81 190.609 201.107 206.347 177.736 199.006 140.598 157.087 186.145 185.777 
203.846 210.335 182.54 204.539 144.896 161.511 191.78 190.584 202.017 207.298 178.637 199.934 140.54 157.098 186.109 185.697 
204.786 211.278 183.526 205.548 144.798 161.462 191.689 190.458 203.089 208.318 179.69 200.992 140.521 156.977 186.145 185.77 
206.043 212.541 184.708 206.683 144.712 161.382 191.593 190.35 204.218 209.511 180.84 202.066 140.611 157.041 186.07 185.715 
207.375 213.939 186.106 208.055 144.687 161.365 191.517 190.304 205.554 210.855 182.248 203.449 140.481 157.018 186.033 185.608 
208.78 215.259 187.5 209.519 144.542 161.168 191.415 190.204 206.934 212.211 183.552 204.764 140.481 156.853 186.026 185.744 
210.203 216.7 188.908 210.909 144.5 161.061 191.37 190.195 208.384 213.637 185.052 206.275 140.427 156.857 186.001 185.639 
211.744 218.205 190.445 212.438 144.392 161.062 191.25 190.018 209.931 215.259 186.615 207.852 140.455 157.014 186.016 185.571 
213.308 219.847 192.099 214.057 144.265 160.96 191.089 189.845 211.723 217.075 188.357 209.534 140.365 156.994 185.933 185.449 
215.16 221.607 193.85 215.833 144.102 160.591 190.974 189.81 213.381 218.611 189.975 211.203 140.365 156.842 185.899 185.529 
217.13 223.589 195.826 217.798 144.009 160.538 190.775 189.636 215.342 220.576 191.984 213.214 140.279 156.746 185.866 185.512 
218.975 225.454 197.684 219.629 143.871 160.417 190.631 189.436 217.406 222.63 194.021 215.238 140.228 156.72 185.844 185.469 
221.096 227.529 199.848 221.841 143.749 160.291 190.467 189.297 219.323 224.593 195.953 217.138 140.282 156.775 185.797 185.464 
223.005 229.468 201.747 223.692 143.561 160.101 190.339 189.158 221.493 226.754 198.145 219.316 140.231 156.657 185.681 185.374 
225.144 231.542 203.883 225.865 143.425 159.927 190.166 189.016 223.653 228.933 200.332 221.503 140.196 156.707 185.693 185.329 
227.464 233.921 206.214 228.206 143.276 159.845 190.014 188.799 225.721 231.03 202.392 223.557 140.117 156.736 185.693 185.222 
229.574 236.03 208.298 230.292 143.161 159.699 189.851 188.672 227.876 233.195 204.544 225.695 140.097 156.752 185.627 185.189 
231.715 238.151 210.388 232.373 142.923 159.502 189.713 188.488 230.248 235.49 206.899 228.069 140.108 156.626 185.582 185.185 
234.113 240.512 212.8 234.783 142.759 159.327 189.605 188.394 232.412 237.618 209.041 230.26 140.07 156.503 185.522 185.208 
236.25 242.652 214.964 236.953 142.685 159.153 189.413 188.287 234.564 239.79 211.213 232.389 140.06 156.487 185.494 185.139 
238.371 244.776 217.123 239.104 142.506 158.975 189.243 188.111 236.713 241.883 213.323 234.54 140.055 156.446 185.476 185.184 
240.532 246.938 219.223 241.188 142.335 158.861 189.152 187.971 238.861 244.053 215.467 236.677 139.932 156.437 185.443 185.041 
242.91 249.265 221.614 243.596 142.161 158.671 188.919 187.796 241.212 246.456 217.827 238.998 139.922 156.414 185.397 185.045 
245.235 251.587 223.968 245.953 142.005 158.508 188.743 187.596 243.522 248.78 220.16 241.319 139.838 156.37 185.363 184.965 
247.582 253.945 226.337 248.295 141.865 158.394 188.567 187.372 245.919 251.236 222.543 243.68 139.889 156.456 185.324 184.929 
249.409 255.783 228.186 250.131 141.766 158.255 188.451 187.306 248.015 253.274 224.632 245.788 139.797 156.372 185.292 184.872 
251.682 258.069 230.437 252.387 141.56 158.14 188.305 187.081 250.026 255.229 226.657 247.833 139.761 156.248 185.225 184.86 
253.752 260.123 232.414 254.376 141.443 157.978 188.196 187.016 252.132 257.322 228.718 249.928 139.734 156.361 185.21 184.771 
255.981 262.287 234.665 256.651 141.183 157.709 188.024 186.833 254.382 259.581 230.99 252.139 139.702 156.253 185.181 184.795 
257.788 264.098 236.467 258.452 141.06 157.634 187.877 186.643 256.156 261.429 232.751 253.874 139.659 156.238 185.176 184.743 
259.73 266.021 238.381 260.363 140.967 157.524 187.766 186.544 258.105 263.369 234.723 255.819 139.604 156.181 185.128 184.687 
261.464 267.86 240.185 262.099 140.852 157.473 187.607 186.384 259.835 265.051 236.428 257.541 139.65 156.142 185.074 184.717 
263.241 269.597 241.904 263.813 140.768 157.275 187.524 186.351 261.643 266.855 238.207 259.297 139.608 156.106 185.065 184.754 
264.632 271.015 243.324 265.192 140.667 157.236 187.408 186.196 263.187 268.363 239.8 260.933 139.572 156.036 185.03 184.672 
266.283 272.617 244.93 266.836 140.558 157.054 187.34 186.144 264.674 269.856 241.314 262.442 139.604 155.927 184.936 184.653 
267.543 273.894 246.214 268.105 140.463 157.012 187.214 186.012 265.946 271.14 242.544 263.642 139.538 155.954 184.879 184.555 
268.87 275.236 247.488 269.332 140.325 156.822 187.094 185.968 267.451 272.547 243.968 265.103 139.657 155.953 184.881 184.624 
270.211 276.573 248.841 270.696 140.296 156.819 187.067 185.858 268.586 273.704 245.158 266.268 139.579 155.786 184.831 184.579 
271.303 277.592 249.905 271.792 140.283 156.678 186.911 185.81 269.677 274.806 246.186 267.28 139.553 155.849 184.862 184.639 
272.279 278.657 250.89 272.713 140.121 156.621 186.858 185.664 270.689 275.792 247.216 268.327 139.589 155.777 184.812 184.56 
273.129 279.506 251.721 273.55 140.172 156.599 186.823 185.726 271.513 276.66 248.016 269.094 139.52 155.884 184.816 184.514 
273.905 280.208 252.517 274.422 140.047 156.512 186.727 185.572 272.376 277.526 248.956 270.063 139.526 155.932 184.802 184.467 
274.59 280.941 253.249 275.083 139.978 156.505 186.715 185.509 272.971 278.088 249.544 270.618 139.478 155.803 184.784 184.488 
275.357 281.678 253.961 275.852 139.928 156.396 186.645 185.518 273.743 278.985 250.379 271.457 139.328 155.923 184.815 184.375 
275.724 282.046 254.35 276.241 139.936 156.462 186.651 185.452 274.064 279.285 250.674 271.737 139.416 155.872 184.801 184.457 
275.869 282.209 254.502 276.427 139.896 156.4 186.614 185.407 274.249 279.453 250.827 271.915 139.341 155.891 184.804 184.412 
275.931 282.291 254.526 276.42 139.866 156.495 186.653 185.387 274.278 279.464 250.857 271.983 139.37 155.896 184.824 184.411 
275.902 282.233 254.562 276.43 139.842 156.346 186.642 185.463 274.272 279.501 250.852 271.954 139.446 155.92 184.85 184.449 
275.882 282.224 254.533 276.413 139.842 156.389 186.653 185.473 274.231 279.45 250.867 271.963 139.391 155.889 184.769 184.384 
275.846 282.197 254.476 276.36 139.824 156.408 186.652 185.431 274.2 279.446 250.818 271.906 139.334 156.012 184.809 184.313 
275.846 282.205 254.462 276.356 139.838 156.414 186.629 185.414 274.223 279.432 250.784 271.904 139.355 155.993 184.789 184.328 
275.663 281.993 254.292 276.177 139.854 156.49 186.638 185.409 274.007 279.2 250.555 271.65 139.345 155.898 184.775 184.382 
275.274 281.637 253.895 275.773 139.905 156.418 186.67 185.523 273.623 278.845 250.187 271.249 139.359 155.835 184.801 184.416 
274.979 281.331 253.628 275.506 139.973 156.47 186.663 185.515 273.331 278.511 249.906 270.975 139.438 155.874 184.784 184.436 
274.47 280.798 253.089 274.992 139.982 156.528 186.73 185.546 272.822 277.972 249.348 270.447 139.471 155.875 184.752 184.429 
273.96 280.309 252.511 274.399 139.976 156.568 186.809 185.566 272.274 277.484 248.79 269.845 139.431 155.963 184.814 184.425 
273.081 279.361 251.626 273.527 140.098 156.635 186.825 185.629 271.364 276.498 247.874 268.989 139.372 155.824 184.824 184.503 
272.006 278.316 250.598 272.488 140.055 156.685 186.926 185.644 270.316 275.503 246.85 267.962 139.431 155.995 184.804 184.367 
270.773 277.116 249.346 271.229 140.138 156.772 187.006 185.803 269.08 274.29 245.618 266.659 139.465 156.017 184.881 184.461 
269.15 275.531 247.756 269.607 140.344 156.927 187.094 185.903 267.484 272.603 243.973 265.094 139.428 155.923 184.915 184.542 
267.594 273.89 246.132 268.087 140.443 157.08 187.227 185.992 265.839 271.004 242.33 263.444 139.473 156.037 184.971 184.587 
266.033 272.397 244.642 266.514 140.545 157.064 187.329 186.157 264.348 269.503 240.877 261.992 139.561 155.996 184.934 184.57 
264.475 270.806 243.067 264.964 140.673 157.221 187.435 186.258 262.752 267.915 239.255 260.371 139.634 156.116 185.014 184.617 
262.299 268.63 240.856 262.767 140.777 157.258 187.535 186.434 260.573 265.701 237.107 258.251 139.623 156.042 185.036 184.718 
260.708 267.031 239.248 261.171 140.852 157.428 187.674 186.506 258.947 264.142 235.469 256.593 139.634 156.064 185.089 184.741 
258.507 264.855 237.152 259.058 141.051 157.621 187.812 186.612 256.773 261.984 233.313 254.412 139.752 156.152 185.099 184.747 
256.646 262.965 235.248 257.199 141.165 157.666 187.932 186.774 254.928 260.111 231.424 252.571 139.707 156.28 185.162 184.705 
254.622 260.95 233.194 255.121 141.323 157.865 188.109 186.936 252.853 257.996 229.359 250.517 139.715 156.187 185.167 184.828 
252.301 258.71 230.975 252.879 141.516 158.13 188.261 187.02 250.522 255.707 227.093 248.27 139.782 156.274 185.229 184.844 
250.251 256.554 228.884 250.834 141.65 158.175 188.4 187.229 248.469 253.638 225.032 246.179 139.8 156.269 185.234 184.845 
248.113 254.421 226.713 248.682 141.728 158.28 188.534 187.348 246.08 251.287 222.636 243.807 139.843 156.378 185.291 184.883 
245.711 252.073 224.312 246.253 141.923 158.485 188.679 187.467 243.621 248.807 220.102 241.26 139.764 156.326 185.358 184.977 
243.23 249.629 221.89 243.816 142.102 158.663 188.874 187.71 241.426 246.61 217.991 239.165 139.853 156.369 185.394 185.021 
240.805 247.235 219.432 241.344 142.326 158.817 189.066 187.953 239.017 244.176 215.461 236.674 139.928 156.405 185.402 185.08 
238.381 244.744 217.007 238.952 142.435 158.987 189.219 188.055 236.345 241.588 212.984 234.14 139.987 156.523 185.497 185.088 
236.087 242.484 214.683 236.668 142.633 159.213 189.411 188.224 234.001 239.23 210.527 231.724 139.982 156.588 185.513 185.044 
233.803 240.198 212.419 234.394 142.759 159.374 189.578 188.363 231.945 237.175 208.51 229.748 139.952 156.663 185.525 185.005 
231.624 238.028 210.235 232.216 142.942 159.515 189.703 188.512 229.77 234.999 206.332 227.554 140.072 156.677 185.562 185.132 
229.17 235.586 207.853 229.775 143.091 159.628 189.885 188.762 227.337 232.523 203.827 225.072 140.054 156.609 185.645 185.271 
227.213 233.622 205.883 227.857 143.229 159.842 190.001 188.809 225.123 230.368 201.654 222.851 140.087 156.711 185.68 185.293 
225.058 231.488 203.727 225.718 143.4 159.965 190.144 188.937 223.207 228.413 199.702 220.897 140.077 156.652 185.732 185.334 
222.948 229.36 201.571 223.559 143.515 160.131 190.383 189.176 221.067 226.318 197.575 218.759 140.154 156.681 185.755 185.374 
221.026 227.47 199.676 221.628 143.678 160.28 190.473 189.268 219.102 224.382 195.693 216.899 140.13 156.72 185.811 185.393 
219.162 225.554 197.791 219.799 143.793 160.38 190.58 189.416 217.021 222.223 193.515 214.758 140.28 156.688 185.843 185.548 
217.17 223.66 195.851 217.81 143.901 160.651 190.753 189.473 215.276 220.537 191.782 212.999 140.227 156.799 185.927 185.483 
215.251 221.693 193.963 215.983 143.982 160.669 190.877 189.583 213.368 218.636 189.926 211.16 140.232 156.897 185.93 185.463 
213.75 220.212 192.367 214.367 144.216 160.847 191.042 189.838 211.817 217.112 188.476 209.721 140.292 156.917 185.898 185.431 
212.379 218.829 191.04 213.044 144.304 160.925 191.124 189.938 210.501 215.771 187.088 208.296 140.365 156.97 185.951 185.519 
210.924 217.461 189.56 211.496 144.35 161.158 191.299 189.966 209.015 214.258 185.546 206.774 140.371 156.998 186.017 185.568 
209.354 215.92 188.088 210.053 144.5 161.288 191.411 190.09 207.461 212.763 184.06 205.266 140.349 157.025 186.015 185.493 
208.107 214.659 186.842 208.782 144.55 161.218 191.432 190.212 206.292 211.54 182.845 204.073 140.447 156.998 186.018 185.577 
207.235 213.706 185.919 207.932 144.595 161.314 191.556 190.272 205.222 210.545 181.813 203.034 140.435 157.004 186.103 185.655 
206.194 212.662 184.87 206.917 144.667 161.43 191.609 190.318 204.328 209.556 180.881 202.144 140.517 157.062 186.094 185.659 
205.464 211.919 184.136 206.18 144.755 161.411 191.623 190.392 203.54 208.875 180.162 201.374 140.425 157.13 186.098 185.599 
204.698 211.123 183.363 205.396 144.773 161.423 191.664 190.466 202.7 207.971 179.288 200.527 140.478 157.069 186.093 185.639 
204.031 210.499 182.698 204.689 144.787 161.481 191.738 190.479 202.159 207.407 178.735 200.007 140.49 157.104 186.149 185.689 
203.612 210.147 182.307 204.337 144.893 161.656 191.812 190.56 201.686 206.983 178.345 199.61 140.579 157.206 186.122 185.653 
203.199 209.679 181.91 203.931 144.906 161.616 191.798 190.532 201.321 206.61 177.924 199.199 140.485 157.09 186.119 185.674 
202.923 209.469 181.606 203.61 144.849 161.651 191.874 190.568 201.054 206.374 177.69 198.93 140.534 157.091 186.148 185.732 
202.803 209.301 181.461 203.503 144.879 161.648 191.869 190.568 200.902 206.203 177.511 198.693 140.479 157.086 186.123 185.702 
202.796 209.264 181.447 203.494 144.904 161.656 191.843 190.525 200.873 206.156 177.429 198.664 140.446 157.051 186.177 185.76 
202.755 209.211 181.388 203.424 144.928 161.565 191.851 190.631 200.889 206.185 177.421 198.673 140.524 157.128 186.161 185.743 
202.765 209.192 181.412 203.492 144.913 161.548 191.813 190.604 200.88 206.189 177.441 198.671 140.527 157.094 186.176 185.753 
202.777 209.257 181.441 203.468 144.954 161.61 191.866 190.661 200.866 206.185 177.412 198.627 140.461 157.117 186.215 185.741 
201.875 208.472 180.632 202.609 144.973 161.731 191.97 190.702 199.938 205.259 176.602 197.855 140.6 157.2 186.154 185.686 
202.385 208.935 181.148 203.155 144.93 161.589 191.891 190.698 200.633 205.889 177.253 198.468 140.554 157.071 186.151 185.796 
203.298 209.855 182.11 204.118 144.816 161.559 191.815 190.565 201.559 206.919 178.291 199.521 140.512 157.187 186.11 185.616 
204.319 210.842 183.092 205.081 144.812 161.496 191.729 190.523 202.501 207.8 179.149 200.354 140.532 157.065 186.165 185.759 
205.516 212.122 184.334 206.27 144.723 161.504 191.695 190.389 203.668 209.003 180.35 201.614 140.491 157.126 186.145 185.675 
206.654 213.213 185.398 207.35 144.669 161.356 191.588 190.358 204.77 210.061 181.392 202.593 140.437 156.995 186.105 185.668 
207.902 214.452 186.646 208.642 144.614 161.294 191.465 190.242 206.054 211.336 182.764 204.027 140.47 157.017 186.076 185.612 
209.417 215.94 188.198 210.204 144.517 161.195 191.347 190.103 207.57 212.902 184.283 205.536 140.426 157.11 186.024 185.492 
210.986 217.445 189.696 211.738 144.365 160.944 191.252 190.082 209.166 214.531 185.862 207.063 140.386 157.068 186.051 185.568 
212.489 219.058 191.222 213.215 144.279 160.916 191.158 189.971 210.735 215.936 187.321 208.601 140.412 156.91 185.993 185.593 
214.16 220.628 192.919 214.959 144.143 160.791 191.046 189.82 212.396 217.662 189.027 210.277 140.411 156.885 185.951 185.59 
215.92 222.402 194.654 216.646 144.032 160.691 190.906 189.673 214.127 219.412 190.776 211.999 140.342 156.952 185.932 185.471 
217.901 224.343 196.609 218.629 143.874 160.524 190.792 189.549 216.144 221.401 192.777 214.025 140.353 156.869 185.857 185.477 
219.765 226.23 198.496 220.489 143.74 160.349 190.576 189.367 217.972 223.299 194.704 215.933 140.259 156.885 185.811 185.382 
221.891 228.336 200.636 222.641 143.604 160.239 190.466 189.22 220.121 225.422 196.797 218.009 140.24 156.88 185.805 185.339 
223.83 230.295 202.55 224.543 143.468 160.152 190.334 189.057 222.106 227.39 198.776 219.997 140.288 156.855 185.79 185.378 
226.094 232.562 204.807 226.769 143.366 159.886 190.14 188.994 224.321 229.641 200.998 222.197 140.15 156.749 185.735 185.293 
228.159 234.571 206.873 228.886 143.18 159.711 189.999 188.829 226.453 231.695 203.065 224.257 140.168 156.616 185.652 185.304 
230.267 236.719 208.981 230.964 143.062 159.649 189.81 188.605 228.783 234.051 205.371 226.57 140.148 156.614 185.61 185.278 
232.652 239.072 211.321 233.334 142.883 159.398 189.634 188.473 230.942 236.209 207.531 228.718 140.082 156.602 185.612 185.23 
234.837 241.297 213.557 235.529 142.774 159.355 189.547 188.35 233.135 238.383 209.778 230.971 140.042 156.539 185.535 185.181 
237.028 243.469 215.73 237.701 142.598 159.184 189.388 188.2 235.565 240.821 212.199 233.366 139.956 156.539 185.529 185.12 
239.387 245.853 218.156 240.109 142.386 159.006 189.206 187.996 237.733 243.028 214.412 235.564 139.958 156.57 185.481 185.029 
241.793 248.185 220.533 242.518 142.271 158.774 189.023 187.868 240.09 245.388 216.786 237.942 139.919 156.565 185.471 185.008 
244.091 250.46 222.777 244.753 142.089 158.597 188.843 187.662 242.43 247.623 219.055 240.233 139.945 156.362 185.38 185.027 
246.17 252.557 224.889 246.819 141.949 158.439 188.68 187.555 244.732 249.919 221.304 242.487 139.893 156.337 185.392 185.01 
248.458 254.853 227.206 249.173 141.777 158.303 188.511 187.321 246.793 252.012 223.44 244.593 139.884 156.326 185.313 184.973 
250.781 257.134 229.467 251.406 141.618 158.117 188.384 187.215 249.125 254.378 225.699 246.81 139.815 156.297 185.305 184.954 
252.833 259.242 231.56 253.489 141.488 158.032 188.249 187.064 251.223 256.411 227.828 248.983 139.755 156.213 185.271 184.912 
254.891 261.323 233.562 255.436 141.343 157.901 188.128 186.941 253.285 258.443 229.888 251.075 139.743 156.172 185.216 184.902 
256.734 263.141 235.472 257.383 141.227 157.697 187.938 186.782 255.129 260.341 231.72 252.826 139.724 156.145 185.183 184.866 
258.453 264.833 237.144 259.047 141.054 157.582 187.836 186.651 257.035 262.214 233.593 254.743 139.713 156.146 185.148 184.817 
260.459 266.792 239.128 261.091 140.884 157.4 187.636 186.449 258.836 263.991 235.43 256.575 139.666 156.109 185.088 184.723 
262.312 268.635 240.951 262.866 140.761 157.299 187.547 186.328 260.685 265.862 237.288 258.435 139.645 156.085 185.069 184.692 
263.964 270.316 242.613 264.542 140.674 157.274 187.499 186.264 262.347 267.559 238.927 260.055 139.614 156.157 185.037 184.645 
265.68 272.059 244.318 266.222 140.566 157.16 187.367 186.124 264.033 269.214 240.647 261.797 139.481 156.036 184.984 184.566 
267.191 273.607 245.866 267.718 140.506 157.039 187.285 186.14 265.624 270.767 242.137 263.281 139.549 155.979 184.967 184.677 
268.554 274.959 247.231 269.105 140.435 156.911 187.135 185.997 266.953 272.165 243.564 264.634 139.541 155.971 184.938 184.618 
269.833 276.168 248.472 270.415 140.275 156.862 187.084 185.863 268.322 273.525 244.977 266.093 139.431 156.005 184.905 184.526 
270.999 277.398 249.667 271.547 140.205 156.718 187.006 185.856 269.4 274.59 246.022 267.09 139.426 155.998 184.953 184.494 
272.139 278.484 250.796 272.691 140.087 156.601 186.843 185.654 270.568 275.735 247.159 268.278 139.497 155.955 184.855 184.51 
273.002 279.355 251.613 273.494 140.02 156.532 186.825 185.714 271.39 276.622 247.996 269.064 139.426 155.979 184.815 184.405 
273.847 280.172 252.459 274.394 140.028 156.565 186.755 185.567 272.195 277.399 248.808 269.881 139.414 155.933 184.815 184.369 
274.45 280.845 253.08 274.949 140.007 156.58 186.708 185.488 272.811 277.991 249.426 270.539 139.454 155.833 184.775 184.469 
274.978 281.343 253.582 275.462 139.967 156.494 186.694 185.512 273.368 278.504 249.92 271.019 139.339 155.883 184.838 184.453 
275.439 281.743 254.078 275.972 139.853 156.456 186.682 185.473 273.793 278.954 250.312 271.449 139.337 155.896 184.832 184.431 
275.733 282.123 254.363 276.236 139.851 156.553 186.738 185.451 274.098 279.263 250.624 271.777 139.403 155.905 184.823 184.46 
275.889 282.204 254.494 276.401 139.852 156.368 186.642 185.464 274.277 279.455 250.785 271.894 139.379 155.901 184.791 184.418 
275.92 282.239 254.594 276.517 139.843 156.408 186.657 185.45 274.294 279.445 250.859 271.975 139.349 155.874 184.785 184.41 
275.897 282.24 254.555 276.464 139.817 156.358 186.596 185.417 274.299 279.439 250.81 271.957 139.411 155.875 184.814 184.456 
275.841 282.17 254.535 276.428 139.797 156.34 186.602 185.395 274.227 279.428 250.796 271.904 139.316 155.858 184.776 184.389 
275.842 282.188 254.483 276.352 139.836 156.408 186.616 185.399 274.184 279.45 250.784 271.863 139.407 155.927 184.783 184.379 
275.814 282.098 254.443 276.367 139.777 156.395 186.614 185.377 274.165 279.39 250.769 271.869 139.287 155.872 184.776 184.325 
275.632 281.986 254.265 276.164 139.824 156.483 186.649 185.391 273.913 279.07 250.443 271.582 139.266 155.816 184.763 184.347 
275.208 281.567 253.852 275.724 139.854 156.412 186.637 185.472 273.555 278.739 250.115 271.204 139.329 155.8 184.832 184.431 
274.896 281.287 253.512 275.338 139.928 156.503 186.693 185.524 273.251 278.419 249.834 270.932 139.361 155.841 184.788 184.397 
274.442 280.761 253.031 274.881 139.931 156.538 186.72 185.497 272.789 277.962 249.351 270.444 139.472 155.929 184.791 184.422 
273.858 280.155 252.445 274.366 139.989 156.549 186.754 185.558 272.215 277.373 248.751 269.859 139.444 155.923 184.801 184.453 
272.919 279.22 251.512 273.427 140.063 156.599 186.775 185.636 271.285 276.387 247.81 268.917 139.422 155.855 184.805 184.486 
271.725 278.05 250.314 272.217 140.136 156.709 186.921 185.696 270.044 275.17 246.493 267.618 139.363 155.911 184.867 184.482 
270.603 277.009 249.215 271.039 140.191 156.871 186.992 185.722 268.933 274.083 245.42 266.513 139.43 155.915 184.898 184.549 
269.207 275.575 247.81 269.662 140.32 156.889 187.093 185.862 267.352 272.487 243.87 264.981 139.508 155.927 184.942 184.611 
267.592 273.857 246.093 268.101 140.438 157 187.21 186.04 265.82 271.002 242.279 263.406 139.455 156.002 184.952 184.561 
265.824 272.159 244.41 266.336 140.563 157.191 187.326 186.091 264.075 269.229 240.629 261.776 139.466 156.062 184.947 184.527 
263.823 270.114 242.402 264.346 140.672 157.285 187.431 186.2 262.088 267.261 238.527 259.682 139.561 156.144 185.07 184.659 
261.915 268.246 240.516 262.42 140.742 157.33 187.57 186.341 260.206 265.389 236.733 257.902 139.591 156.111 185.02 184.668 
260.154 266.481 238.75 260.657 140.96 157.474 187.671 186.471 258.412 263.657 234.962 256.062 139.656 156.176 185.076 184.708 
258.296 264.653 236.905 258.784 141.044 157.609 187.789 186.59 256.543 261.693 233.076 254.219 139.644 156.136 185.128 184.743 
255.965 262.323 234.599 256.502 141.19 157.75 187.979 186.786 254.243 259.413 230.77 251.892 139.636 156.252 185.167 184.765 
253.865 260.19 232.456 254.416 141.402 157.962 188.142 186.966 252.096 257.251 228.628 249.807 139.688 156.236 185.184 184.796 
251.901 258.205 230.472 252.453 141.523 158.029 188.295 187.123 249.915 255.118 226.345 247.511 139.793 156.329 185.271 184.872 
249.427 255.73 228.024 249.995 141.683 158.201 188.45 187.287 247.621 252.809 224.097 245.265 139.801 156.289 185.276 184.944 
247.238 253.58 225.873 247.83 141.855 158.381 188.574 187.431 245.465 250.702 221.977 243.093 139.796 156.37 185.328 184.969 
245.169 251.516 223.809 245.776 142.035 158.479 188.691 187.615 243.378 248.604 219.852 241.004 139.858 156.42 185.411 185.014 
243.032 249.376 221.646 243.617 142.137 158.65 188.877 187.737 241.239 246.344 217.664 238.886 139.94 156.302 185.344 185.073 
240.823 247.182 219.41 241.35 142.288 158.777 189.014 187.905 239.017 244.22 215.484 236.645 140.018 156.404 185.406 185.094 
238.139 244.428 216.642 238.58 142.505 158.872 189.177 188.104 236.366 241.446 212.866 234.072 140.006 156.311 185.388 185.093 
236.079 242.446 214.561 236.418 142.687 159.055 189.355 188.223 234.317 239.393 210.764 231.974 140.169 156.308 185.352 185.182 
233.826 240.135 212.276 234.189 142.906 159.192 189.498 188.457 232.037 237.089 208.402 229.601 140.251 156.314 185.382 185.217 
231.642 237.989 210.078 231.899 143.039 159.293 189.596 188.574 229.535 234.589 205.91 227.076 140.27 156.153 185.429 185.439 
229.278 235.509 207.696 229.594 143.268 159.39 189.751 188.813 227.133 232.111 203.435 224.609 140.425 156.2 185.459 185.49 
227.186 233.467 205.623 227.493 143.449 159.542 189.901 188.935 225.184 230.156 201.419 222.633 140.5 156.133 185.494 185.619 
225.052 231.36 203.477 225.298 143.58 159.666 190.081 189.12 223.252 228.246 199.539 220.727 140.538 156.133 185.492 185.662 
223.354 229.656 201.769 223.579 143.674 159.766 190.205 189.288 221.388 226.34 197.641 218.86 140.544 156.192 185.542 185.647 
221.485 227.783 199.896 221.776 143.813 160.002 190.367 189.391 219.608 224.629 195.933 217.159 140.528 156.27 185.544 185.618 
219.607 225.956 198.063 219.938 143.881 160.211 190.54 189.464 217.741 222.804 194.131 215.349 140.415 156.519 185.616 185.443 
217.552 223.917 196.041 218.031 144.024 160.426 190.705 189.604 215.665 220.748 192.136 213.377 140.441 156.65 185.725 185.529 
215.821 222.237 194.385 216.319 144.036 160.551 190.882 189.76 213.756 219.012 190.27 211.443 140.398 156.856 185.799 185.444 
214.022 220.466 192.616 214.572 144.207 160.728 191.039 189.915 212.157 217.29 188.633 209.858 140.439 156.685 185.824 185.584 
212.296 218.739 190.878 212.816 144.329 160.77 191.149 190.051 210.484 215.651 186.971 208.167 140.543 156.836 185.88 185.582 
211.061 217.462 189.601 211.576 144.382 160.907 191.21 190.06 208.983 214.146 185.413 206.67 140.503 156.793 185.96 185.701 
209.567 216.028 188.121 210.042 144.488 161.097 191.348 190.107 207.698 212.878 184.174 205.428 140.517 156.883 185.926 185.632 
208.325 214.842 186.9 208.764 144.638 161.049 191.375 190.27 206.538 211.689 183.015 204.217 140.667 156.778 185.934 185.76 
207.32 213.749 185.818 207.67 144.752 161.138 191.479 190.399 205.482 210.59 181.944 203.18 140.699 156.681 185.883 185.774 
206.32 212.694 184.823 206.703 144.841 161.07 191.48 190.449 204.404 209.477 180.781 201.994 140.816 156.556 185.874 185.894 
205.461 211.866 183.954 205.786 144.919 161.244 191.562 190.483 203.625 208.718 180.006 201.207 140.793 156.602 185.857 185.851 
204.633 210.94 183.017 204.903 144.973 161.12 191.576 190.588 202.804 207.759 179.122 200.346 140.872 156.495 185.832 185.925 
204.022 210.457 182.49 204.305 145.042 161.262 191.633 190.638 202.151 207.139 178.524 199.8 140.939 156.609 185.831 185.883 
203.561 209.973 181.993 203.792 145.049 161.339 191.661 190.641 201.667 206.698 178.077 199.32 140.881 156.569 185.878 185.931 
203.172 209.544 181.636 203.468 145.086 161.322 191.648 190.632 201.326 206.375 177.669 198.876 140.953 156.627 185.833 185.941 
202.927 209.288 181.361 203.198 145.108 161.24 191.676 190.728 201.123 206.103 177.387 198.607 140.91 156.554 185.875 185.943 
202.812 209.176 181.199 203.06 145.133 161.267 191.711 190.732 201.01 205.963 177.308 198.549 140.971 156.588 185.909 186.001 
202.769 209.171 181.18 203.009 145.151 161.362 191.727 190.723 200.979 205.919 177.256 198.509 140.899 156.551 185.926 185.945 
202.744 209.104 181.168 202.995 145.102 161.231 191.673 190.716 200.944 205.983 177.226 198.368 140.873 156.561 185.927 186.008 
202.719 209.054 181.167 203 145.152 161.194 191.676 190.736 200.973 205.937 177.262 198.495 140.976 156.615 185.93 186.036 
202.79 209.124 181.17 202.994 145.136 161.276 191.737 190.777 200.982 205.914 177.274 198.484 140.9 156.494 185.883 185.993 
202.065 208.522 180.606 202.394 145.243 161.36 191.79 190.881 200.264 205.333 176.651 197.832 140.947 156.656 185.914 185.936 
202.145 208.57 180.639 202.467 145.249 161.32 191.742 190.857 200.337 205.382 176.733 197.934 140.952 156.565 185.913 185.978 
202.91 209.335 181.473 203.292 145.081 161.336 191.696 190.648 201.16 206.17 177.507 198.679 140.953 156.526 185.936 186.034 
203.881 210.311 182.405 204.233 145.092 161.318 191.652 190.656 202.193 207.169 178.58 199.827 140.961 156.522 185.829 185.914 
204.966 211.334 183.479 205.303 144.956 161.123 191.507 190.504 203.182 208.161 179.538 200.754 140.882 156.432 185.863 185.985 
206.076 212.496 184.527 206.324 144.933 161.116 191.511 190.551 204.319 209.351 180.702 201.93 140.961 156.538 185.751 185.868 
207.3 213.671 185.772 207.618 144.893 161.016 191.399 190.402 205.633 210.676 182.084 203.257 140.894 156.386 185.727 185.846 
208.727 215.107 187.211 209.069 144.734 160.906 191.287 190.277 206.968 211.929 183.269 204.433 140.868 156.359 185.769 185.924 
210.154 216.584 188.667 210.408 144.705 160.881 191.21 190.238 208.379 213.366 184.782 206.001 140.838 156.309 185.712 185.891 
211.877 218.258 190.403 212.213 144.637 160.762 191.048 190.062 210.144 215.128 186.555 207.783 140.886 156.502 185.728 185.799 
213.434 219.78 192.013 213.802 144.395 160.48 190.917 189.986 211.728 216.748 188.163 209.35 140.851 156.425 185.664 185.744 
215.328 221.693 193.839 215.653 144.291 160.41 190.781 189.77 213.61 218.592 189.953 211.152 140.8 156.343 185.634 185.771 
217.08 223.421 195.522 217.328 144.188 160.274 190.626 189.678 215.557 220.535 191.964 213.138 140.801 156.284 185.566 185.747 
219.098 225.365 197.535 219.38 144.053 160.051 190.515 189.631 217.376 222.308 193.732 214.935 140.699 156.223 185.565 185.728 
220.968 227.319 199.469 221.228 143.916 159.933 190.381 189.465 219.271 224.219 195.591 216.826 140.667 156.199 185.591 185.739 
223.124 229.469 201.608 223.4 143.753 159.798 190.215 189.322 221.46 226.391 197.825 219.027 140.663 156.111 185.442 185.687 
225.135 231.484 203.696 225.454 143.656 159.684 190.044 189.103 223.694 228.62 200.01 221.203 140.615 156.16 185.455 185.573 
227.405 233.688 205.896 227.702 143.45 159.479 189.879 188.938 225.759 230.721 202.094 223.274 140.555 156.18 185.422 185.539 
229.539 235.82 208.072 229.872 143.261 159.276 189.71 188.775 228.105 233.137 204.613 225.776 140.537 156.179 185.342 185.421 
231.946 238.228 210.4 232.199 143.167 159.189 189.635 188.686 230.28 235.291 206.765 227.919 140.55 156.146 185.35 185.46 
234.274 240.531 212.768 234.582 142.977 158.999 189.4 188.477 232.632 237.596 209.077 230.216 140.468 155.952 185.292 185.444 
236.476 242.781 214.972 236.7 142.818 158.844 189.263 188.332 234.847 239.739 211.194 232.354 140.455 155.902 185.251 185.428 
238.632 245.003 217.123 238.815 142.677 158.65 189.13 188.246 237.006 241.916 213.364 234.481 140.417 155.844 185.216 185.383 
241.079 247.42 219.547 241.27 142.528 158.427 188.887 188.017 239.483 244.45 215.813 236.922 140.362 155.845 185.214 185.365 
243.299 249.559 221.769 243.504 142.377 158.375 188.782 187.815 241.655 246.598 217.951 239.109 140.298 155.828 185.15 185.28 
245.463 251.702 223.935 245.678 142.178 158.245 188.591 187.607 243.825 248.748 220.159 241.295 140.253 155.759 185.098 185.237 
247.816 254.056 226.251 248.015 142.104 158.013 188.428 187.582 246.222 251.18 222.572 243.684 140.287 155.893 185.079 185.184 
249.925 256.179 228.417 250.216 141.948 157.952 188.283 187.351 248.298 253.272 224.724 245.836 140.117 155.772 185.032 185.105 
252.035 258.325 230.477 252.215 141.77 157.83 188.206 187.243 250.443 255.359 226.861 247.998 140.204 155.708 184.973 185.113 
254.136 260.376 232.553 254.306 141.574 157.634 188.076 187.127 252.556 257.53 228.953 250.048 140.189 155.725 184.932 185.056 
256.127 262.382 234.562 256.327 141.426 157.382 187.91 187.022 254.573 259.559 230.971 252.078 140.131 155.724 184.94 185.029 
258.168 264.428 236.615 258.345 141.269 157.282 187.761 186.794 256.611 261.572 233.031 254.124 140.094 155.699 184.901 184.991 
260.023 266.244 238.462 260.241 141.13 157.265 187.635 186.65 258.425 263.443 234.845 255.927 140.105 155.783 184.872 184.914 
261.761 268.003 240.128 261.862 141.025 157.158 187.521 186.528 260.195 265.145 236.564 257.666 140.003 155.73 184.81 184.828 
263.297 269.6 241.765 263.477 141.048 157.068 187.409 186.46 261.699 266.653 238.013 259.086 139.941 155.564 184.785 184.897 
264.816 271.061 243.332 265.066 140.785 156.907 187.251 186.286 263.464 268.399 239.853 260.925 139.909 155.556 184.74 184.865 
266.52 272.824 245.023 266.705 140.617 156.841 187.147 186.114 264.99 269.923 241.316 262.403 139.906 155.549 184.795 184.877 
267.925 274.199 246.392 268.106 140.56 156.751 187.121 186.106 266.381 271.388 242.787 263.87 139.936 155.613 184.719 184.828 
269.151 275.451 247.664 269.414 140.484 156.605 186.998 185.976 267.607 272.514 243.979 265.091 139.829 155.525 184.744 184.791 
270.368 276.644 248.88 270.606 140.397 156.571 186.892 185.854 268.925 273.895 245.364 266.442 139.776 155.621 184.685 184.638 
271.658 277.831 250.076 271.85 140.372 156.388 186.788 185.898 270.074 274.941 246.396 267.508 139.831 155.408 184.643 184.728 
272.569 278.845 251.077 272.81 140.232 156.449 186.762 185.726 270.992 275.917 247.449 268.527 139.758 155.404 184.63 184.682 
273.562 279.791 252.013 273.743 140.217 156.357 186.707 185.724 271.975 276.904 248.295 269.39 139.736 155.45 184.647 184.724 
274.281 280.577 252.757 274.486 140.071 156.338 186.609 185.539 272.687 277.674 249.105 270.203 139.809 155.564 184.629 184.652 
274.804 281.102 253.276 274.973 140.101 156.294 186.588 185.536 273.233 278.145 249.633 270.715 139.755 155.449 184.606 184.648 
275.279 281.561 253.777 275.546 140.019 156.222 186.591 185.559 273.69 278.7 250.072 271.115 139.677 155.492 184.649 184.614 
275.738 281.904 254.233 275.99 139.983 156.132 186.485 185.484 274.134 279.143 250.524 271.607 139.652 155.524 184.607 184.566 
275.957 282.218 254.421 276.161 139.968 156.174 186.537 185.494 274.396 279.441 250.855 271.9 139.665 155.619 184.651 184.58 
