270.533 276.946 249.193 271.061 140.25 156.795 186.992 185.799 268.971 274.123 245.574 266.672 139.538 155.912 184.87 184.548 
271.513 277.821 250.117 272.046 140.191 156.636 186.95 185.8 269.886 275.087 246.479 267.591 139.467 155.917 184.895 184.594 
272.528 278.939 251.21 273.013 140.081 156.665 186.879 185.65 270.964 276.131 247.521 268.614 139.508 155.943 184.843 184.505 
273.38 279.662 251.995 273.902 140.009 156.497 186.804 185.628 271.872 277.019 248.438 269.499 139.375 155.863 184.814 184.469 
274.216 280.563 252.881 274.746 139.991 156.54 186.731 185.551 272.644 277.79 249.234 270.335 139.454 155.891 184.777 184.389 
274.817 281.228 253.53 275.347 139.918 156.507 186.694 185.469 273.296 278.417 249.835 270.947 139.508 155.819 184.763 184.527 
275.336 281.686 253.972 275.84 139.898 156.41 186.652 185.506 273.694 278.837 250.219 271.323 139.447 155.816 184.765 184.473 
275.693 282.003 254.307 276.214 139.854 156.457 186.635 185.401 274.077 279.25 250.605 271.7 139.37 155.859 184.799 184.437 
275.856 282.179 254.459 276.34 139.82 156.382 186.632 185.408 274.248 279.447 250.796 271.891 139.407 155.881 184.76 184.396 
275.877 282.201 254.518 276.4 139.822 156.32 186.599 185.412 274.296 279.487 250.887 271.975 139.392 155.878 184.743 184.378 
275.908 282.239 254.495 276.401 139.86 156.379 186.623 185.424 274.276 279.425 250.819 271.932 139.43 155.861 184.79 184.45 
275.813 282.133 254.462 276.357 139.855 156.313 186.593 185.431 274.22 279.42 250.82 271.926 139.353 155.847 184.745 184.371 
275.813 282.095 254.455 276.357 139.835 156.331 186.575 185.383 274.197 279.39 250.804 271.914 139.358 155.862 184.745 184.345 
275.783 282.112 254.371 276.219 139.869 156.393 186.622 185.43 274.147 279.271 250.675 271.825 139.354 155.784 184.772 184.407 
275.481 281.782 254.112 276.005 139.858 156.384 186.631 185.431 273.848 279.009 250.357 271.483 139.34 155.801 184.77 184.387 
275.109 281.458 253.711 275.573 139.923 156.378 186.648 185.508 273.494 278.596 250.038 271.185 139.443 155.764 184.703 184.446 
274.743 281.115 253.366 275.178 139.913 156.501 186.7 185.473 273.142 278.272 249.646 270.749 139.437 155.817 184.783 184.452 
274.174 280.462 252.723 274.632 139.963 156.479 186.754 185.558 272.53 277.667 249.089 270.19 139.453 155.79 184.755 184.429 
273.438 279.733 252.009 273.891 140.069 156.566 186.746 185.582 271.769 276.885 248.215 269.329 139.365 155.795 184.847 184.495 
272.42 278.709 250.974 272.907 140.095 156.663 186.845 185.632 270.667 275.829 247.141 268.279 139.521 155.938 184.808 184.475 
271.134 277.448 249.665 271.564 140.211 156.652 186.897 185.789 269.347 274.48 245.858 266.964 139.432 155.809 184.825 184.519 
269.367 275.738 247.944 269.827 140.281 156.947 187.055 185.836 267.69 272.844 244.122 265.261 139.475 155.862 184.89 184.583 
267.985 274.257 246.46 268.385 140.41 156.93 187.17 185.97 266.069 271.277 242.548 263.641 139.469 156.037 184.873 184.491 
266.297 272.638 244.795 266.68 140.489 157.052 187.26 186.061 264.575 269.738 241.034 262.175 139.563 155.919 184.901 184.629 
264.268 270.54 242.765 264.701 140.656 157.162 187.385 186.201 262.432 267.538 238.819 260.012 139.633 156.068 184.96 184.63 
262.265 268.546 240.751 262.736 140.79 157.323 187.537 186.337 260.584 265.686 237.018 258.215 139.678 156.043 185.004 184.693 
260.503 266.815 238.984 260.896 140.949 157.431 187.63 186.501 258.743 263.899 235.167 256.33 139.714 156.049 185.018 184.699 
258.417 264.724 236.914 258.922 141.125 157.556 187.774 186.666 256.716 261.84 233.125 254.317 139.729 156.105 185.03 184.738 
256.345 262.649 234.846 256.762 141.178 157.692 187.989 186.817 254.626 259.809 231.092 252.219 139.742 156.177 185.11 184.799 
254.265 260.515 232.664 254.672 141.313 157.868 188.137 186.931 252.534 257.661 228.954 250.148 139.822 156.231 185.172 184.86 
252.254 258.578 230.704 252.675 141.551 158.067 188.269 187.06 250.483 255.661 226.942 248.107 139.838 156.229 185.192 184.854 
250.039 256.345 228.538 250.522 141.646 158.11 188.363 187.211 248.225 253.399 224.733 245.916 139.738 156.215 185.213 184.867 
247.861 254.151 226.384 248.404 141.823 158.291 188.504 187.374 246.051 251.256 222.52 243.681 139.829 156.249 185.248 184.952 
245.668 252.014 224.246 246.235 141.929 158.43 188.68 187.491 243.612 248.753 220.042 241.253 139.811 156.245 185.328 184.983 
243.273 249.605 221.842 243.833 142.144 158.614 188.816 187.715 241.462 246.69 217.881 239.042 139.871 156.346 185.381 185.037 
241.062 247.446 219.662 241.625 142.302 158.778 188.977 187.848 239.052 244.195 215.519 236.709 139.95 156.407 185.43 185.048 
238.569 244.915 217.115 239.143 142.48 158.987 189.241 188.077 236.536 241.731 212.943 234.164 140.045 156.417 185.462 185.153 
236.289 242.632 214.809 236.802 142.665 159.17 189.395 188.207 234.501 239.705 210.94 232.161 140.078 156.512 185.463 185.113 
234.192 240.582 212.721 234.724 142.723 159.38 189.553 188.337 232.065 237.281 208.594 229.818 140.103 156.648 185.513 185.125 
231.937 238.318 210.537 232.525 142.922 159.444 189.667 188.521 230.096 235.308 206.625 227.839 140.123 156.671 185.53 185.154 
229.504 235.892 208.119 230.077 143.044 159.546 189.766 188.649 227.708 232.868 204.139 225.413 140.077 156.545 185.573 185.229 
227.533 233.946 206.153 228.128 143.251 159.855 189.988 188.8 225.481 230.742 201.98 223.224 140.159 156.719 185.623 185.199 
225.503 231.91 204.086 226.02 143.405 159.921 190.111 188.955 223.661 228.884 200.16 221.407 140.163 156.68 185.653 185.277 
223.472 229.937 202.103 224.037 143.567 160.081 190.284 189.132 221.659 226.89 198.159 219.366 140.19 156.662 185.691 185.385 
221.606 228.087 200.253 222.206 143.706 160.304 190.447 189.24 219.79 224.996 196.242 217.499 140.238 156.74 185.73 185.357 
219.815 226.317 198.432 220.398 143.777 160.415 190.602 189.397 217.964 223.243 194.464 215.652 140.258 156.862 185.758 185.349 
218.076 224.486 196.595 218.625 143.889 160.478 190.683 189.485 216.01 221.19 192.531 213.828 140.277 156.81 185.79 185.42 
216.255 222.636 194.8 216.827 143.97 160.527 190.875 189.694 214.412 219.622 190.886 212.157 140.334 156.841 185.81 185.444 
214.655 221.148 193.325 215.283 144.043 160.698 190.966 189.748 212.83 218.012 189.297 210.529 140.368 156.711 185.857 185.58 
213.274 219.777 191.952 213.948 144.183 160.798 191.048 189.887 211.242 216.482 187.714 208.941 140.39 156.962 185.968 185.529 
211.8 218.308 190.44 212.397 144.359 161.07 191.194 189.919 209.894 215.181 186.433 207.68 140.446 156.917 185.967 185.596 
210.249 216.72 188.84 210.866 144.493 161.119 191.326 190.101 208.39 213.644 184.867 206.143 140.485 156.969 185.976 185.544 
208.922 215.445 187.596 209.581 144.518 161.183 191.384 190.164 206.91 212.133 183.451 204.67 140.459 156.875 186.037 185.69 
207.776 214.238 186.391 208.414 144.678 161.319 191.443 190.247 205.9 211.177 182.439 203.666 140.53 157.107 186.062 185.635 
206.536 213.005 185.201 207.208 144.67 161.269 191.543 190.347 204.672 209.941 181.17 202.406 140.5 156.935 186.032 185.677 
205.839 212.359 184.533 206.508 144.755 161.404 191.588 190.344 203.972 209.241 180.511 201.781 140.522 157.066 186.031 185.615 
205.1 211.566 183.741 205.743 144.776 161.387 191.621 190.429 203.177 208.424 179.701 200.981 140.509 157.01 186.112 185.716 
204.291 210.802 182.917 204.911 144.809 161.474 191.767 190.557 202.403 207.593 178.946 200.226 140.6 156.878 186.035 185.82 
203.801 210.312 182.472 204.463 144.908 161.638 191.776 190.546 201.921 207.193 178.525 199.78 140.589 157.14 186.067 185.645 
203.259 209.85 182.024 203.977 144.869 161.574 191.804 190.568 201.458 206.74 178.045 199.287 140.574 157.128 186.092 185.684 
203.011 209.5 181.691 203.736 144.893 161.533 191.846 190.623 201.207 206.442 177.777 199.029 140.51 157.07 186.125 185.738 
202.86 209.378 181.596 203.581 144.974 161.657 191.832 190.577 201.042 206.309 177.579 198.827 140.588 157.072 186.143 185.765 
202.803 209.302 181.466 203.442 144.95 161.658 191.8 190.522 200.94 206.232 177.469 198.703 140.547 157.117 186.134 185.722 
202.753 209.277 181.421 203.382 144.946 161.593 191.823 190.586 200.893 206.137 177.462 198.691 140.449 157.024 186.152 185.715 
202.731 209.251 181.388 203.393 144.991 161.579 191.812 190.61 200.881 206.151 177.415 198.629 140.519 157.043 186.135 185.754 
202.761 209.264 181.418 203.433 144.923 161.615 191.852 190.603 200.904 206.124 177.454 198.71 140.583 157.024 186.084 185.699 
202.755 209.222 181.406 203.436 144.979 161.613 191.905 190.722 200.845 206.137 177.359 198.539 140.543 157.077 186.171 185.798 
201.895 208.452 180.611 202.594 145.017 161.755 191.966 190.687 199.971 205.264 176.581 197.848 140.587 157.165 186.115 185.658 
202.421 208.905 181.161 203.226 144.984 161.53 191.877 190.735 200.678 205.994 177.306 198.536 140.575 157.063 186.154 185.771 
203.327 209.871 182.115 204.113 144.945 161.614 191.772 190.553 201.544 206.855 178.224 199.445 140.522 157.205 186.142 185.665 
204.219 210.744 182.992 204.982 144.879 161.473 191.728 190.517 202.491 207.775 179.152 200.327 140.567 157.011 186.106 185.704 
205.401 211.906 184.153 206.147 144.752 161.394 191.59 190.38 203.615 208.919 180.234 201.46 140.514 157.172 186.104 185.608 
206.485 213.069 185.243 207.169 144.719 161.376 191.564 190.346 204.714 209.939 181.311 202.54 140.589 156.93 186.058 185.753 
207.815 214.338 186.544 208.508 144.638 161.381 191.496 190.21 205.971 211.254 182.619 203.845 140.445 157.045 186.015 185.562 
209.094 215.622 187.9 209.874 144.505 161.214 191.37 190.118 207.291 212.608 183.934 205.176 140.458 156.975 186.043 185.656 
210.492 216.994 189.231 211.217 144.457 161.032 191.302 190.142 208.696 213.93 185.355 206.593 140.472 156.839 185.955 185.613 
212.053 218.548 190.787 212.776 144.383 160.949 191.198 190.014 210.246 215.469 186.97 208.176 140.452 156.838 185.919 185.566 
213.687 220.221 192.459 214.461 144.223 160.882 191.102 189.883 211.898 217.188 188.552 209.764 140.376 156.843 185.874 185.491 
215.368 221.887 194.118 216.083 144.149 160.811 190.913 189.682 213.594 218.88 190.255 211.463 140.323 156.937 185.918 185.449 
216.893 223.431 195.693 217.608 143.987 160.698 190.814 189.584 215.346 220.612 191.969 213.182 140.29 156.845 185.882 185.455 
218.903 225.381 197.653 219.618 143.837 160.438 190.633 189.451 217.143 222.418 193.805 215.031 140.29 156.746 185.82 185.462 
220.56 227.033 199.228 221.18 143.722 160.285 190.521 189.333 218.846 224.073 195.487 216.692 140.292 156.718 185.738 185.405 
222.528 228.985 201.237 223.222 143.642 160.14 190.403 189.233 220.788 226.034 197.411 218.58 140.277 156.659 185.752 185.446 
224.507 231.001 203.29 225.238 143.527 160.003 190.281 189.17 222.813 228.017 199.392 220.612 140.166 156.505 185.709 185.38 
226.553 233.019 205.291 227.232 143.263 159.772 190.089 188.932 224.875 230.127 201.527 222.685 140.156 156.616 185.677 185.338 
228.684 235.133 207.409 229.335 143.165 159.76 189.979 188.745 226.752 232.015 203.374 224.541 140.189 156.576 185.657 185.334 
230.568 236.994 209.33 231.28 142.995 159.505 189.788 188.601 229.112 234.33 205.758 226.941 140.098 156.53 185.626 185.267 
232.913 239.389 211.708 233.627 142.903 159.429 189.612 188.456 231.244 236.468 207.894 229.05 140.063 156.454 185.573 185.242 
235.118 241.564 213.861 235.779 142.769 159.325 189.496 188.333 233.397 238.677 210.057 231.208 140.052 156.49 185.515 185.187 
237.315 243.725 216.068 238.026 142.517 159.137 189.316 188.116 235.643 240.887 212.266 233.441 139.979 156.472 185.438 185.098 
239.229 245.615 217.948 239.879 142.462 158.974 189.185 188.025 237.828 243.076 214.434 235.596 139.921 156.495 185.466 185.051 
241.674 248.03 220.342 242.322 142.252 158.803 189.045 187.853 240.037 245.266 216.61 237.793 139.889 156.481 185.423 184.969 
243.81 250.187 222.498 244.45 142.115 158.654 188.831 187.675 242.379 247.601 219.062 240.174 139.911 156.346 185.35 184.994 
246.132 252.507 224.857 246.729 141.954 158.485 188.69 187.53 244.481 249.637 221.145 242.317 139.908 156.27 185.306 184.994 
248.262 254.622 226.926 248.871 141.86 158.362 188.537 187.386 246.592 251.769 223.227 244.385 139.9 156.226 185.267 184.981 
250.612 256.949 229.348 251.265 141.614 158.154 188.396 187.23 248.946 254.186 225.578 246.656 139.84 156.268 185.245 184.914 
252.657 259.065 231.367 253.28 141.593 158.103 188.256 187.08 251.003 256.176 227.628 248.716 139.744 156.099 185.201 184.912 
254.716 261.144 233.46 255.289 141.374 157.902 188.074 186.924 253.105 258.301 229.754 250.88 139.759 156.127 185.172 184.864 
256.685 263.05 235.395 257.306 141.275 157.739 187.95 186.815 255.06 260.228 231.65 252.756 139.708 156.118 185.154 184.835 
258.216 264.537 236.898 258.828 141.151 157.552 187.856 186.73 256.603 261.778 233.252 254.371 139.752 156.153 185.085 184.756 
260.003 266.33 238.676 260.583 141.026 157.445 187.699 186.57 258.34 263.544 235.046 256.141 139.62 156.098 185.052 184.661 
261.507 267.868 240.212 262.127 140.89 157.44 187.615 186.437 259.871 265.087 236.421 257.535 139.692 156.191 185.074 184.71 
263.076 269.394 241.743 263.657 140.788 157.266 187.51 186.341 261.442 266.664 238.048 259.128 139.613 156.032 185.025 184.708 
264.647 270.982 243.329 265.254 140.656 157.197 187.428 186.26 263.171 268.394 239.797 260.892 139.639 156.063 185.012 184.686 
266.291 272.695 244.952 266.812 140.579 157.052 187.283 186.146 264.716 269.879 241.277 262.39 139.547 156.029 184.981 184.611 
267.72 274.077 246.361 268.241 140.4 157.027 187.244 185.974 266.112 271.27 242.707 263.83 139.52 155.976 184.913 184.565 
268.807 275.187 247.474 269.316 140.409 156.978 187.129 185.959 267.319 272.507 243.946 265.036 139.515 156.009 184.899 184.513 
270.15 276.465 248.759 270.62 140.294 156.793 187.079 185.869 268.532 273.737 245.137 266.236 139.509 155.878 184.863 184.557 
271.216 277.617 249.904 271.756 140.273 156.797 186.955 185.811 269.596 274.798 246.157 267.267 139.423 155.884 184.879 184.547 
272.238 278.575 250.87 272.727 140.157 156.656 186.906 185.712 270.731 275.853 247.316 268.446 139.535 155.85 184.8 184.47 
273.201 279.519 251.835 273.729 140.129 156.627 186.818 185.657 271.561 276.714 248.104 269.193 139.411 155.776 184.796 184.51 
273.951 280.296 252.593 274.476 140.009 156.532 186.752 185.561 272.347 277.533 248.911 270.005 139.453 155.904 184.818 184.492 
274.556 280.947 253.213 275.022 139.993 156.549 186.744 185.547 272.978 278.128 249.515 270.626 139.486 155.838 184.744 184.424 
275.062 281.384 253.68 275.556 139.946 156.428 186.691 185.533 273.466 278.628 250.033 271.111 139.341 155.773 184.766 184.446 
275.43 281.783 254.067 275.907 139.947 156.371 186.651 185.503 273.843 278.977 250.382 271.478 139.33 155.725 184.752 184.464 
275.775 282.068 254.356 276.254 139.881 156.436 186.616 185.403 274.13 279.268 250.628 271.752 139.423 155.809 184.741 184.424 
275.889 282.233 254.519 276.386 139.887 156.394 186.618 185.442 274.274 279.437 250.82 271.89 139.38 155.804 184.777 184.42 
275.917 282.189 254.542 276.437 139.895 156.359 186.61 185.474 274.269 279.444 250.848 271.94 139.423 155.791 184.756 184.426 
275.909 282.211 254.509 276.397 139.89 156.383 186.634 185.436 274.29 279.45 250.826 271.931 139.478 155.809 184.744 184.476 
275.838 282.195 254.474 276.339 139.884 156.393 186.609 185.412 274.244 279.399 250.79 271.899 139.347 155.812 184.733 184.365 
275.814 282.125 254.459 276.319 139.855 156.274 186.6 185.466 274.213 279.375 250.785 271.85 139.341 155.773 184.707 184.35 
275.775 282.083 254.36 276.219 139.816 156.277 186.623 185.46 274.156 279.332 250.711 271.842 139.361 155.787 184.767 184.413 
275.487 281.774 254.108 275.985 139.838 156.354 186.646 185.478 273.852 278.957 250.364 271.475 139.356 155.742 184.726 184.432 
275.115 281.435 253.688 275.564 139.946 156.455 186.68 185.497 273.474 278.628 249.98 271.058 139.385 155.804 184.784 184.447 
274.719 281.051 253.278 275.103 139.957 156.532 186.736 185.487 273.102 278.204 249.603 270.713 139.423 155.72 184.703 184.431 
274.194 280.511 252.739 274.607 140.068 156.516 186.73 185.574 272.54 277.698 249.061 270.166 139.487 155.82 184.73 184.437 
273.573 279.849 252.061 273.95 140.07 156.563 186.783 185.624 271.902 276.969 248.294 269.423 139.392 155.842 184.784 184.437 
272.513 278.855 251.072 272.929 140.148 156.758 186.855 185.638 270.859 275.974 247.317 268.443 139.465 155.9 184.759 184.408 
271.191 277.562 249.748 271.6 140.212 156.785 186.932 185.758 269.518 274.657 245.982 267.106 139.44 155.807 184.819 184.531 
269.837 276.12 248.383 270.278 140.333 156.759 187.023 185.906 267.991 273.116 244.392 265.518 139.456 155.913 184.844 184.529 
268.26 274.586 246.751 268.643 140.454 156.946 187.162 185.972 266.547 271.7 243.015 264.124 139.65 155.858 184.832 184.629 
266.523 272.846 245.053 266.978 140.59 157.109 187.282 186.122 264.82 269.923 241.21 262.349 139.599 155.843 184.876 184.645 
264.723 271.046 243.282 265.161 140.627 157.155 187.42 186.242 263.026 268.153 239.461 260.584 139.669 155.974 184.947 184.679 
262.88 269.189 241.388 263.277 140.832 157.311 187.507 186.339 261.146 266.287 237.548 258.637 139.554 156.039 185.011 184.626 
261.305 267.639 239.826 261.749 140.944 157.349 187.591 186.477 259.587 264.697 235.997 257.139 139.609 155.927 185.01 184.695 
259.159 265.461 237.666 259.566 141.055 157.439 187.731 186.636 257.423 262.522 233.805 254.941 139.683 155.964 185.032 184.801 
257.094 263.451 235.66 257.555 141.216 157.63 187.921 186.835 255.145 260.24 231.57 252.733 139.788 156.105 185.103 184.817 
254.936 261.258 233.454 255.414 141.373 157.758 188.066 187.023 253.216 258.34 229.614 250.776 139.805 156.073 185.158 184.886 
252.791 259.142 231.325 253.236 141.56 157.963 188.236 187.155 250.871 255.968 227.24 248.442 139.848 156.123 185.177 184.901 
250.54 256.837 229.026 250.947 141.699 158.133 188.366 187.208 248.78 253.944 225.205 246.401 139.936 156.199 185.195 184.932 
248.125 254.434 226.588 248.564 141.854 158.254 188.544 187.446 246.352 251.521 222.793 243.942 139.919 156.254 185.235 184.94 
246.293 252.579 224.803 246.77 141.94 158.38 188.655 187.506 244.508 249.688 220.983 242.162 139.91 156.326 185.28 184.932 
244.125 250.37 222.608 244.637 142.119 158.538 188.796 187.653 242.31 247.468 218.807 240.005 139.884 156.383 185.317 184.926 
241.574 247.925 220.189 242.128 142.283 158.74 188.96 187.884 239.814 244.947 216.23 237.439 139.907 156.404 185.389 185.005 
239.365 245.694 217.882 239.861 142.408 158.904 189.164 188.025 237.23 242.371 213.632 234.837 139.991 156.332 185.455 185.172 
237.007 243.365 215.522 237.481 142.588 159.096 189.409 188.247 235.158 240.339 211.614 232.768 140.007 156.344 185.473 185.178 
234.48 240.849 213.011 234.991 142.813 159.261 189.521 188.417 232.679 237.819 209.086 230.317 140.102 156.428 185.52 185.225 
232.327 238.72 210.844 232.808 142.979 159.495 189.702 188.542 230.548 235.722 206.919 228.157 140.171 156.51 185.513 185.233 
230.062 236.376 208.566 230.576 143.078 159.563 189.77 188.639 228.129 233.317 204.683 225.923 140.125 156.528 185.523 185.221 
228.048 234.408 206.556 228.552 143.198 159.755 189.938 188.72 226.187 231.381 202.735 223.927 140.185 156.619 185.593 185.293 
226.176 232.568 204.658 226.655 143.347 159.924 190.177 188.991 224.288 229.512 200.813 222.03 140.239 156.638 185.631 185.283 
224.204 230.627 202.709 224.733 143.529 160.057 190.334 189.141 222.119 227.347 198.665 219.913 140.264 156.726 185.673 185.365 
222.204 228.627 200.739 222.72 143.624 160.224 190.486 189.279 220.374 225.601 196.842 218.09 140.232 156.74 185.739 185.387 
220.26 226.661 198.78 220.821 143.84 160.4 190.611 189.438 218.417 223.642 194.916 216.199 140.37 156.833 185.748 185.406 
218.453 224.904 197.036 219.028 143.895 160.426 190.699 189.573 216.492 221.716 192.955 214.221 140.37 156.783 185.776 185.478 
216.515 222.915 195.097 217.148 143.998 160.561 190.817 189.673 214.713 219.918 191.136 212.371 140.403 156.746 185.824 185.491 
214.986 221.438 193.535 215.513 144.139 160.675 190.978 189.838 213.097 218.309 189.581 210.836 140.372 156.784 185.89 185.585 
213.47 219.94 192.117 214.093 144.211 160.823 191.048 189.875 211.471 216.681 187.946 209.199 140.399 156.868 185.914 185.522 
212.121 218.551 190.69 212.697 144.323 160.912 191.164 189.95 210.276 215.477 186.729 208 140.498 156.889 185.944 185.622 
210.499 216.99 189.063 211.058 144.45 161.086 191.308 190.106 208.463 213.679 184.897 206.154 140.547 156.995 185.985 185.607 
209.018 215.471 187.584 209.554 144.607 161.125 191.358 190.219 207.123 212.331 183.576 204.876 140.446 156.874 186.014 185.68 
207.778 214.272 186.387 208.361 144.61 161.255 191.47 190.244 205.902 211.189 182.474 203.724 140.453 157.038 186.007 185.576 
206.705 213.162 185.293 207.344 144.753 161.323 191.571 190.4 204.718 209.918 181.202 202.431 140.531 156.842 186.026 185.737 
205.778 212.304 184.449 206.427 144.783 161.444 191.626 190.404 203.894 209.142 180.434 201.704 140.525 157 186.023 185.671 
205.025 211.497 183.651 205.655 144.848 161.403 191.64 190.466 203.163 208.387 179.726 200.97 140.487 156.962 186.029 185.634 
204.325 210.774 182.938 204.966 144.878 161.44 191.749 190.564 202.482 207.692 178.969 200.199 140.613 156.94 186.028 185.727 
203.845 210.293 182.499 204.516 144.864 161.505 191.75 190.516 201.895 207.215 178.503 199.723 140.588 157.192 186.116 185.649 
203.342 209.862 182.064 204.028 144.92 161.551 191.727 190.551 201.511 206.781 178.142 199.382 140.546 157.14 186.096 185.628 
203.058 209.496 181.768 203.806 145.016 161.565 191.771 190.541 201.219 206.482 177.8 199.047 140.566 157.087 186.1 185.727 
202.882 209.391 181.583 203.584 144.983 161.617 191.832 190.635 201.077 206.301 177.574 198.824 140.565 157.055 186.147 185.795 
202.816 209.292 181.474 203.48 144.973 161.622 191.871 190.663 200.934 206.202 177.467 198.697 140.65 157.116 186.118 185.742 
202.745 209.201 181.416 203.441 144.933 161.528 191.815 190.645 200.924 206.174 177.429 198.651 140.557 157.115 186.166 185.767 
202.715 209.218 181.377 203.354 144.955 161.531 191.914 190.719 200.88 206.188 177.383 198.577 140.582 157.095 186.127 185.759 
202.759 209.203 181.365 203.4 145.012 161.559 191.845 190.69 200.862 206.17 177.409 198.602 140.599 157.073 186.126 185.809 
202.616 209.088 181.252 203.257 145.026 161.614 191.881 190.736 200.716 205.964 177.266 198.487 140.648 157.116 186.198 185.819 
201.865 208.398 180.57 202.564 145 161.764 191.969 190.728 199.957 205.272 176.605 197.871 140.643 157.176 186.16 185.738 
202.463 208.957 181.155 203.146 144.937 161.534 191.895 190.675 200.624 205.887 177.217 198.458 140.631 157.074 186.152 185.799 
203.26 209.772 182.054 204.075 144.937 161.54 191.8 190.583 201.469 206.792 178.176 199.428 140.595 157.078 186.121 185.776 
204.27 210.841 182.996 204.948 144.879 161.534 191.735 190.499 202.433 207.608 179.054 200.309 140.566 156.922 186.084 185.756 
205.176 211.689 183.958 205.94 144.798 161.463 191.673 190.417 203.376 208.622 180.025 201.27 140.473 156.956 186.065 185.679 
206.398 212.939 185.152 207.113 144.674 161.333 191.609 190.384 204.574 209.82 181.208 202.424 140.551 156.977 186.097 185.76 
207.72 214.202 186.421 208.38 144.594 161.262 191.49 190.272 205.859 211.167 182.574 203.789 140.507 157.026 186.027 185.6 
209.128 215.655 187.881 209.802 144.498 161.205 191.38 190.058 207.321 212.59 183.967 205.202 140.474 156.898 186.034 185.679 
210.516 217.039 189.26 211.231 144.458 161.052 191.317 190.121 208.732 213.992 185.366 206.586 140.474 156.905 185.978 185.593 
212.211 218.739 190.957 212.925 144.349 160.933 191.197 190.043 210.409 215.659 187.085 208.307 140.525 156.913 185.95 185.615 
213.755 220.215 192.44 214.467 144.309 160.966 191.107 189.878 212.06 217.327 188.72 209.903 140.381 156.854 185.896 185.489 
215.6 222.041 194.297 216.275 144.078 160.668 190.954 189.755 213.982 219.228 190.639 211.868 140.398 156.799 185.862 185.554 
217.545 224.006 196.223 218.217 143.919 160.564 190.739 189.512 215.787 221.095 192.442 213.642 140.364 156.912 185.873 185.444 
219.388 225.815 198.089 220.07 143.836 160.411 190.648 189.477 217.601 222.905 194.27 215.481 140.285 156.835 185.836 185.43 
221.233 227.736 199.914 221.827 143.747 160.307 190.523 189.346 219.715 224.977 196.371 217.599 140.29 156.854 185.776 185.355 
223.429 229.916 202.12 224.063 143.587 160.156 190.374 189.148 221.671 226.969 198.35 219.54 140.213 156.716 185.733 185.372 
225.698 232.153 204.372 226.336 143.42 160.012 190.238 189.008 223.973 229.208 200.613 221.821 140.214 156.735 185.703 185.303 
227.712 234.144 206.447 228.404 143.276 159.799 190.037 188.883 226.017 231.255 202.694 223.882 140.145 156.659 185.639 185.216 
229.859 236.288 208.641 230.59 143.091 159.666 189.862 188.677 228.389 233.557 205.039 226.249 140.17 156.498 185.59 185.292 
232.24 238.599 210.946 232.921 142.928 159.447 189.738 188.547 230.512 235.736 207.203 228.361 140.151 156.532 185.581 185.259 
234.387 240.799 213.083 235.037 142.806 159.331 189.597 188.396 232.662 237.956 209.379 230.516 140.121 156.533 185.517 185.191 
236.533 242.987 215.284 237.207 142.67 159.174 189.426 188.283 234.865 240.086 211.469 232.637 140.052 156.443 185.48 185.164 
238.719 245.158 217.526 239.441 142.485 159.031 189.257 188.06 237.299 242.559 213.921 235.088 139.987 156.465 185.468 185.107 
241.127 247.585 219.9 241.76 142.343 158.83 188.996 187.864 239.476 244.74 216.084 237.189 139.972 156.443 185.443 185.109 
243.578 249.944 222.303 244.247 142.107 158.628 188.83 187.653 241.943 247.177 218.575 239.721 139.867 156.436 185.367 184.94 
245.8 252.143 224.471 246.441 142.003 158.521 188.713 187.547 244.325 249.566 221.039 242.145 139.87 156.34 185.291 184.907 
248.085 254.451 226.758 248.71 141.847 158.383 188.607 187.387 246.387 251.656 223.104 244.213 139.931 156.383 185.304 184.891 
250.192 256.566 228.93 250.845 141.705 158.216 188.429 187.25 248.735 253.976 225.351 246.476 139.852 156.314 185.274 184.867 
252.476 258.864 231.139 253.042 141.542 158.047 188.297 187.14 251.041 256.253 227.691 248.79 139.811 156.186 185.248 184.907 
254.763 261.094 233.454 255.374 141.416 157.782 188.118 187.055 253.14 258.322 229.76 250.884 139.776 156.091 185.164 184.887 
256.896 263.271 235.629 257.548 141.27 157.69 187.939 186.836 255.237 260.453 231.876 252.982 139.677 156.129 185.192 184.851 
258.644 264.987 237.378 259.307 141.017 157.534 187.826 186.67 257.208 262.378 233.841 254.934 139.703 156.06 185.093 184.805 
260.67 267.044 239.393 261.247 140.955 157.465 187.701 186.553 259.249 264.385 235.865 256.994 139.685 156.008 185.075 184.821 
262.481 268.888 241.182 263.043 140.781 157.376 187.585 186.363 261.057 266.268 237.658 258.73 139.595 156.084 185.063 184.679 
264.216 270.619 242.935 264.779 140.772 157.237 187.442 186.297 262.628 267.814 239.31 260.421 139.632 156.101 184.954 184.593 
265.955 272.286 244.63 266.53 140.61 157.161 187.363 186.174 264.32 269.483 240.955 262.072 139.573 156.031 184.912 184.569 
267.295 273.631 245.964 267.861 140.539 157.007 187.234 186.087 265.846 271.071 242.416 263.52 139.525 156.02 184.976 184.623 
268.724 275.112 247.413 269.261 140.427 156.934 187.15 186.022 267.147 272.329 243.732 264.831 139.579 156.004 184.928 184.623 
270.124 276.423 248.797 270.684 140.361 156.8 187.069 185.906 268.512 273.669 245.177 266.272 139.575 155.956 184.848 184.537 
271.297 277.596 249.926 271.818 140.271 156.695 186.96 185.826 269.694 274.827 246.18 267.296 139.443 155.791 184.863 184.564 
272.291 278.638 250.921 272.811 140.12 156.671 186.919 185.702 270.77 275.948 247.364 268.459 139.467 155.801 184.843 184.557 
273.208 279.602 251.867 273.713 140.087 156.614 186.834 185.676 271.608 276.732 248.148 269.25 139.463 155.779 184.835 184.552 
273.967 280.273 252.58 274.474 140.057 156.548 186.764 185.592 272.464 277.585 249.048 270.178 139.454 155.844 184.757 184.437 
274.538 280.91 253.188 275.018 139.964 156.446 186.728 185.584 272.987 278.124 249.571 270.655 139.425 155.803 184.792 184.475 
275.085 281.483 253.731 275.533 139.904 156.46 186.699 185.526 273.486 278.643 250.052 271.129 139.405 155.825 184.795 184.458 
275.485 281.89 254.099 275.918 139.93 156.449 186.701 185.53 273.931 279.08 250.408 271.521 139.457 155.89 184.837 184.476 
275.796 282.12 254.366 276.242 139.831 156.355 186.631 185.446 274.165 279.307 250.737 271.85 139.432 155.883 184.763 184.416 
275.907 282.267 254.545 276.42 139.939 156.433 186.654 185.482 274.265 279.461 250.867 271.976 139.411 155.884 184.763 184.357 
275.911 282.238 254.513 276.376 139.885 156.367 186.668 185.516 274.283 279.416 250.814 271.954 139.39 155.789 184.753 184.433 
275.904 282.27 254.506 276.34 139.916 156.408 186.652 185.497 274.292 279.403 250.823 271.936 139.399 155.768 184.738 184.417 
275.861 282.186 254.464 276.328 139.9 156.393 186.648 185.491 274.204 279.389 250.775 271.883 139.4 155.787 184.684 184.352 
275.837 282.135 254.449 276.337 139.862 156.361 186.61 185.439 274.216 279.381 250.783 271.894 139.327 155.823 184.748 184.385 
275.736 282.059 254.318 276.159 139.849 156.347 186.623 185.427 274.119 279.284 250.633 271.748 139.378 155.81 184.727 184.386 
275.426 281.75 254.073 275.952 139.876 156.343 186.651 185.492 273.828 278.987 250.367 271.463 139.395 155.796 184.754 184.438 
275.121 281.496 253.734 275.569 139.933 156.419 186.666 185.532 273.497 278.629 250.043 271.147 139.421 155.798 184.789 184.457 
274.811 281.166 253.375 275.187 139.964 156.499 186.729 185.548 273.142 278.261 249.63 270.726 139.451 155.788 184.731 184.456 
274.21 280.582 252.825 274.664 139.962 156.515 186.806 185.603 272.554 277.687 249.048 270.172 139.583 155.911 184.747 184.446 
273.54 279.844 252.069 273.94 140.07 156.558 186.766 185.608 271.862 276.984 248.291 269.383 139.453 155.886 184.823 184.49 
272.497 278.865 250.995 272.797 140.142 156.686 186.939 185.762 270.741 275.857 247.185 268.306 139.551 155.81 184.8 184.54 
271.208 277.507 249.773 271.674 140.231 156.659 186.938 185.852 269.524 274.685 246.033 267.136 139.42 155.873 184.828 184.481 
269.751 276.022 248.32 270.226 140.274 156.842 187.083 185.842 268.053 273.184 244.504 265.625 139.518 155.918 184.881 184.588 
268.313 274.64 246.823 268.715 140.405 157.036 187.16 185.893 266.644 271.775 243.061 264.19 139.603 155.901 184.84 184.583 
266.817 273.148 245.368 267.264 140.539 157.017 187.263 186.102 265.153 270.266 241.597 262.718 139.572 155.951 184.911 184.603 
265.106 271.41 243.611 265.506 140.621 157.145 187.362 186.182 263.382 268.505 239.819 260.96 139.616 155.998 184.993 184.678 
263.133 269.463 241.66 263.567 140.818 157.255 187.494 186.4 261.203 266.392 237.667 258.777 139.657 155.989 184.983 184.742 
261.368 267.685 239.952 261.855 140.945 157.327 187.588 186.504 259.639 264.773 236.068 257.241 139.617 156.005 185.022 184.671 
259.175 265.582 237.735 259.594 141.023 157.526 187.747 186.616 257.456 262.604 233.874 255.001 139.637 156.065 185.128 184.808 
257.159 263.438 235.706 257.628 141.197 157.596 187.921 186.861 255.097 260.281 231.574 252.716 139.742 156.116 185.156 184.887 
254.886 261.211 233.423 255.326 141.378 157.906 188.136 186.98 253.1 258.233 229.522 250.68 139.762 156.152 185.18 184.891 
252.844 259.175 231.428 253.371 141.466 158.039 188.232 187.054 250.876 256.005 227.261 248.451 139.754 156.176 185.219 184.875 
250.629 256.965 229.168 251.113 141.648 158.132 188.368 187.253 248.859 254.006 225.271 246.43 139.913 156.228 185.237 184.955 
248.437 254.775 226.968 248.915 141.83 158.248 188.537 187.421 246.698 251.881 223.064 244.227 139.925 156.276 185.282 184.988 
246.441 252.796 224.927 246.854 141.959 158.423 188.68 187.53 244.673 249.82 221.055 242.26 139.99 156.34 185.28 184.973 
244.463 250.777 223.019 245.026 142.095 158.605 188.772 187.582 242.711 247.861 219.115 240.325 139.983 156.351 185.333 185.05 
242.331 248.62 220.827 242.843 142.245 158.677 188.952 187.822 240.246 245.423 216.724 237.932 139.995 156.398 185.371 185.05 
239.833 246.217 218.405 240.356 142.415 158.964 189.107 187.971 237.692 242.894 214.1 235.314 139.972 156.491 185.433 185.06 
237.467 243.892 216.057 237.945 142.614 159.178 189.318 188.161 235.648 240.838 212.104 233.287 139.993 156.475 185.466 185.151 
235.213 241.554 213.747 235.719 142.714 159.222 189.467 188.338 233.366 238.554 209.778 231.005 140.002 156.464 185.54 185.189 
233.096 239.509 211.662 233.63 142.864 159.42 189.596 188.442 231.272 236.455 207.673 228.9 140.046 156.508 185.529 185.22 
230.769 237.146 209.369 231.377 143.045 159.568 189.783 188.625 228.96 234.135 205.362 226.581 140.176 156.599 185.592 185.261 
228.536 234.92 207.108 229.113 143.271 159.812 189.987 188.786 226.707 231.9 203.09 224.329 140.194 156.648 185.649 185.263 
226.563 232.959 205.135 227.112 143.35 159.766 190.146 189.075 224.747 229.935 201.176 222.43 140.164 156.618 185.646 185.304 
224.649 231.055 203.228 225.243 143.497 159.973 190.243 189.105 222.698 227.872 199.093 220.305 140.244 156.597 185.638 185.361 
222.584 228.981 201.198 223.184 143.578 160.074 190.408 189.273 220.793 225.968 197.232 218.476 140.319 156.655 185.707 185.439 
220.927 227.38 199.544 221.539 143.722 160.289 190.533 189.376 218.832 224.001 195.224 216.436 140.278 156.683 185.783 185.471 
218.833 225.288 197.412 219.355 143.829 160.355 190.641 189.52 216.772 222.008 193.265 214.471 140.255 156.795 185.85 185.475 
216.975 223.483 195.598 217.528 143.978 160.524 190.745 189.611 215.117 220.338 191.596 212.841 140.364 156.817 185.895 185.54 
215.505 221.983 194.201 216.187 144.073 160.765 190.888 189.662 213.524 218.772 190.006 211.241 140.328 156.824 185.894 185.506 
213.919 220.363 192.484 214.481 144.185 160.793 191.012 189.811 211.831 217.08 188.333 209.585 140.328 156.847 185.886 185.481 
212.339 218.855 190.97 212.938 144.331 160.993 191.177 189.972 210.519 215.725 186.983 208.223 140.499 156.884 185.939 185.611 
211.019 217.472 189.645 211.66 144.442 161.03 191.202 190.047 208.904 214.103 185.36 206.623 140.538 156.895 185.957 185.663 
209.313 215.773 187.962 209.98 144.55 161.14 191.353 190.167 207.453 212.736 183.946 205.178 140.481 157.016 186.015 185.58 
208.242 214.735 186.784 208.756 144.621 161.301 191.486 190.233 206.391 211.583 182.863 204.139 140.537 156.897 186.006 185.69 
207.077 213.594 185.703 207.679 144.636 161.294 191.497 190.242 205.211 210.456 181.748 202.994 140.481 157.033 186.054 185.628 
206.144 212.634 184.745 206.758 144.811 161.379 191.582 190.398 204.299 209.543 180.802 202.057 140.53 156.964 186.047 185.682 
205.29 211.776 183.952 205.958 144.828 161.461 191.686 190.461 203.419 208.677 179.941 201.174 140.512 157.039 186.073 185.643 
204.551 211.081 183.191 205.18 144.882 161.499 191.713 190.535 202.679 207.909 179.18 200.421 140.619 157.04 186.087 185.765 
204.062 210.58 182.737 204.725 144.869 161.584 191.762 190.504 202.22 207.436 178.745 200.026 140.566 157.074 186.091 185.727 
203.558 210.098 182.226 204.189 144.922 161.642 191.801 190.554 201.694 206.991 178.324 199.573 140.55 157.109 186.073 185.655 
203.181 209.645 181.894 203.905 144.926 161.587 191.787 190.522 201.288 206.582 177.871 199.116 140.551 157.127 186.132 185.705 
202.91 209.392 181.552 203.549 144.948 161.572 191.849 190.601 201.09 206.37 177.608 198.83 140.539 157.131 186.161 185.707 
202.822 209.283 181.48 203.509 144.969 161.577 191.823 190.603 200.95 206.21 177.51 198.755 140.544 157.073 186.118 185.72 
202.799 209.275 181.426 203.464 144.956 161.624 191.863 190.636 200.944 206.219 177.484 198.7 140.57 157.039 186.127 185.787 
202.785 209.229 181.413 203.445 144.94 161.557 191.867 190.66 200.897 206.213 177.455 198.665 140.532 157.055 186.159 185.781 
202.776 209.233 181.414 203.468 144.971 161.552 191.868 190.685 200.904 206.202 177.448 198.632 140.503 157.039 186.167 185.771 
202.782 209.289 181.443 203.424 144.932 161.614 191.883 190.663 200.92 206.228 177.432 198.636 140.597 157.098 186.201 185.81 
202.241 208.788 180.956 202.941 144.953 161.712 191.961 190.683 200.33 205.582 176.905 198.168 140.639 157.001 186.136 185.833 
202.121 208.607 180.844 202.872 145.005 161.623 191.876 190.714 200.317 205.561 176.913 198.15 140.646 157.073 186.145 185.759 
202.919 209.393 181.645 203.69 144.965 161.552 191.813 190.607 201.101 206.336 177.728 198.998 140.592 157.074 186.144 185.775 
203.836 210.321 182.539 204.536 144.895 161.508 191.776 190.581 201.999 207.262 178.637 199.927 140.525 157.071 186.105 185.698 
204.774 211.264 183.525 205.54 144.8 161.459 191.691 190.463 203.08 208.303 179.687 200.985 140.509 156.96 186.144 185.769 
206.018 212.517 184.721 206.689 144.709 161.38 191.591 190.345 204.173 209.454 180.842 202.045 140.59 157.02 186.068 185.713 
207.378 213.942 186.101 208.051 144.69 161.362 191.518 190.306 205.543 210.852 182.253 203.45 140.48 157.026 186.035 185.605 
208.755 215.23 187.5 209.512 144.538 161.159 191.417 190.202 206.93 212.197 183.548 204.755 140.466 156.832 186.026 185.741 
210.186 216.699 188.92 210.905 144.499 161.072 191.366 190.183 208.323 213.573 185.064 206.259 140.41 156.847 185.996 185.628 
211.732 218.181 190.442 212.441 144.385 161.059 191.248 190.01 209.916 215.226 186.615 207.843 140.441 156.972 186.007 185.574 
213.314 219.844 192.088 214.053 144.273 160.954 191.091 189.853 211.721 217.078 188.352 209.527 140.365 156.988 185.936 185.46 
215.152 221.602 193.862 215.835 144.107 160.611 190.979 189.804 213.36 218.591 189.973 211.195 140.364 156.845 185.904 185.529 
217.122 223.574 195.835 217.809 144.011 160.565 190.788 189.631 215.322 220.553 191.98 213.207 140.286 156.753 185.873 185.52 
218.95 225.422 197.693 219.628 143.867 160.425 190.637 189.427 217.377 222.613 194.02 215.223 140.226 156.736 185.857 185.469 
221.079 227.513 199.85 221.836 143.752 160.299 190.469 189.295 219.285 224.558 195.959 217.122 140.273 156.77 185.803 185.465 
222.981 229.445 201.757 223.689 143.564 160.112 190.339 189.149 221.472 226.74 198.152 219.309 140.231 156.663 185.687 185.378 
225.132 231.529 203.884 225.858 143.435 159.946 190.177 189.011 223.647 228.941 200.334 221.492 140.199 156.73 185.705 185.336 
227.462 233.901 206.189 228.18 143.272 159.822 190.026 188.814 225.721 231.033 202.385 223.547 140.114 156.75 185.696 185.219 
229.56 236 208.287 230.285 143.156 159.691 189.864 188.675 227.878 233.177 204.528 225.679 140.087 156.737 185.629 185.199 
231.7 238.117 210.372 232.361 142.908 159.505 189.717 188.477 230.229 235.472 206.9 228.057 140.09 156.62 185.584 185.177 
234.095 240.483 212.817 234.785 142.746 159.348 189.601 188.37 232.367 237.587 209.056 230.243 140.057 156.509 185.519 185.19 
236.231 242.644 214.982 236.95 142.693 159.178 189.407 188.27 234.513 239.772 211.246 232.378 140.054 156.51 185.488 185.112 
238.363 244.774 217.136 239.095 142.507 158.978 189.239 188.111 236.696 241.88 213.339 234.536 140.046 156.469 185.474 185.166 
240.505 246.915 219.23 241.171 142.32 158.841 189.153 187.973 238.833 244.035 215.475 236.656 139.916 156.427 185.445 185.039 
242.852 249.21 221.63 243.579 142.163 158.651 188.924 187.803 241.176 246.441 217.825 238.971 139.921 156.408 185.39 185.037 
245.233 251.595 223.989 245.955 142.013 158.542 188.747 187.583 243.501 248.775 220.167 241.304 139.842 156.392 185.369 184.961 
247.561 253.923 226.323 248.278 141.851 158.375 188.565 187.369 245.914 251.223 222.54 243.674 139.867 156.449 185.318 184.913 
249.412 255.787 228.183 250.125 141.761 158.27 188.457 187.299 248.002 253.237 224.628 245.787 139.78 156.354 185.287 184.865 
251.663 258.036 230.431 252.387 141.557 158.136 188.306 187.081 250.013 255.205 226.652 247.826 139.744 156.233 185.221 184.848 
253.722 260.088 232.405 254.36 141.434 157.953 188.202 187.026 252.123 257.311 228.713 249.917 139.729 156.36 185.205 184.763 
255.947 262.231 234.666 256.649 141.179 157.703 188.021 186.824 254.339 259.548 231.004 252.115 139.685 156.237 185.167 184.774 
257.765 264.069 236.465 258.449 141.052 157.628 187.881 186.645 256.13 261.387 232.754 253.873 139.642 156.229 185.17 184.725 
259.699 265.99 238.372 260.346 140.949 157.5 187.764 186.538 258.092 263.35 234.713 255.808 139.6 156.177 185.125 184.685 
261.471 267.868 240.181 262.098 140.851 157.486 187.611 186.378 259.837 265.044 236.434 257.551 139.641 156.14 185.074 184.711 
263.234 269.571 241.913 263.824 140.775 157.29 187.523 186.343 261.63 266.849 238.209 259.286 139.617 156.131 185.067 184.744 
264.603 271.001 243.324 265.176 140.661 157.221 187.41 186.204 263.158 268.334 239.798 260.921 139.577 156.037 185.03 184.668 
266.264 272.58 244.927 266.832 140.547 157.05 187.347 186.141 264.65 269.849 241.323 262.434 139.595 155.942 184.94 184.649 
267.545 273.895 246.209 268.101 140.467 157.017 187.213 186.011 265.947 271.125 242.537 263.638 139.53 155.927 184.877 184.565 
268.826 275.205 247.504 269.325 140.331 156.817 187.09 185.966 267.42 272.493 243.965 265.101 139.659 155.965 184.88 184.614 
270.194 276.547 248.842 270.695 140.293 156.821 187.07 185.856 268.561 273.667 245.161 266.268 139.571 155.788 184.827 184.567 
271.299 277.578 249.905 271.794 140.283 156.689 186.914 185.801 269.667 274.79 246.182 267.276 139.555 155.855 184.864 184.636 
272.269 278.643 250.897 272.718 140.119 156.622 186.857 185.665 270.677 275.773 247.22 268.327 139.588 155.782 184.814 184.562 
273.12 279.492 251.725 273.55 140.166 156.597 186.823 185.724 271.497 276.653 248.024 269.09 139.522 155.892 184.818 184.515 
273.902 280.216 252.52 274.42 140.046 156.515 186.73 185.579 272.361 277.494 248.954 270.064 139.517 155.914 184.802 184.464 
274.584 280.937 253.249 275.084 139.977 156.508 186.712 185.505 272.968 278.09 249.551 270.624 139.477 155.807 184.782 184.483 
275.357 281.681 253.966 275.855 139.927 156.416 186.652 185.51 273.739 278.987 250.376 271.449 139.327 155.924 184.813 184.378 
275.726 282.044 254.345 276.24 139.936 156.46 186.652 185.456 274.062 279.282 250.672 271.735 139.41 155.874 184.805 184.454 
275.869 282.21 254.502 276.427 139.896 156.396 186.62 185.418 274.247 279.444 250.83 271.919 139.336 155.894 184.81 184.413 
275.93 282.287 254.528 276.423 139.862 156.489 186.651 185.384 274.278 279.461 250.858 271.982 139.371 155.897 184.824 184.411 
275.902 282.233 254.562 276.43 139.842 156.346 186.642 185.463 274.272 279.501 250.852 271.954 139.446 155.92 184.85 184.449 
275.882 282.214 254.533 276.418 139.839 156.381 186.653 185.473 274.231 279.453 250.866 271.961 139.394 155.895 184.771 184.383 
275.846 282.194 254.478 276.362 139.823 156.404 186.651 185.433 274.2 279.453 250.819 271.905 139.333 156.007 184.806 184.315 
275.846 282.205 254.462 276.356 139.838 156.414 186.629 185.414 274.223 279.432 250.784 271.904 139.355 155.993 184.789 184.328 
275.663 282.001 254.292 276.173 139.855 156.495 186.644 185.409 274.007 279.205 250.559 271.651 139.342 155.901 184.775 184.382 
275.273 281.639 253.888 275.765 139.907 156.426 186.669 185.518 273.624 278.845 250.185 271.246 139.354 155.831 184.801 184.418 
274.984 281.331 253.628 275.507 139.969 156.472 186.662 185.509 273.342 278.528 249.909 270.974 139.43 155.867 184.783 184.435 
274.472 280.8 253.085 274.99 139.977 156.522 186.736 185.552 272.822 277.989 249.343 270.434 139.469 155.861 184.75 184.436 
273.968 280.316 252.511 274.406 139.981 156.559 186.807 185.573 272.282 277.503 248.794 269.847 139.438 155.966 184.813 184.426 
273.087 279.361 251.621 273.531 140.094 156.621 186.827 185.637 271.38 276.519 247.871 268.989 139.376 155.812 184.824 184.512 
272.04 278.336 250.592 272.497 140.053 156.699 186.926 185.64 270.337 275.541 246.851 267.964 139.442 156.011 184.807 184.372 
270.787 277.122 249.343 271.231 140.134 156.777 187.005 185.799 269.084 274.298 245.614 266.661 139.476 156.03 184.884 184.467 
269.182 275.553 247.739 269.621 140.346 156.927 187.093 185.9 267.505 272.639 243.964 265.086 139.43 155.913 184.912 184.546 
267.59 273.897 246.13 268.085 140.443 157.065 187.225 185.995 265.854 271.008 242.324 263.453 139.457 156.014 184.967 184.584 
266.086 272.439 244.631 266.523 140.547 157.072 187.324 186.153 264.388 269.56 240.875 261.999 139.57 156.017 184.93 184.568 
264.501 270.823 243.049 264.972 140.676 157.196 187.425 186.261 262.808 267.979 239.241 260.386 139.639 156.127 185.022 184.622 
262.356 268.674 240.845 262.787 140.78 157.251 187.541 186.435 260.645 265.801 237.088 258.254 139.641 156.067 185.038 184.731 
260.719 267.032 239.242 261.174 140.846 157.421 187.672 186.501 258.967 264.151 235.462 256.602 139.636 156.062 185.09 184.746 
258.539 264.884 237.144 259.069 141.063 157.633 187.812 186.614 256.83 262.04 233.28 254.422 139.759 156.154 185.111 184.762 
256.663 262.982 235.245 257.204 141.166 157.674 187.93 186.766 254.957 260.131 231.408 252.575 139.72 156.271 185.164 184.714 
254.642 260.974 233.189 255.128 141.332 157.872 188.11 186.937 252.897 258.029 229.338 250.531 139.722 156.177 185.173 184.841 
252.37 258.762 230.966 252.918 141.535 158.136 188.263 187.031 250.605 255.798 227.052 248.271 139.829 156.304 185.239 184.867 
250.319 256.62 228.869 250.851 141.655 158.172 188.405 187.246 248.549 253.718 225.02 246.193 139.819 156.297 185.246 184.855 
248.19 254.481 226.698 248.714 141.736 158.299 188.542 187.353 246.093 251.293 222.641 243.83 139.836 156.375 185.3 184.881 
245.713 252.076 224.312 246.259 141.927 158.477 188.681 187.479 243.654 248.832 220.111 241.295 139.746 156.314 185.354 184.979 
243.277 249.667 221.883 243.842 142.116 158.658 188.871 187.722 241.456 246.649 217.979 239.165 139.845 156.362 185.397 185.03 
240.825 247.258 219.422 241.352 142.319 158.826 189.064 187.946 239.038 244.17 215.453 236.69 139.944 156.387 185.413 185.108 
238.44 244.806 216.987 238.969 142.446 158.997 189.225 188.065 236.366 241.621 212.954 234.129 140.009 156.527 185.507 185.106 
236.181 242.552 214.657 236.703 142.656 159.243 189.416 188.233 234.007 239.237 210.544 231.75 139.978 156.583 185.512 185.045 
233.829 240.221 212.418 234.411 142.773 159.385 189.568 188.361 231.964 237.185 208.517 229.768 139.947 156.65 185.531 185.02 
231.626 238.046 210.242 232.224 142.944 159.532 189.692 188.49 229.808 235.024 206.342 227.589 140.077 156.665 185.563 185.153 
229.205 235.638 207.848 229.781 143.093 159.631 189.873 188.757 227.365 232.567 203.825 225.082 140.065 156.64 185.645 185.275 
227.25 233.662 205.874 227.873 143.233 159.848 189.991 188.803 225.135 230.387 201.659 222.859 140.107 156.72 185.674 185.303 
225.104 231.531 203.722 225.74 143.412 159.979 190.132 188.928 223.22 228.443 199.719 220.912 140.079 156.671 185.72 185.32 
222.973 229.394 201.562 223.566 143.525 160.139 190.376 189.173 221.071 226.332 197.603 218.777 140.167 156.697 185.745 185.369 
221.056 227.517 199.668 221.631 143.692 160.29 190.467 189.275 219.106 224.402 195.71 216.909 140.139 156.732 185.798 185.385 
219.187 225.585 197.775 219.802 143.805 160.381 190.57 189.42 217.031 222.227 193.548 214.794 140.291 156.701 185.819 185.523 
217.205 223.694 195.838 217.815 143.911 160.654 190.748 189.486 215.302 220.578 191.792 213.014 140.247 156.822 185.915 185.477 
215.275 221.723 193.944 215.974 143.996 160.659 190.872 189.605 213.409 218.692 189.92 211.173 140.251 156.907 185.916 185.463 
213.761 220.241 192.371 214.373 144.215 160.869 191.041 189.824 211.836 217.111 188.465 209.722 140.271 156.877 185.888 185.435 
212.405 218.838 191.027 213.051 144.303 160.917 191.123 189.94 210.561 215.814 187.067 208.308 140.377 156.99 185.956 185.521 
210.943 217.486 189.565 211.509 144.357 161.165 191.293 189.964 209.022 214.264 185.559 206.791 140.377 157.014 186.008 185.554 
209.361 215.921 188.078 210.054 144.5 161.284 191.411 190.096 207.485 212.784 184.057 205.273 140.35 157.02 186.004 185.492 
208.161 214.69 186.815 208.791 144.561 161.232 191.441 190.223 206.34 211.597 182.84 204.09 140.463 157.023 186.017 185.576 
207.239 213.709 185.913 207.929 144.598 161.311 191.554 190.272 205.23 210.563 181.822 203.044 140.441 157.012 186.102 185.653 
206.223 212.676 184.858 206.922 144.67 161.435 191.612 190.321 204.363 209.599 180.877 202.157 140.531 157.072 186.095 185.667 
205.46 211.917 184.139 206.182 144.749 161.411 191.623 190.387 203.544 208.877 180.157 201.372 140.423 157.12 186.094 185.603 
204.703 211.124 183.364 205.406 144.776 161.416 191.658 190.467 202.713 207.974 179.276 200.526 140.472 157.065 186.093 185.64 
204.045 210.509 182.695 204.692 144.786 161.485 191.738 190.479 202.177 207.437 178.734 200.018 140.501 157.128 186.153 185.686 
203.611 210.154 182.309 204.336 144.889 161.661 191.812 190.555 201.687 206.983 178.344 199.61 140.576 157.198 186.121 185.657 
203.199 209.681 181.91 203.931 144.905 161.619 191.797 190.53 201.325 206.612 177.925 199.204 140.488 157.097 186.12 185.672 
202.925 209.469 181.603 203.606 144.852 161.645 191.871 190.572 201.055 206.377 177.693 198.933 140.532 157.091 186.147 185.729 
202.806 209.306 181.462 203.504 144.882 161.653 191.869 190.567 200.903 206.204 177.511 198.694 140.482 157.088 186.122 185.704 
202.796 209.264 181.447 203.494 144.904 161.656 191.843 190.525 200.873 206.156 177.429 198.664 140.446 157.051 186.177 185.76 
202.755 209.211 181.388 203.424 144.928 161.565 191.851 190.631 200.889 206.185 177.421 198.673 140.524 157.128 186.161 185.743 
202.765 209.195 181.41 203.487 144.913 161.549 191.812 190.603 200.879 206.19 177.442 198.672 140.529 157.094 186.175 185.754 
202.777 209.255 181.439 203.467 144.952 161.606 191.865 190.662 200.867 206.185 177.412 198.626 140.461 157.116 186.214 185.741 
201.898 208.489 180.624 202.614 144.98 161.742 191.97 190.709 199.944 205.261 176.601 197.867 140.6 157.213 186.157 185.677 
202.38 208.937 181.147 203.15 144.928 161.589 191.894 190.7 200.621 205.884 177.259 198.466 140.558 157.08 186.148 185.79 
203.298 209.858 182.107 204.111 144.816 161.556 191.819 190.57 201.552 206.922 178.3 199.521 140.514 157.2 186.11 185.611 
204.311 210.842 183.095 205.079 144.815 161.492 191.727 190.524 202.474 207.784 179.157 200.344 140.528 157.072 186.163 185.752 
205.517 212.111 184.328 206.267 144.722 161.497 191.695 190.392 203.665 209.006 180.352 201.612 140.495 157.127 186.144 185.674 
206.639 213.188 185.401 207.352 144.662 161.349 191.588 190.351 204.761 210.063 181.392 202.59 140.427 156.991 186.107 185.661 
207.885 214.438 186.654 208.641 144.61 161.297 191.466 190.242 206.029 211.283 182.761 204.014 140.456 156.986 186.071 185.616 
209.422 215.934 188.183 210.193 144.518 161.191 191.353 190.109 207.56 212.906 184.287 205.532 140.422 157.12 186.028 185.487 
210.965 217.424 189.7 211.729 144.363 160.947 191.254 190.078 209.146 214.502 185.859 207.055 140.379 157.054 186.054 185.567 
212.482 219.038 191.226 213.214 144.27 160.907 191.16 189.971 210.722 215.935 187.332 208.594 140.396 156.912 185.997 185.587 
214.135 220.612 192.932 214.951 144.148 160.793 191.043 189.817 212.332 217.601 189.034 210.257 140.393 156.897 185.949 185.567 
215.889 222.368 194.662 216.641 144.025 160.69 190.908 189.67 214.082 219.346 190.775 211.98 140.31 156.911 185.928 185.466 
217.876 224.305 196.609 218.622 143.868 160.529 190.797 189.548 216.102 221.345 192.775 214.002 140.323 156.831 185.856 185.477 
219.742 226.198 198.492 220.484 143.723 160.349 190.581 189.359 217.951 223.254 194.697 215.918 140.24 156.848 185.811 185.389 
221.866 228.299 200.635 222.64 143.593 160.246 190.471 189.212 220.086 225.383 196.789 217.983 140.208 156.849 185.808 185.344 
223.806 230.247 202.546 224.543 143.452 160.142 190.338 189.053 222.072 227.344 198.771 219.979 140.258 156.818 185.795 185.382 
226.059 232.526 204.836 226.773 143.355 159.878 190.135 188.982 224.267 229.59 201.01 222.175 140.125 156.729 185.735 185.281 
228.138 234.547 206.886 228.893 143.183 159.726 190.004 188.824 226.395 231.645 203.084 224.24 140.154 156.62 185.65 185.29 
230.256 236.719 208.996 230.963 143.065 159.654 189.812 188.606 228.759 234.05 205.393 226.561 140.121 156.607 185.609 185.27 
232.618 239.042 211.327 233.315 142.867 159.39 189.631 188.47 230.917 236.176 207.539 228.706 140.049 156.576 185.615 185.214 
234.778 241.228 213.562 235.511 142.757 159.345 189.546 188.335 233.11 238.348 209.774 230.958 140.036 156.525 185.529 185.173 
236.98 243.445 215.748 237.69 142.599 159.222 189.393 188.18 235.553 240.823 212.202 233.356 139.965 156.567 185.531 185.113 
239.39 245.84 218.142 240.098 142.385 159.002 189.208 187.996 237.731 243.037 214.409 235.554 139.961 156.6 185.482 185.017 
241.772 248.133 220.51 242.507 142.256 158.762 189.033 187.865 240.069 245.364 216.78 237.924 139.905 156.558 185.46 184.99 
244.068 250.431 222.795 244.761 142.087 158.607 188.849 187.656 242.395 247.596 219.072 240.22 139.934 156.375 185.369 185.001 
246.15 252.539 224.904 246.819 141.942 158.468 188.681 187.541 244.716 249.914 221.313 242.481 139.89 156.363 185.38 184.984 
248.449 254.849 227.212 249.159 141.78 158.307 188.505 187.323 246.771 252.006 223.457 244.583 139.855 156.32 185.316 184.962 
250.733 257.086 229.474 251.389 141.622 158.107 188.387 187.22 249.091 254.358 225.706 246.797 139.818 156.305 185.299 184.947 
252.771 259.18 231.576 253.472 141.48 158.011 188.246 187.062 251.178 256.366 227.829 248.965 139.757 156.219 185.263 184.898 
254.829 261.262 233.583 255.418 141.344 157.896 188.124 186.938 253.232 258.409 229.892 251.051 139.743 156.189 185.216 184.889 
256.674 263.082 235.474 257.362 141.21 157.673 187.939 186.781 255.083 260.302 231.728 252.816 139.714 156.146 185.181 184.851 
258.44 264.823 237.149 259.043 141.05 157.577 187.835 186.654 257.003 262.176 233.6 254.735 139.698 156.139 185.147 184.812 
260.451 266.788 239.134 261.086 140.885 157.413 187.632 186.449 258.818 263.965 235.44 256.574 139.647 156.098 185.084 184.716 
262.302 268.62 240.956 262.865 140.768 157.311 187.549 186.33 260.659 265.844 237.288 258.424 139.642 156.1 185.066 184.677 
263.942 270.303 242.62 264.536 140.671 157.29 187.498 186.251 262.307 267.513 238.933 260.048 139.603 156.147 185.028 184.633 
265.664 272.052 244.311 266.208 140.569 157.167 187.38 186.133 264.025 269.195 240.645 261.795 139.48 156.032 184.984 184.566 
267.167 273.581 245.876 267.716 140.505 157.048 187.285 186.128 265.602 270.763 242.134 263.267 139.563 156.004 184.971 184.674 
268.537 274.946 247.232 269.1 140.44 156.909 187.138 186.008 266.944 272.138 243.569 264.642 139.527 155.953 184.935 184.612 
269.825 276.158 248.472 270.41 140.271 156.856 187.083 185.863 268.293 273.487 244.986 266.089 139.417 155.993 184.905 184.522 
270.967 277.351 249.671 271.549 140.207 156.721 187.007 185.851 269.374 274.566 246.024 267.087 139.43 156.008 184.954 184.49 
272.118 278.469 250.798 272.681 140.085 156.606 186.843 185.647 270.537 275.711 247.163 268.267 139.49 155.954 184.856 184.506 
272.983 279.344 251.621 273.493 140.019 156.534 186.824 185.711 271.376 276.607 247.996 269.061 139.43 155.996 184.818 184.397 
273.842 280.169 252.455 274.385 140.029 156.553 186.754 185.576 272.195 277.386 248.801 269.877 139.411 155.927 184.813 184.367 
274.452 280.847 253.093 274.961 140.008 156.586 186.708 185.482 272.81 277.996 249.427 270.533 139.454 155.844 184.776 184.466 
274.968 281.344 253.59 275.463 139.972 156.491 186.699 185.519 273.359 278.496 249.918 271.01 139.334 155.878 184.843 184.461 
275.438 281.742 254.08 275.973 139.852 156.462 186.682 185.469 273.792 278.954 250.311 271.447 139.338 155.893 184.831 184.434 
275.734 282.126 254.368 276.241 139.851 156.549 186.739 185.456 274.095 279.26 250.62 271.776 139.403 155.895 184.816 184.455 
275.886 282.213 254.5 276.402 139.848 156.373 186.643 185.465 274.276 279.446 250.783 271.895 139.377 155.898 184.789 184.417 
275.921 282.241 254.595 276.519 139.846 156.407 186.653 185.45 274.294 279.443 250.858 271.975 139.352 155.871 184.783 184.411 
275.897 282.246 254.552 276.454 139.828 156.35 186.603 185.429 274.292 279.433 250.809 271.953 139.414 155.877 184.815 184.454 
275.841 282.168 254.536 276.428 139.796 156.339 186.603 185.395 274.229 279.427 250.796 271.906 139.319 155.858 184.775 184.388 
275.841 282.186 254.481 276.345 139.834 156.4 186.62 185.411 274.183 279.45 250.781 271.861 139.406 155.921 184.783 184.381 
275.815 282.096 254.443 276.366 139.777 156.397 186.614 185.374 274.166 279.392 250.77 271.869 139.286 155.872 184.776 184.327 
275.634 281.974 254.263 276.174 139.825 156.483 186.645 185.388 273.915 279.074 250.445 271.584 139.268 155.816 184.761 184.345 
275.21 281.569 253.848 275.724 139.853 156.407 186.636 185.474 273.561 278.75 250.12 271.204 139.33 155.801 184.832 184.43 
274.906 281.29 253.511 275.344 139.93 156.503 186.69 185.524 273.254 278.431 249.836 270.926 139.357 155.845 184.787 184.397 
274.444 280.764 253.03 274.882 139.932 156.526 186.72 185.501 272.808 277.975 249.352 270.451 139.473 155.932 184.791 184.42 
273.866 280.158 252.45 274.38 139.995 156.547 186.757 185.565 272.22 277.387 248.754 269.855 139.451 155.918 184.798 184.458 
272.934 279.229 251.509 273.435 140.063 156.598 186.773 185.636 271.297 276.415 247.813 268.914 139.422 155.872 184.81 184.484 
271.734 278.044 250.319 272.225 140.137 156.705 186.916 185.692 270.039 275.172 246.508 267.628 139.36 155.911 184.863 184.479 
270.603 277.008 249.208 271.036 140.194 156.864 186.996 185.726 268.941 274.092 245.417 266.517 139.431 155.898 184.898 184.557 
269.231 275.592 247.801 269.677 140.327 156.887 187.093 185.865 267.379 272.524 243.865 264.982 139.513 155.933 184.94 184.614 
267.586 273.86 246.096 268.104 140.435 156.981 187.211 186.045 265.825 270.999 242.269 263.404 139.45 155.984 184.949 184.56 
265.843 272.152 244.402 266.35 140.558 157.161 187.312 186.088 264.073 269.235 240.631 261.779 139.465 156.052 184.939 184.524 
263.851 270.118 242.399 264.365 140.673 157.272 187.427 186.208 262.085 267.262 238.55 259.707 139.549 156.138 185.062 184.647 
261.965 268.245 240.51 262.454 140.734 157.3 187.561 186.337 260.216 265.414 236.735 257.907 139.587 156.12 185.019 184.662 
260.233 266.535 238.739 260.686 140.974 157.481 187.67 186.481 258.475 263.748 234.948 256.063 139.684 156.208 185.082 184.726 
258.357 264.721 236.893 258.793 141.056 157.624 187.801 186.607 256.646 261.805 233.045 254.227 139.672 156.183 185.141 184.762 
256.019 262.353 234.589 256.529 141.189 157.76 187.973 186.773 254.269 259.435 230.763 251.904 139.64 156.252 185.165 184.77 
253.9 260.193 232.453 254.443 141.412 157.974 188.138 186.959 252.102 257.264 228.632 249.819 139.698 156.238 185.178 184.802 
251.947 258.212 230.467 252.486 141.522 158.031 188.294 187.12 249.927 255.117 226.358 247.537 139.777 156.292 185.267 184.885 
249.452 255.775 228.019 249.999 141.694 158.199 188.454 187.302 247.654 252.834 224.088 245.279 139.782 156.264 185.276 184.953 
247.276 253.618 225.863 247.84 141.868 158.37 188.569 187.452 245.501 250.745 221.964 243.099 139.793 156.363 185.333 184.987 
245.201 251.552 223.794 245.781 142.044 158.477 188.687 187.621 243.409 248.642 219.837 241.003 139.858 156.419 185.415 185.028 
243.079 249.41 221.623 243.626 142.131 158.659 188.879 187.731 241.256 246.365 217.668 238.894 139.941 156.315 185.35 185.08 
240.841 247.195 219.402 241.36 142.289 158.784 189.011 187.897 239.038 244.219 215.481 236.666 140.033 156.403 185.422 185.121 
238.206 244.49 216.615 238.603 142.524 158.887 189.179 188.111 236.383 241.478 212.84 234.056 140.025 156.318 185.409 185.116 
236.155 242.526 214.543 236.431 142.7 159.086 189.36 188.224 234.369 239.436 210.758 231.999 140.173 156.341 185.364 185.182 
233.856 240.138 212.256 234.18 142.914 159.18 189.488 188.464 232.039 237.09 208.405 229.602 140.26 156.244 185.374 185.254 
231.64 237.997 210.074 231.892 143.044 159.275 189.583 188.586 229.56 234.612 205.911 227.088 140.297 156.151 185.431 185.46 
229.315 235.57 207.683 229.58 143.297 159.396 189.739 188.828 227.141 232.11 203.446 224.633 140.431 156.194 185.466 185.501 
227.206 233.499 205.613 227.49 143.448 159.527 189.893 188.939 225.199 230.154 201.418 222.644 140.504 156.136 185.501 185.619 
225.081 231.393 203.469 225.295 143.594 159.664 190.07 189.128 223.271 228.254 199.548 220.751 140.547 156.154 185.496 185.662 
223.357 229.675 201.768 223.575 143.687 159.749 190.2 189.302 221.418 226.36 197.643 218.875 140.558 156.219 185.537 185.641 
221.471 227.797 199.885 221.75 143.805 159.958 190.362 189.407 219.636 224.652 195.93 217.167 140.531 156.256 185.536 185.624 
219.598 225.952 198.056 219.926 143.874 160.175 190.527 189.474 217.775 222.842 194.126 215.35 140.439 156.489 185.601 185.469 
217.551 223.923 196.025 218.016 144.034 160.393 190.688 189.62 215.715 220.788 192.119 213.381 140.448 156.622 185.708 185.547 
215.848 222.264 194.383 216.33 144.038 160.562 190.879 189.754 213.786 219.016 190.26 211.447 140.38 156.793 185.781 185.46 
214.091 220.522 192.603 214.591 144.205 160.749 191.042 189.905 212.175 217.316 188.631 209.87 140.451 156.706 185.823 185.578 
212.34 218.77 190.85 212.816 144.334 160.763 191.159 190.069 210.557 215.719 186.956 208.198 140.566 156.856 185.875 185.584 
211.081 217.489 189.597 211.581 144.394 160.916 191.206 190.063 208.984 214.138 185.41 206.678 140.516 156.786 185.957 185.709 
209.55 216.027 188.121 210.034 144.484 161.089 191.344 190.104 207.706 212.885 184.169 205.426 140.51 156.865 185.919 185.634 
208.344 214.845 186.882 208.762 144.638 161.034 191.379 190.287 206.586 211.726 183 204.235 140.685 156.786 185.937 185.768 
207.318 213.746 185.814 207.672 144.753 161.126 191.477 190.404 205.499 210.606 181.94 203.181 140.7 156.681 185.881 185.774 
206.338 212.72 184.815 206.7 144.851 161.075 191.481 190.451 204.44 209.512 180.774 202.005 140.829 156.569 185.877 185.899 
205.456 211.86 183.956 205.789 144.918 161.233 191.556 190.485 203.631 208.728 180.004 201.206 140.798 156.595 185.855 185.858 
204.633 210.939 183.015 204.902 144.973 161.119 191.576 190.588 202.809 207.769 179.12 200.346 140.876 156.489 185.833 185.929 
204.028 210.454 182.488 204.308 145.042 161.258 191.632 190.638 202.168 207.139 178.514 199.809 140.942 156.613 185.831 185.881 
203.561 209.968 181.995 203.798 145.047 161.333 191.661 190.642 201.668 206.699 178.081 199.325 140.88 156.573 185.879 185.929 
203.172 209.544 181.639 203.471 145.089 161.324 191.648 190.633 201.33 206.38 177.669 198.876 140.958 156.628 185.835 185.944 
202.929 209.288 181.362 203.199 145.107 161.239 191.674 190.726 201.125 206.104 177.391 198.614 140.91 156.557 185.875 185.941 
202.813 209.176 181.201 203.063 145.135 161.268 191.708 190.731 201.01 205.964 177.307 198.548 140.97 156.589 185.909 186 
202.77 209.172 181.18 203.007 145.151 161.358 191.724 190.723 200.979 205.922 177.257 198.507 140.9 156.553 185.926 185.945 
202.744 209.104 181.168 202.995 145.102 161.231 191.673 190.716 200.944 205.983 177.226 198.368 140.873 156.561 185.927 186.008 
202.719 209.054 181.167 203.001 145.152 161.194 191.676 190.735 200.974 205.936 177.262 198.496 140.976 156.615 185.931 186.035 
202.789 209.123 181.172 202.995 145.139 161.275 191.735 190.776 200.98 205.914 177.275 198.485 140.899 156.494 185.884 185.993 
202.079 208.527 180.603 202.396 145.241 161.357 191.79 190.879 200.287 205.357 176.649 197.841 140.953 156.676 185.915 185.934 
202.148 208.574 180.64 202.468 145.245 161.323 191.743 190.856 200.334 205.38 176.733 197.933 140.951 156.564 185.914 185.977 
202.905 209.329 181.475 203.292 145.077 161.331 191.698 190.65 201.154 206.164 177.497 198.663 140.95 156.509 185.932 186.038 
203.874 210.308 182.407 204.228 145.088 161.317 191.655 190.654 202.178 207.152 178.575 199.813 140.954 156.502 185.825 185.913 
204.959 211.323 183.478 205.298 144.949 161.121 191.51 190.498 203.172 208.154 179.528 200.736 140.873 156.417 185.857 185.98 
206.061 212.478 184.532 206.326 144.929 161.118 191.51 190.541 204.269 209.296 180.702 201.904 140.932 156.501 185.748 185.865 
207.297 213.673 185.77 207.614 144.888 161.025 191.402 190.396 205.624 210.659 182.082 203.252 140.879 156.384 185.728 185.838 
208.71 215.092 187.196 209.04 144.727 160.896 191.287 190.274 206.965 211.928 183.27 204.424 140.865 156.363 185.765 185.92 
210.134 216.572 188.678 210.403 144.7 160.887 191.208 190.227 208.326 213.313 184.786 205.976 140.819 156.275 185.704 185.886 
211.867 218.234 190.367 212.171 144.612 160.746 191.048 190.053 210.133 215.114 186.538 207.753 140.882 156.488 185.719 185.794 
213.435 219.791 191.991 213.778 144.395 160.496 190.93 189.988 211.727 216.741 188.162 209.347 140.846 156.423 185.668 185.749 
215.33 221.7 193.832 215.64 144.293 160.43 190.8 189.776 213.604 218.581 189.937 211.13 140.794 156.328 185.637 185.777 
217.065 223.401 195.518 217.315 144.186 160.277 190.635 189.675 215.543 220.521 191.955 213.116 140.784 156.255 185.569 185.749 
219.081 225.343 197.503 219.337 144.045 160.063 190.529 189.621 217.35 222.292 193.705 214.881 140.689 156.187 185.556 185.726 
220.945 227.295 199.438 221.186 143.906 159.928 190.395 189.467 219.257 224.196 195.57 216.789 140.665 156.148 185.577 185.749 
223.107 229.443 201.572 223.353 143.734 159.781 190.222 189.315 221.451 226.375 197.785 218.975 140.648 156.059 185.432 185.694 
225.119 231.456 203.682 225.433 143.642 159.687 190.055 189.092 223.695 228.606 199.978 221.162 140.61 156.098 185.451 185.588 
227.403 233.692 205.864 227.66 143.446 159.492 189.908 188.952 225.76 230.706 202.078 223.256 140.547 156.141 185.423 185.556 
229.54 235.831 208.032 229.826 143.276 159.285 189.733 188.802 228.1 233.099 204.565 225.719 140.542 156.083 185.32 185.448 
231.966 238.218 210.322 232.115 143.167 159.168 189.662 188.734 230.258 235.282 206.729 227.853 140.545 156.108 185.352 185.475 
234.269 240.533 212.761 234.546 142.979 158.997 189.397 188.461 232.622 237.607 209.126 230.222 140.449 155.907 185.281 185.433 
236.473 242.785 214.955 236.672 142.82 158.85 189.262 188.324 234.843 239.724 211.214 232.344 140.447 155.86 185.245 185.438 
238.622 244.991 217.106 238.79 142.677 158.633 189.123 188.245 237.001 241.906 213.373 234.477 140.426 155.796 185.205 185.394 
241.068 247.422 219.519 241.21 142.526 158.425 188.893 188.014 239.479 244.392 215.744 236.85 140.339 155.679 185.188 185.404 
243.296 249.556 221.765 243.474 142.374 158.391 188.787 187.812 241.653 246.571 217.929 239.085 140.281 155.757 185.143 185.282 
245.466 251.707 223.928 245.672 142.187 158.273 188.594 187.599 243.828 248.726 220.147 241.286 140.243 155.711 185.097 185.244 
247.822 254.042 226.2 247.974 142.099 158.018 188.43 187.571 246.223 251.125 222.505 243.642 140.28 155.778 185.053 185.212 
249.924 256.175 228.382 250.171 141.942 157.96 188.279 187.334 248.275 253.238 224.677 245.783 140.102 155.71 185.018 185.113 
252.024 258.304 230.456 252.184 141.76 157.817 188.198 187.228 250.427 255.341 226.842 247.955 140.187 155.661 184.962 185.109 
254.119 260.349 232.537 254.281 141.562 157.632 188.071 187.108 252.533 257.522 228.965 250.021 140.164 155.688 184.918 185.039 
256.106 262.352 234.54 256.294 141.409 157.378 187.912 187.01 254.549 259.546 230.994 252.069 140.112 155.686 184.922 185.009 
258.152 264.41 236.621 258.336 141.26 157.298 187.766 186.782 256.601 261.563 233.045 254.121 140.076 155.675 184.885 184.966 
260.011 266.235 238.454 260.224 141.125 157.269 187.634 186.643 258.404 263.431 234.836 255.895 140.088 155.748 184.863 184.903 
261.755 268.002 240.109 261.84 141.025 157.168 187.53 186.531 260.18 265.126 236.546 257.642 139.993 155.692 184.801 184.835 
263.288 269.575 241.777 263.48 141.039 157.081 187.406 186.44 261.692 266.624 238.01 259.091 139.94 155.577 184.786 184.885 
264.792 271.053 243.339 265.054 140.785 156.903 187.25 186.282 263.439 268.368 239.86 260.919 139.898 155.543 184.736 184.856 
266.514 272.827 245.024 266.694 140.623 156.855 187.148 186.109 264.983 269.924 241.32 262.398 139.92 155.562 184.793 184.876 
267.917 274.186 246.379 268.094 140.546 156.746 187.118 186.094 266.354 271.366 242.782 263.851 139.919 155.588 184.715 184.824 
269.138 275.424 247.669 269.418 140.483 156.61 186.999 185.969 267.596 272.485 243.978 265.096 139.828 155.54 184.743 184.782 
270.363 276.629 248.886 270.611 140.389 156.578 186.897 185.851 268.923 273.889 245.365 266.438 139.779 155.636 184.69 184.638 
271.657 277.838 250.068 271.841 140.367 156.4 186.79 185.894 270.073 274.941 246.395 267.504 139.826 155.419 184.649 184.727 
272.565 278.849 251.078 272.807 140.25 156.452 186.76 185.733 270.988 275.92 247.458 268.531 139.769 155.429 184.634 184.68 
273.56 279.794 252.006 273.739 140.209 156.373 186.715 185.717 271.978 276.905 248.292 269.389 139.739 155.461 184.65 184.724 
274.271 280.561 252.76 274.482 140.058 156.335 186.612 185.533 272.675 277.65 249.111 270.205 139.802 155.564 184.628 184.646 
274.803 281.103 253.28 274.973 140.099 156.3 186.588 185.532 273.228 278.146 249.632 270.713 139.756 155.451 184.609 184.649 
275.276 281.55 253.776 275.548 140.018 156.223 186.59 185.556 273.686 278.695 250.076 271.118 139.675 155.498 184.653 184.615 
275.736 281.91 254.229 275.982 139.982 156.139 186.488 185.485 274.134 279.143 250.522 271.603 139.654 155.518 184.608 184.572 
275.952 282.216 254.423 276.159 139.967 156.174 186.537 185.492 274.389 279.436 250.854 271.898 139.663 155.618 184.653 184.581 
