270.533 276.946 249.193 271.061 140.25 156.795 186.992 185.799 268.971 274.123 245.574 266.672 139.538 155.912 184.87 184.548 
271.524 277.918 250.138 272.022 140.162 156.594 186.952 185.816 269.96 275.165 246.504 267.606 139.416 155.817 184.898 184.634 
272.709 279.106 251.232 273.073 140.079 156.664 186.876 185.665 271.138 276.357 247.594 268.692 139.529 155.971 184.851 184.522 
273.431 279.758 252.036 273.929 139.988 156.446 186.789 185.631 271.944 277.118 248.434 269.479 139.345 155.752 184.811 184.521 
274.346 280.684 252.896 274.8 140.008 156.543 186.713 185.554 272.757 277.924 249.261 270.376 139.467 155.859 184.775 184.431 
274.866 281.285 253.526 275.351 139.913 156.489 186.684 185.473 273.355 278.475 249.835 270.965 139.514 155.808 184.762 184.533 
275.385 281.758 253.979 275.861 139.901 156.403 186.646 185.514 273.746 278.899 250.241 271.34 139.436 155.773 184.765 184.499 
275.684 281.997 254.276 276.185 139.846 156.432 186.626 185.397 274.077 279.249 250.588 271.685 139.368 155.812 184.795 184.46 
275.876 282.188 254.45 276.337 139.817 156.375 186.635 185.421 274.261 279.467 250.778 271.868 139.404 155.87 184.76 184.402 
275.881 282.199 254.519 276.408 139.824 156.319 186.59 185.404 274.299 279.479 250.887 271.979 139.392 155.871 184.743 184.381 
275.913 282.249 254.49 276.393 139.863 156.371 186.616 185.423 274.279 279.427 250.821 271.939 139.431 155.87 184.784 184.441 
275.798 282.129 254.468 276.352 139.85 156.308 186.594 185.437 274.212 279.411 250.818 271.92 139.352 155.854 184.754 184.373 
275.813 282.097 254.453 276.352 139.833 156.328 186.574 185.381 274.195 279.383 250.799 271.911 139.359 155.866 184.747 184.345 
275.778 282.115 254.375 276.215 139.867 156.396 186.633 185.442 274.147 279.27 250.685 271.835 139.36 155.803 184.77 184.398 
275.481 281.791 254.13 276.012 139.872 156.407 186.64 185.439 273.849 279.013 250.38 271.503 139.342 155.813 184.769 184.381 
275.074 281.426 253.712 275.552 139.925 156.396 186.653 185.504 273.44 278.524 250.013 271.161 139.434 155.795 184.709 184.426 
274.677 281.066 253.351 275.149 139.92 156.502 186.705 185.478 273.083 278.201 249.634 270.731 139.422 155.81 184.783 184.445 
274.128 280.412 252.726 274.628 139.968 156.501 186.766 185.557 272.485 277.607 249.101 270.201 139.457 155.84 184.754 184.394 
273.406 279.719 252.035 273.872 140.1 156.617 186.744 185.569 271.729 276.843 248.248 269.36 139.388 155.856 184.855 184.479 
272.21 278.544 250.976 272.818 140.069 156.677 186.846 185.606 270.433 275.574 247.119 268.218 139.443 155.905 184.797 184.427 
270.989 277.321 249.687 271.523 140.256 156.731 186.907 185.766 269.17 274.285 245.837 266.94 139.47 155.905 184.827 184.476 
269.126 275.528 248.002 269.743 140.282 157.039 187.052 185.784 267.527 272.667 244.214 265.336 139.511 155.986 184.88 184.53 
267.657 274.037 246.45 268.217 140.368 156.939 187.189 185.945 265.868 271.068 242.609 263.693 139.484 156.067 184.854 184.486 
265.956 272.364 244.773 266.511 140.476 157.095 187.274 186.033 264.277 269.37 241.007 262.092 139.454 155.869 184.893 184.574 
263.844 270.19 242.778 264.509 140.632 157.191 187.409 186.194 261.995 267.061 239.022 260.073 139.599 155.953 184.893 184.63 
261.865 268.218 240.818 262.586 140.769 157.366 187.527 186.317 260.181 265.261 237.012 258.121 139.601 155.975 184.971 184.649 
260.152 266.545 239.026 260.717 140.927 157.474 187.657 186.492 258.379 263.587 235.162 256.185 139.63 155.972 185.007 184.708 
258.036 264.33 236.988 258.746 141.109 157.583 187.762 186.646 256.304 261.441 233.172 254.259 139.682 156.056 184.998 184.746 
255.977 262.262 234.836 256.587 141.149 157.761 188.005 186.803 254.234 259.308 231.112 252.23 139.668 156.03 185.062 184.805 
253.785 260.184 232.751 254.418 141.263 157.884 188.122 186.904 252.115 257.275 229.104 250.145 139.743 156.187 185.121 184.803 
251.783 258.175 230.767 252.502 141.492 158.067 188.242 187.009 250.059 255.214 226.986 248.064 139.787 156.084 185.147 184.874 
249.561 255.994 228.603 250.33 141.638 158.182 188.329 187.153 247.82 252.972 224.86 245.946 139.771 156.186 185.148 184.842 
247.376 253.849 226.528 248.191 141.828 158.38 188.511 187.345 245.658 250.883 222.753 243.798 139.811 156.224 185.164 184.884 
245.229 251.718 224.319 246.071 141.904 158.509 188.703 187.447 243.31 248.548 220.526 241.549 139.839 156.407 185.248 184.86 
242.891 249.335 222.015 243.747 142.135 158.743 188.806 187.654 241.118 246.368 218.069 239.133 139.834 156.362 185.331 184.935 
240.714 247.192 219.732 241.493 142.294 158.932 188.975 187.741 238.802 244.028 215.795 236.902 140.01 156.577 185.364 184.949 
238.156 244.644 217.303 238.955 142.53 159.097 189.214 188.024 236.349 241.417 213.363 234.527 140.057 156.478 185.362 185.096 
235.911 242.329 214.97 236.597 142.668 159.259 189.383 188.157 234.064 239.223 210.999 232.118 140.019 156.427 185.408 185.072 
233.703 240.211 212.855 234.553 142.704 159.4 189.532 188.294 231.656 236.87 208.761 229.854 140.132 156.61 185.421 185.107 
231.466 237.92 210.582 232.325 142.931 159.464 189.642 188.518 229.712 234.839 206.68 227.821 140.018 156.517 185.449 185.086 
229.04 235.547 208.236 229.948 143.06 159.643 189.753 188.613 227.421 232.64 204.518 225.652 140.115 156.608 185.504 185.213 
227.165 233.633 206.243 228.022 143.221 159.898 189.969 188.733 225.175 230.513 202.25 223.355 140.165 156.753 185.568 185.15 
225.083 231.625 204.137 225.859 143.352 160.02 190.106 188.853 223.382 228.652 200.308 221.443 140.076 156.697 185.644 185.197 
223.058 229.595 202.153 223.896 143.537 160.079 190.257 189.082 221.337 226.559 198.245 219.36 140.091 156.65 185.673 185.327 
221.177 227.724 200.295 222.072 143.646 160.289 190.448 189.196 219.422 224.64 196.423 217.537 140.156 156.678 185.679 185.302 
219.401 225.999 198.478 220.236 143.742 160.41 190.594 189.369 217.619 222.858 194.468 215.545 140.158 156.776 185.725 185.324 
217.652 224.116 196.667 218.503 143.839 160.416 190.656 189.447 215.643 220.769 192.643 213.826 140.168 156.805 185.749 185.339 
215.851 222.371 194.887 216.685 143.937 160.541 190.855 189.656 214.062 219.219 190.861 212.035 140.253 156.758 185.768 185.395 
214.499 220.945 193.346 215.27 144.061 160.753 190.951 189.704 212.641 217.831 189.359 210.553 140.301 156.73 185.849 185.484 
213.118 219.614 191.979 213.925 144.226 160.83 191.038 189.857 210.993 216.3 187.836 208.934 140.276 157 185.952 185.419 
211.473 217.982 190.447 212.321 144.337 161.077 191.181 189.869 209.676 214.957 186.438 207.615 140.405 156.855 185.954 185.591 
209.933 216.478 188.896 210.759 144.474 161.097 191.308 190.078 208.072 213.316 184.87 206.04 140.386 156.938 185.973 185.494 
208.813 215.33 187.654 209.575 144.539 161.24 191.377 190.121 206.79 212.045 183.527 204.697 140.412 156.962 186.046 185.596 
207.568 214.058 186.384 208.317 144.678 161.3 191.448 190.255 205.743 211.003 182.419 203.621 140.479 157.082 186.052 185.592 
206.418 212.874 185.233 207.191 144.673 161.268 191.548 190.343 204.53 209.854 181.259 202.412 140.471 157.042 186.023 185.571 
205.749 212.292 184.534 206.482 144.777 161.438 191.596 190.341 203.855 209.102 180.536 201.751 140.486 157.028 186.016 185.589 
205.071 211.536 183.789 205.763 144.791 161.414 191.62 190.428 203.135 208.422 179.759 201.006 140.535 157.128 186.116 185.656 
204.194 210.729 182.956 204.884 144.813 161.478 191.759 190.549 202.278 207.472 178.933 200.195 140.579 156.881 186.03 185.799 
203.717 210.236 182.456 204.431 144.91 161.643 191.788 190.537 201.864 207.11 178.536 199.759 140.549 157.084 186.053 185.637 
203.261 209.829 182.042 204.001 144.887 161.58 191.802 190.58 201.429 206.738 178.066 199.308 140.585 157.187 186.1 185.661 
202.997 209.488 181.715 203.758 144.894 161.56 191.839 190.594 201.182 206.422 177.796 199.032 140.511 157.101 186.127 185.713 
202.841 209.362 181.598 203.571 144.97 161.665 191.836 190.569 201.034 206.299 177.6 198.836 140.577 157.077 186.14 185.752 
202.798 209.298 181.465 203.433 144.953 161.665 191.804 190.52 200.945 206.228 177.474 198.714 140.551 157.123 186.134 185.72 
202.749 209.273 181.426 203.384 144.946 161.59 191.82 190.581 200.897 206.147 177.465 198.691 140.459 157.034 186.158 185.719 
202.731 209.253 181.388 203.387 144.989 161.589 191.818 190.609 200.879 206.147 177.416 198.633 140.512 157.041 186.134 185.749 
202.763 209.258 181.42 203.447 144.925 161.603 191.844 190.604 200.903 206.127 177.451 198.703 140.58 157.021 186.081 185.697 
202.755 209.222 181.407 203.435 144.978 161.62 191.902 190.719 200.844 206.134 177.366 198.55 140.543 157.076 186.176 185.803 
201.772 208.363 180.602 202.541 145.029 161.742 191.961 190.68 199.827 205.107 176.565 197.792 140.546 157.145 186.094 185.613 
202.491 208.953 181.153 203.241 144.987 161.524 191.883 190.748 200.772 206.065 177.295 198.566 140.549 156.993 186.168 185.83 
203.35 209.944 182.08 204.075 144.936 161.568 191.777 190.605 201.606 206.899 178.179 199.443 140.498 157.101 186.141 185.702 
204.347 210.881 182.983 204.998 144.873 161.455 191.732 190.532 202.637 207.92 179.171 200.391 140.603 157.008 186.118 185.75 
205.447 211.995 184.099 206.081 144.734 161.32 191.59 190.415 203.714 209.005 180.195 201.454 140.507 157.054 186.096 185.67 
206.655 213.276 185.25 207.189 144.768 161.423 191.566 190.367 204.87 210.067 181.331 202.598 140.618 156.878 186.066 185.818 
207.869 214.464 186.513 208.481 144.618 161.323 191.474 190.203 206.148 211.506 182.652 203.939 140.52 157.075 186.03 185.62 
209.207 215.78 187.838 209.848 144.533 161.168 191.373 190.165 207.429 212.681 183.866 205.242 140.449 156.841 186.05 185.749 
210.677 217.227 189.218 211.227 144.505 161.046 191.323 190.183 208.932 214.104 185.408 206.72 140.497 156.802 185.958 185.668 
212.212 218.772 190.706 212.734 144.354 160.898 191.226 190.051 210.555 215.85 187.023 208.32 140.536 156.924 185.946 185.615 
213.785 220.419 192.382 214.395 144.232 160.856 191.115 189.902 212.08 217.352 188.525 209.82 140.349 156.714 185.891 185.58 
215.469 222.083 194.026 216.003 144.167 160.768 190.948 189.768 213.745 218.998 190.143 211.447 140.287 156.696 185.918 185.576 
217.117 223.72 195.666 217.621 144.021 160.731 190.837 189.651 215.563 220.754 191.912 213.261 140.272 156.663 185.888 185.557 
219.2 225.713 197.545 219.586 143.835 160.401 190.676 189.525 217.379 222.548 193.77 215.094 140.251 156.601 185.837 185.542 
220.78 227.324 199.247 221.183 143.738 160.267 190.528 189.371 219.17 224.394 195.59 216.86 140.352 156.798 185.745 185.442 
222.711 229.234 201.121 223.138 143.614 160.067 190.449 189.294 221.049 226.341 197.554 218.731 140.272 156.671 185.774 185.487 
224.726 231.329 203.181 225.144 143.513 159.906 190.315 189.237 223.136 228.393 199.479 220.737 140.302 156.58 185.73 185.472 
226.757 233.35 205.185 227.124 143.23 159.747 190.131 188.958 225.232 230.401 201.517 222.838 140.216 156.611 185.721 185.427 
228.926 235.472 207.297 229.29 143.192 159.721 190.02 188.784 227.123 232.35 203.47 224.712 140.279 156.577 185.666 185.439 
230.819 237.292 209.267 231.301 143.001 159.454 189.815 188.615 229.435 234.603 205.663 226.986 140.192 156.478 185.636 185.375 
233.198 239.617 211.561 233.66 142.867 159.386 189.644 188.458 231.539 236.678 207.844 229.104 140.069 156.308 185.591 185.333 
235.396 241.87 213.724 235.79 142.821 159.315 189.522 188.386 233.646 238.835 209.968 231.199 139.935 156.188 185.499 185.283 
237.576 244.038 215.996 238.04 142.51 159.094 189.345 188.134 235.849 240.991 212.218 233.473 139.847 156.116 185.404 185.193 
239.481 245.92 217.902 239.864 142.497 158.883 189.183 188.109 238.019 243.174 214.351 235.623 139.856 156.108 185.466 185.235 
241.821 248.388 220.167 242.102 142.226 158.698 189.116 187.936 240.152 245.322 216.581 237.843 139.79 156.191 185.425 185.086 
243.931 250.398 222.387 244.372 142.102 158.551 188.842 187.715 242.472 247.658 218.785 240.078 139.757 156.044 185.405 185.117 
246.278 252.787 224.689 246.636 141.939 158.351 188.714 187.571 244.734 249.82 221.083 242.372 139.865 156.058 185.325 185.123 
248.424 254.911 226.886 248.802 141.736 158.155 188.534 187.39 246.853 251.925 223.137 244.419 139.791 155.933 185.288 185.11 
250.858 257.259 229.222 251.257 141.626 158.003 188.414 187.289 249.27 254.416 225.492 246.782 139.773 156.079 185.266 184.965 
252.886 259.422 231.356 253.301 141.578 158.049 188.248 187.069 251.336 256.441 227.681 248.918 139.721 156.02 185.202 184.967 
255.046 261.497 233.388 255.371 141.444 157.894 188.092 186.961 253.4 258.602 229.841 251.039 139.761 156.065 185.174 184.893 
256.964 263.417 235.421 257.41 141.293 157.725 187.964 186.849 255.453 260.534 231.733 252.999 139.764 156.114 185.145 184.882 
258.402 264.794 236.897 258.865 141.136 157.5 187.861 186.763 256.854 262.065 233.351 254.525 139.695 156.099 185.083 184.763 
260.122 266.44 238.594 260.566 140.987 157.259 187.668 186.605 258.545 263.79 235.047 256.185 139.537 155.997 185.096 184.731 
261.616 268.017 240.207 262.128 140.87 157.347 187.586 186.445 259.988 265.202 236.478 257.582 139.608 155.999 185.055 184.755 
263.345 269.747 241.776 263.692 140.814 157.299 187.502 186.345 261.714 266.926 238.169 259.264 139.605 155.951 185.001 184.754 
264.891 271.239 243.341 265.324 140.682 157.205 187.414 186.262 263.485 268.678 239.878 261.065 139.679 155.998 185.016 184.773 
266.472 272.906 244.908 266.809 140.539 156.921 187.258 186.176 264.971 270.134 241.424 262.581 139.546 155.974 184.98 184.652 
267.799 274.181 246.318 268.216 140.372 156.958 187.233 185.98 266.209 271.366 242.706 263.834 139.431 155.81 184.908 184.61 
269.026 275.41 247.511 269.381 140.461 157.012 187.116 185.975 267.531 272.767 244.046 265.129 139.531 156.006 184.91 184.551 
270.3 276.664 248.767 270.647 140.274 156.769 187.086 185.878 268.697 273.895 245.171 266.314 139.468 155.771 184.852 184.596 
271.339 277.783 249.92 271.771 140.289 156.783 186.95 185.818 269.709 274.88 246.179 267.306 139.388 155.73 184.852 184.589 
272.372 278.663 250.868 272.787 140.142 156.624 186.904 185.729 270.886 276.035 247.386 268.537 139.53 155.826 184.791 184.498 
273.299 279.641 251.837 273.761 140.126 156.616 186.827 185.683 271.624 276.803 248.121 269.207 139.375 155.719 184.797 184.532 
274.002 280.349 252.564 274.475 140.006 156.509 186.744 185.564 272.384 277.573 248.879 269.976 139.414 155.816 184.816 184.524 
274.638 281.038 253.224 275.046 140.028 156.532 186.739 185.582 273.074 278.22 249.56 270.694 139.494 155.843 184.745 184.434 
275.111 281.432 253.678 275.561 139.944 156.424 186.679 185.532 273.519 278.707 250.046 271.118 139.323 155.758 184.768 184.454 
275.438 281.81 254.057 275.898 139.934 156.338 186.644 185.507 273.874 279.013 250.384 271.477 139.307 155.67 184.747 184.479 
275.782 282.058 254.329 276.244 139.876 156.428 186.606 185.391 274.125 279.255 250.604 271.735 139.421 155.78 184.735 184.435 
275.9 282.258 254.527 276.385 139.89 156.396 186.621 185.45 274.286 279.46 250.805 271.873 139.384 155.795 184.77 184.424 
275.921 282.19 254.542 276.441 139.894 156.356 186.611 185.481 274.263 279.453 250.845 271.932 139.429 155.794 184.753 184.426 
275.91 282.212 254.508 276.392 139.893 156.391 186.64 185.439 274.295 279.456 250.825 271.93 139.47 155.805 184.754 184.486 
275.826 282.194 254.476 276.33 139.886 156.387 186.607 185.415 274.245 279.397 250.795 271.901 139.354 155.808 184.732 184.37 
275.809 282.112 254.459 276.323 139.853 156.261 186.603 185.469 274.207 279.38 250.789 271.85 139.344 155.786 184.707 184.345 
275.772 282.084 254.364 276.22 139.816 156.285 186.62 185.454 274.157 279.325 250.714 271.846 139.366 155.791 184.767 184.416 
275.484 281.787 254.131 275.996 139.846 156.377 186.651 185.483 273.859 278.965 250.391 271.509 139.366 155.776 184.726 184.418 
275.084 281.374 253.665 275.55 139.956 156.465 186.694 185.5 273.429 278.566 249.949 271.034 139.4 155.829 184.784 184.437 
274.646 281.009 253.261 275.067 139.959 156.53 186.75 185.498 273.053 278.144 249.587 270.699 139.43 155.718 184.703 184.433 
274.152 280.467 252.755 274.609 140.07 156.528 186.738 185.574 272.485 277.661 249.084 270.164 139.476 155.869 184.724 184.397 
273.52 279.82 252.092 273.937 140.084 156.594 186.787 185.615 271.858 276.939 248.348 269.459 139.391 155.883 184.778 184.408 
272.313 278.672 251.051 272.845 140.128 156.766 186.867 185.629 270.673 275.775 247.294 268.382 139.414 155.883 184.754 184.378 
271.077 277.422 249.823 271.584 140.254 156.851 186.92 185.733 269.359 274.475 245.998 267.114 139.451 155.928 184.838 184.481 
269.57 275.935 248.389 270.139 140.318 156.781 187.02 185.889 267.762 272.905 244.452 265.535 139.358 155.939 184.833 184.438 
267.86 274.317 246.778 268.429 140.383 156.947 187.186 185.939 266.248 271.351 242.95 264.037 139.59 155.848 184.839 184.594 
266.215 272.613 245.079 266.831 140.606 157.17 187.281 186.118 264.459 269.524 241.125 262.209 139.508 155.787 184.871 184.616 
264.488 270.789 243.346 265.09 140.752 157.252 187.411 186.263 262.766 267.83 239.461 260.592 139.669 156.042 184.942 184.647 
262.613 268.946 241.419 263.195 140.935 157.429 187.508 186.318 260.916 266.052 237.569 258.65 139.563 156.214 184.998 184.529 
261.157 267.486 239.942 261.767 140.956 157.438 187.584 186.425 259.438 264.548 236.072 257.189 139.667 156.096 185.002 184.603 
258.841 265.129 237.803 259.525 141.032 157.539 187.73 186.572 257.101 262.277 234.051 255.082 139.708 156.095 184.978 184.708 
256.798 263.27 235.764 257.415 141.227 157.747 187.929 186.796 254.81 259.927 231.667 252.722 139.795 156.086 185.058 184.817 
254.635 261.004 233.601 255.29 141.419 157.813 188.03 186.992 252.961 258.111 229.702 250.786 139.836 156.229 185.131 184.798 
252.44 258.874 231.434 253.077 141.565 158.047 188.204 187.082 250.612 255.696 227.448 248.532 139.925 156.273 185.112 184.845 
250.176 256.467 229.112 250.804 141.777 158.183 188.35 187.233 248.455 253.517 225.171 246.316 139.902 156.199 185.174 184.928 
247.741 254.082 226.809 248.474 141.828 158.332 188.497 187.425 246.033 251.102 222.923 244.047 140.021 156.205 185.126 184.944 
245.904 252.232 224.792 246.614 141.901 158.412 188.672 187.453 244.076 249.198 220.889 242.006 139.77 156.116 185.238 184.919 
243.715 250.021 222.714 244.509 142.084 158.611 188.756 187.59 241.868 247.063 218.885 239.953 139.84 156.317 185.263 184.908 
241.164 247.591 220.256 241.96 142.34 158.79 188.919 187.87 239.469 244.702 216.641 237.697 140.019 156.484 185.283 184.967 
238.969 245.436 218.105 239.76 142.361 158.945 189.15 187.972 237.034 242.265 214.135 235.228 140.07 156.539 185.373 185.082 
236.719 243.069 215.716 237.498 142.582 159.224 189.378 188.177 234.895 240.133 211.766 232.815 140.043 156.483 185.429 185.076 
234.225 240.58 213.202 234.943 142.824 159.381 189.488 188.393 232.532 237.603 209.493 230.62 140.203 156.575 185.372 185.111 
231.973 238.39 210.955 232.664 142.943 159.571 189.671 188.47 230.142 235.362 207.076 228.135 140.153 156.514 185.438 185.181 
229.586 235.983 208.739 230.447 143.068 159.634 189.701 188.528 227.738 232.927 204.838 225.991 140.155 156.547 185.465 185.218 
227.574 234.027 206.592 228.339 143.133 159.729 189.892 188.658 225.733 230.893 202.73 223.819 140.052 156.507 185.559 185.252 
225.761 232.3 204.748 226.49 143.328 159.939 190.138 188.947 223.886 229.048 200.821 221.921 140.111 156.528 185.606 185.227 
223.757 230.317 202.855 224.573 143.495 160.048 190.293 189.093 221.678 226.843 198.722 219.861 140.182 156.6 185.625 185.359 
221.772 228.311 200.815 222.552 143.616 160.276 190.465 189.247 219.977 225.155 196.858 217.987 140.104 156.586 185.684 185.324 
219.83 226.368 198.896 220.699 143.849 160.395 190.58 189.421 218.003 223.2 194.935 216.059 140.281 156.679 185.698 185.383 
218.156 224.709 197.092 218.925 143.916 160.46 190.701 189.566 216.087 221.273 193.068 214.224 140.218 156.68 185.712 185.384 
216.241 222.661 195.206 217.11 144.05 160.669 190.796 189.624 214.405 219.63 191.194 212.347 140.318 156.741 185.788 185.411 
214.82 221.269 193.614 215.515 144.142 160.751 190.96 189.756 212.897 218.133 189.692 210.879 140.27 156.843 185.87 185.456 
213.266 219.719 192.119 214.019 144.202 160.798 191.039 189.865 211.235 216.435 188.052 209.253 140.291 156.877 185.894 185.427 
211.792 218.315 190.725 212.588 144.299 160.919 191.161 189.929 210.038 215.218 186.683 207.902 140.41 156.805 185.925 185.575 
210.271 216.781 189.131 210.979 144.435 161.118 191.298 190.074 208.093 213.262 184.952 206.1 140.432 156.91 185.921 185.503 
208.874 215.322 187.615 209.546 144.657 161.245 191.379 190.201 206.982 212.214 183.679 204.92 140.378 156.94 186.003 185.581 
207.555 214.076 186.379 208.263 144.585 161.229 191.473 190.239 205.699 210.973 182.464 203.672 140.399 156.966 185.988 185.56 
206.597 213.082 185.356 207.338 144.773 161.368 191.561 190.37 204.593 209.818 181.297 202.487 140.523 156.959 186.022 185.653 
205.643 212.202 184.444 206.378 144.805 161.448 191.632 190.405 203.771 208.997 180.438 201.678 140.47 156.958 186.015 185.637 
205.015 211.467 183.692 205.693 144.866 161.449 191.642 190.445 203.123 208.359 179.754 200.991 140.512 157.082 186.038 185.583 
204.256 210.708 182.949 204.95 144.872 161.426 191.749 190.572 202.395 207.627 178.95 200.167 140.597 156.968 186.029 185.693 
203.76 210.219 182.482 204.491 144.87 161.512 191.756 190.507 201.824 207.103 178.515 199.715 140.543 157.115 186.103 185.649 
203.334 209.851 182.088 204.034 144.927 161.553 191.726 190.56 201.498 206.793 178.164 199.402 140.561 157.198 186.107 185.609 
203.039 209.481 181.797 203.824 145.024 161.588 191.762 190.519 201.193 206.456 177.819 199.05 140.565 157.117 186.097 185.695 
202.869 209.375 181.593 203.587 144.989 161.617 191.826 190.63 201.069 206.286 177.597 198.841 140.567 157.062 186.141 185.787 
202.811 209.281 181.478 203.48 144.975 161.624 191.866 190.657 200.93 206.193 177.472 198.704 140.635 157.107 186.117 185.739 
202.74 209.197 181.422 203.443 144.936 161.533 191.817 190.645 200.924 206.175 177.432 198.658 140.565 157.121 186.172 185.773 
202.713 209.211 181.378 203.353 144.957 161.52 191.899 190.714 200.88 206.191 177.386 198.581 140.579 157.1 186.125 185.754 
202.763 209.209 181.361 203.399 145.011 161.565 191.853 190.694 200.861 206.169 177.408 198.6 140.592 157.069 186.128 185.806 
202.604 209.073 181.259 203.257 145.025 161.608 191.877 190.734 200.711 205.973 177.27 198.489 140.644 157.127 186.204 185.82 
201.776 208.309 180.569 202.563 145.005 161.771 191.963 190.713 199.819 205.107 176.589 197.815 140.589 157.096 186.135 185.715 
202.532 208.997 181.158 203.169 144.941 161.513 191.891 190.682 200.727 205.982 177.204 198.487 140.643 157.044 186.165 185.85 
203.289 209.83 182.003 204.026 144.914 161.494 191.82 190.639 201.515 206.836 178.121 199.408 140.592 156.979 186.121 185.842 
204.416 210.956 182.988 205.001 144.896 161.55 191.737 190.505 202.577 207.764 179.09 200.372 140.604 156.959 186.088 185.779 
205.207 211.754 183.907 205.888 144.796 161.395 191.669 190.457 203.45 208.664 179.952 201.253 140.478 156.852 186.05 185.734 
206.574 213.111 185.141 207.149 144.708 161.352 191.629 190.422 204.783 210.024 181.249 202.52 140.579 156.972 186.11 185.808 
207.769 214.288 186.397 208.355 144.572 161.187 191.476 190.289 205.966 211.294 182.577 203.827 140.457 156.949 186.027 185.609 
209.288 215.85 187.811 209.776 144.555 161.184 191.383 190.113 207.433 212.678 183.914 205.195 140.413 156.689 186.055 185.796 
210.719 217.239 189.258 211.286 144.498 161.068 191.329 190.155 208.975 214.213 185.416 206.715 140.532 156.934 185.988 185.645 
212.42 218.999 190.908 212.911 144.352 160.911 191.218 190.082 210.749 216.05 187.13 208.44 140.608 156.968 185.999 185.737 
213.831 220.377 192.389 214.431 144.304 160.92 191.106 189.908 212.258 217.549 188.747 209.987 140.343 156.804 185.934 185.537 
215.685 222.31 194.22 216.183 144.1 160.654 190.992 189.804 214.137 219.364 190.628 211.914 140.322 156.586 185.872 185.654 
217.622 224.278 196.174 218.127 143.94 160.523 190.769 189.585 215.96 221.237 192.388 213.683 140.376 156.729 185.888 185.582 
219.504 226.087 198.027 219.979 143.871 160.387 190.659 189.546 217.764 223.004 194.176 215.456 140.285 156.576 185.841 185.617 
221.421 228.034 199.861 221.795 143.791 160.324 190.541 189.382 219.879 225.076 196.244 217.508 140.223 156.478 185.799 185.546 
223.619 230.201 201.908 223.914 143.601 160.065 190.425 189.274 221.822 227.104 198.21 219.494 140.192 156.399 185.741 185.565 
225.767 232.493 204.274 226.155 143.408 159.956 190.3 189.093 224.103 229.229 200.492 221.805 140.105 156.328 185.678 185.436 
227.818 234.409 206.295 228.246 143.284 159.78 190.106 188.947 226.147 231.431 202.628 223.91 140.102 156.499 185.662 185.345 
229.972 236.593 208.544 230.511 143.138 159.591 189.889 188.745 228.549 233.668 204.904 226.193 140.058 156.202 185.608 185.437 
232.362 238.898 210.702 232.755 142.918 159.373 189.85 188.635 230.833 235.994 207.1 228.438 140.116 156.346 185.587 185.375 
234.584 241.059 212.945 234.943 142.733 159.193 189.645 188.454 233.016 238.244 209.357 230.613 140.109 156.415 185.535 185.25 
236.753 243.267 215.129 237.131 142.621 159.02 189.413 188.276 235.186 240.295 211.497 232.812 140.065 156.24 185.496 185.272 
238.991 245.506 217.353 239.347 142.558 158.992 189.289 188.123 237.537 242.641 213.812 235.065 139.937 156.18 185.47 185.195 
241.409 247.92 219.692 241.698 142.433 158.823 189.051 187.935 239.789 244.929 216.018 237.246 139.951 156.221 185.432 185.205 
243.734 250.206 222.106 244.079 142.095 158.443 188.872 187.784 242.066 247.237 218.367 239.574 139.849 156.112 185.381 185.138 
245.89 252.472 224.392 246.292 142.093 158.446 188.732 187.648 244.372 249.521 220.758 242.046 139.71 155.987 185.35 185.016 
248.248 254.756 226.699 248.699 141.842 158.305 188.611 187.408 246.618 251.776 223.098 244.314 139.846 156.088 185.293 185.005 
250.393 256.853 228.829 250.821 141.677 158.032 188.426 187.318 248.986 254.124 225.345 246.587 139.756 156.019 185.275 184.982 
252.705 259.217 231.08 253.076 141.535 157.978 188.311 187.172 251.379 256.458 227.691 248.985 139.817 156.044 185.253 184.994 
254.934 261.467 233.335 255.262 141.406 157.713 188.157 187.123 253.498 258.608 229.766 251.023 139.797 156.003 185.166 184.954 
257.174 263.559 235.52 257.543 141.25 157.605 187.966 186.873 255.628 260.768 231.898 253.113 139.687 155.995 185.199 184.957 
258.929 265.278 237.394 259.403 141.073 157.492 187.821 186.714 257.515 262.627 233.97 255.165 139.697 155.948 185.068 184.84 
260.962 267.396 239.453 261.363 141.001 157.459 187.671 186.563 259.627 264.715 235.94 257.194 139.689 155.898 185.059 184.871 
262.725 269.183 241.147 263.031 140.778 157.259 187.573 186.409 261.328 266.499 237.78 258.918 139.535 155.928 185.045 184.7 
264.378 270.863 242.875 264.752 140.686 157.108 187.456 186.315 262.844 268.056 239.38 260.504 139.548 155.984 184.959 184.634 
266.079 272.489 244.605 266.507 140.576 157.086 187.339 186.176 264.487 269.645 240.938 262.078 139.514 155.766 184.918 184.704 
267.42 273.827 245.961 267.836 140.57 156.944 187.203 186.128 265.978 271.195 242.491 263.573 139.45 155.809 184.971 184.691 
268.979 275.415 247.429 269.288 140.455 156.965 187.147 186.033 267.39 272.578 243.849 265.007 139.617 156.039 184.918 184.631 
270.268 276.579 248.794 270.706 140.359 156.747 187.041 185.909 268.694 273.869 245.21 266.341 139.541 155.82 184.853 184.623 
271.392 277.805 249.925 271.795 140.273 156.704 186.97 185.846 269.844 274.941 246.212 267.361 139.4 155.679 184.837 184.585 
272.447 278.795 250.902 272.839 140.135 156.661 186.923 185.725 270.908 276.099 247.431 268.55 139.438 155.744 184.84 184.572 
273.281 279.718 251.849 273.694 140.078 156.601 186.828 185.676 271.667 276.808 248.131 269.226 139.435 155.714 184.829 184.575 
274.007 280.298 252.549 274.475 140.043 156.511 186.757 185.593 272.551 277.675 249.038 270.2 139.441 155.781 184.755 184.47 
274.618 281.015 253.214 275.035 139.982 156.439 186.722 185.604 273.047 278.206 249.607 270.7 139.431 155.797 184.797 184.484 
275.125 281.552 253.737 275.52 139.875 156.464 186.698 185.516 273.552 278.736 250.058 271.128 139.393 155.806 184.797 184.48 
275.484 281.893 254.085 275.909 139.916 156.404 186.698 185.546 273.941 279.091 250.414 271.529 139.437 155.826 184.827 184.493 
275.81 282.114 254.341 276.235 139.82 156.338 186.618 185.433 274.161 279.306 250.704 271.826 139.44 155.873 184.763 184.425 
275.922 282.278 254.543 276.418 139.935 156.424 186.654 185.487 274.278 279.481 250.862 271.968 139.404 155.878 184.764 184.359 
275.913 282.238 254.517 276.386 139.884 156.369 186.674 185.517 274.282 279.418 250.816 271.954 139.387 155.8 184.761 184.429 
275.901 282.274 254.504 276.332 139.917 156.409 186.643 185.49 274.292 279.399 250.829 271.944 139.401 155.769 184.729 184.414 
275.854 282.17 254.464 276.333 139.899 156.379 186.639 185.49 274.192 279.385 250.782 271.889 139.399 155.787 184.674 184.344 
275.836 282.135 254.447 276.334 139.869 156.361 186.6 185.44 274.22 279.378 250.782 271.898 139.335 155.823 184.747 184.387 
275.731 282.058 254.321 276.157 139.858 156.341 186.629 185.436 274.104 279.282 250.65 271.754 139.372 155.812 184.723 184.376 
275.431 281.766 254.099 275.965 139.885 156.371 186.654 185.49 273.831 278.998 250.382 271.469 139.394 155.816 184.76 184.429 
275.092 281.449 253.722 275.554 139.932 156.434 186.674 185.53 273.45 278.573 250.013 271.12 139.433 155.84 184.798 184.447 
274.756 281.122 253.356 275.155 139.97 156.49 186.737 185.559 273.079 278.189 249.614 270.719 139.437 155.778 184.726 184.443 
274.154 280.546 252.844 274.653 139.948 156.522 186.807 185.597 272.508 277.63 249.051 270.179 139.574 155.949 184.744 184.411 
273.496 279.802 252.091 273.934 140.074 156.579 186.76 185.587 271.831 276.953 248.343 269.435 139.463 155.961 184.831 184.453 
272.312 278.689 250.951 272.704 140.141 156.677 186.954 185.767 270.531 275.618 247.16 268.258 139.481 155.797 184.781 184.475 
271.098 277.402 249.816 271.646 140.297 156.758 186.941 185.817 269.397 274.501 245.989 267.109 139.442 155.929 184.836 184.444 
269.496 275.887 248.296 270.041 140.29 156.882 187.088 185.843 267.846 273.002 244.576 265.638 139.458 155.975 184.885 184.514 
267.979 274.425 246.82 268.552 140.384 157.092 187.165 185.86 266.361 271.434 243.029 264.119 139.525 155.872 184.818 184.52 
266.603 272.964 245.365 267.169 140.594 157.053 187.293 186.124 264.918 270.007 241.592 262.7 139.522 155.943 184.908 184.577 
264.89 271.241 243.693 265.441 140.685 157.311 187.374 186.139 263.13 268.271 239.913 261.021 139.609 156.099 184.97 184.598 
262.84 269.297 241.771 263.458 140.867 157.401 187.484 186.35 260.906 266.141 237.84 258.896 139.696 156.152 184.945 184.651 
261.127 267.508 239.989 261.73 140.955 157.419 187.604 186.449 259.47 264.574 236.152 257.276 139.657 156.11 184.993 184.594 
258.814 265.355 237.885 259.501 141.02 157.682 187.759 186.533 257.165 262.378 234.06 255.091 139.678 156.25 185.079 184.695 
256.893 263.231 235.781 257.524 141.245 157.722 187.925 186.827 254.807 259.999 231.811 252.864 139.76 156.181 185.086 184.784 
254.597 260.972 233.522 255.173 141.429 157.978 188.109 186.965 252.813 257.903 229.612 250.742 139.744 156.198 185.16 184.844 
252.544 258.973 231.5 253.261 141.557 158.079 188.226 187.078 250.597 255.7 227.44 248.546 139.801 156.284 185.138 184.812 
250.212 256.639 229.341 250.994 141.633 158.212 188.32 187.178 248.56 253.704 225.337 246.423 139.942 156.287 185.24 184.938 
248.109 254.531 227.107 248.79 141.887 158.408 188.521 187.359 246.327 251.441 223.206 244.268 139.874 156.182 185.24 185.002 
246.095 252.482 224.974 246.717 141.986 158.488 188.675 187.534 244.249 249.314 221.065 242.197 139.843 156.225 185.242 184.925 
244.084 250.504 223.049 244.807 142.052 158.614 188.767 187.558 242.29 247.428 219.144 240.238 139.831 156.273 185.302 184.975 
241.945 248.301 220.914 242.644 142.196 158.713 188.939 187.793 239.883 245.034 216.935 238.069 140.046 156.394 185.293 185.032 
239.433 245.932 218.469 240.174 142.505 159.107 189.091 187.971 237.442 242.683 214.627 235.656 140.022 156.643 185.351 184.975 
237.017 243.48 216.119 237.796 142.548 159.24 189.312 188.078 235.337 240.534 212.287 233.357 139.944 156.493 185.413 185.06 
234.879 241.35 213.927 235.664 142.664 159.37 189.456 188.201 233.067 238.272 210.136 231.238 139.981 156.549 185.501 185.107 
232.741 239.208 211.757 233.535 142.881 159.492 189.612 188.409 230.976 236.22 207.857 228.974 139.985 156.59 185.503 185.11 
230.468 236.832 209.47 231.288 143.022 159.603 189.78 188.59 228.665 233.869 205.672 226.753 140.142 156.648 185.523 185.186 
228.213 234.653 207.27 228.989 143.264 159.82 189.936 188.752 226.404 231.621 203.333 224.468 140.093 156.786 185.602 185.143 
226.307 232.715 205.258 227.088 143.323 159.843 190.138 188.999 224.423 229.678 201.272 222.432 140.116 156.668 185.626 185.228 
224.415 230.837 203.325 225.182 143.525 160.064 190.239 189.061 222.381 227.508 199.259 220.412 140.157 156.611 185.596 185.294 
222.353 228.76 201.361 223.167 143.699 160.262 190.394 189.239 220.492 225.727 197.381 218.494 140.183 156.699 185.683 185.323 
220.703 227.171 199.607 221.477 143.767 160.359 190.535 189.345 218.547 223.769 195.369 216.488 140.17 156.725 185.741 185.341 
218.572 225.005 197.463 219.263 143.844 160.451 190.648 189.481 216.494 221.778 193.389 214.5 140.134 156.862 185.81 185.339 
216.713 223.194 195.644 217.499 144.016 160.597 190.739 189.558 214.903 220.14 191.708 212.881 140.259 156.885 185.888 185.426 
215.298 221.757 194.193 216.116 144.077 160.767 190.883 189.643 213.312 218.548 190.096 211.266 140.287 156.833 185.872 185.446 
213.527 220.015 192.484 214.352 144.164 160.785 190.998 189.772 211.503 216.73 188.406 209.519 140.192 156.751 185.849 185.418 
212.071 218.609 191.031 212.884 144.325 161.004 191.163 189.945 210.275 215.481 187.001 208.182 140.436 156.94 185.925 185.522 
210.875 217.325 189.692 211.638 144.43 161.1 191.204 189.977 208.724 213.97 185.421 206.614 140.451 156.966 185.966 185.569 
209.081 215.544 187.998 209.923 144.557 161.156 191.364 190.175 207.235 212.524 184.054 205.2 140.366 157.049 186.01 185.467 
208.069 214.615 186.807 208.691 144.619 161.329 191.478 190.198 206.203 211.353 182.839 204.094 140.482 156.874 186.003 185.654 
206.98 213.526 185.76 207.683 144.665 161.382 191.482 190.19 205.097 210.354 181.82 203.023 140.453 157.092 186.044 185.549 
205.996 212.501 184.746 206.712 144.794 161.373 191.59 190.397 204.135 209.393 180.785 201.987 140.478 156.957 186.045 185.638 
205.233 211.709 183.978 205.952 144.845 161.478 191.679 190.452 203.346 208.604 179.988 201.195 140.483 157.044 186.069 185.605 
204.48 210.995 183.214 205.172 144.867 161.499 191.7 190.515 202.628 207.854 179.194 200.433 140.613 157.089 186.095 185.729 
204.01 210.552 182.738 204.714 144.871 161.597 191.764 190.501 202.115 207.314 178.735 199.987 140.529 157.055 186.09 185.699 
203.498 210.029 182.228 204.173 144.918 161.635 191.8 190.546 201.665 206.958 178.345 199.573 140.533 157.087 186.064 185.65 
203.193 209.654 181.919 203.933 144.93 161.612 191.79 190.516 201.254 206.566 177.889 199.129 140.566 157.198 186.137 185.672 
202.891 209.372 181.571 203.563 144.959 161.594 191.843 190.586 201.079 206.356 177.635 198.846 140.536 157.143 186.16 185.69 
202.814 209.279 181.482 203.502 144.973 161.586 191.828 190.604 200.951 206.211 177.52 198.761 140.539 157.082 186.119 185.711 
202.8 209.272 181.429 203.468 144.959 161.625 191.86 190.63 200.943 206.221 177.49 198.706 140.565 157.044 186.127 185.782 
202.782 209.226 181.414 203.443 144.937 161.557 191.868 190.659 200.898 206.211 177.461 198.672 140.53 157.052 186.158 185.78 
202.773 209.233 181.414 203.466 144.968 161.552 191.868 190.683 200.903 206.203 177.45 198.634 140.503 157.042 186.165 185.768 
202.783 209.294 181.441 203.423 144.934 161.616 191.884 190.666 200.919 206.226 177.431 198.637 140.591 157.094 186.201 185.81 
202.207 208.759 180.968 202.935 144.957 161.704 191.953 190.687 200.22 205.485 176.904 198.14 140.613 157.002 186.118 185.791 
202.099 208.59 180.844 202.868 145.001 161.63 191.886 190.71 200.319 205.556 176.909 198.15 140.647 157.069 186.144 185.762 
202.976 209.462 181.612 203.662 144.991 161.525 191.81 190.637 201.16 206.371 177.685 198.98 140.598 157.012 186.147 185.832 
203.876 210.396 182.517 204.521 144.895 161.473 191.779 190.601 202.138 207.411 178.663 199.983 140.542 157.09 186.105 185.712 
204.881 211.367 183.505 205.566 144.83 161.46 191.691 190.481 203.167 208.369 179.651 200.985 140.485 156.841 186.135 185.826 
206.148 212.698 184.696 206.692 144.705 161.381 191.596 190.35 204.359 209.701 180.904 202.144 140.61 157.084 186.068 185.701 
207.442 214.048 186.05 207.991 144.687 161.301 191.518 190.354 205.676 210.961 182.212 203.463 140.477 156.865 186.028 185.702 
208.946 215.449 187.461 209.527 144.608 161.173 191.423 190.252 207.085 212.353 183.558 204.778 140.479 156.765 186.042 185.819 
210.345 216.896 188.918 210.94 144.52 161.036 191.376 190.219 208.595 213.903 185.128 206.408 140.463 156.918 186.027 185.668 
211.787 218.322 190.346 212.354 144.369 160.997 191.252 190.028 210.078 215.356 186.57 207.866 140.442 156.823 186.007 185.652 
213.45 220.113 191.99 213.94 144.328 160.995 191.145 189.936 211.818 217.141 188.312 209.493 140.259 156.712 185.953 185.573 
215.321 221.891 193.781 215.757 144.144 160.591 191.022 189.873 213.533 218.763 189.925 211.164 140.355 156.711 185.923 185.635 
217.339 223.9 195.708 217.686 144.081 160.536 190.818 189.726 215.497 220.725 191.888 213.17 140.261 156.544 185.894 185.641 
219.138 225.696 197.557 219.5 143.928 160.368 190.665 189.532 217.632 222.824 193.906 215.182 140.223 156.548 185.866 185.586 
221.297 227.724 199.678 221.789 143.758 160.194 190.519 189.395 219.554 224.749 195.859 217.141 140.298 156.567 185.808 185.619 
223.207 229.717 201.672 223.642 143.585 160.061 190.346 189.203 221.666 226.863 197.986 219.251 140.202 156.391 185.694 185.512 
225.377 231.821 203.729 225.773 143.415 159.858 190.234 189.097 223.863 229.029 200.181 221.445 140.146 156.371 185.708 185.485 
227.614 234.175 205.974 227.98 143.325 159.725 190.098 188.96 225.873 231.075 202.309 223.515 140.004 156.302 185.663 185.369 
229.707 236.289 208.163 230.169 143.212 159.642 189.897 188.775 228.005 233.239 204.435 225.63 140.032 156.329 185.617 185.38 
231.765 238.397 210.243 232.158 142.966 159.396 189.74 188.607 230.273 235.518 206.717 227.962 139.894 156.27 185.577 185.267 
234.163 240.755 212.542 234.575 142.758 159.234 189.696 188.511 232.579 237.752 209.042 230.343 139.901 156.257 185.52 185.251 
236.414 242.918 214.815 236.867 142.672 159.085 189.451 188.346 234.836 239.964 211.165 232.524 140.02 156.291 185.501 185.235 
238.59 245.05 217.015 239.104 142.487 158.944 189.269 188.115 237.001 242.146 213.341 234.662 140.052 156.311 185.497 185.28 
240.742 247.227 219.095 241.134 142.345 158.851 189.19 187.979 239.214 244.387 215.514 236.78 139.873 156.345 185.459 185.081 
243.157 249.507 221.469 243.64 142.214 158.657 188.975 187.82 241.445 246.498 217.777 239.061 139.843 156.138 185.417 185.141 
245.5 251.833 223.869 246.025 142.004 158.417 188.772 187.649 243.757 248.897 220.033 241.305 139.81 156.118 185.36 185.074 
247.787 254.218 226.193 248.245 141.877 158.282 188.577 187.419 246.082 251.153 222.471 243.734 139.742 156.016 185.309 185.025 
249.619 256.04 228.133 250.14 141.815 158.207 188.452 187.374 248.156 253.448 224.603 245.807 139.845 156.194 185.283 184.983 
251.831 258.353 230.351 252.322 141.55 158.062 188.311 187.111 250.186 255.389 226.641 247.883 139.752 156.077 185.234 184.964 
253.874 260.346 232.382 254.374 141.408 157.938 188.2 187.006 252.174 257.383 228.726 249.942 139.672 155.992 185.19 184.899 
256.093 262.564 234.603 256.576 141.212 157.672 188.06 186.885 254.52 259.635 230.833 252.18 139.677 155.944 185.215 184.962 
257.918 264.328 236.406 258.402 141.054 157.558 187.889 186.713 256.303 261.581 232.742 253.896 139.581 156.107 185.202 184.795 
259.883 266.322 238.341 260.347 141.006 157.54 187.785 186.592 258.234 263.479 234.646 255.806 139.522 155.94 185.13 184.746 
261.675 268.171 240.18 262.08 140.898 157.523 187.616 186.405 260.035 265.215 236.527 257.694 139.587 155.954 185.054 184.761 
263.478 269.871 241.95 263.873 140.765 157.233 187.51 186.365 261.881 267.067 238.328 259.48 139.56 156.021 185.057 184.784 
264.834 271.206 243.362 265.28 140.672 157.214 187.372 186.178 263.387 268.571 239.892 261.069 139.538 156.028 185.03 184.64 
266.461 272.87 244.995 266.929 140.547 157.035 187.314 186.143 264.879 270.074 241.385 262.554 139.56 155.835 184.939 184.681 
267.596 274.004 246.172 268.045 140.438 156.925 187.183 186.03 266.031 271.149 242.516 263.652 139.46 155.728 184.875 184.631 
269.1 275.445 247.505 269.393 140.36 156.831 187.087 185.978 267.643 272.783 244.062 265.207 139.582 155.946 184.884 184.635 
270.344 276.73 248.819 270.684 140.272 156.753 187.059 185.874 268.708 273.831 245.191 266.323 139.537 155.714 184.832 184.606 
271.372 277.698 249.871 271.751 140.253 156.644 186.919 185.802 269.774 274.929 246.2 267.274 139.502 155.765 184.861 184.657 
272.386 278.753 250.876 272.73 140.117 156.545 186.85 185.697 270.802 275.915 247.215 268.347 139.573 155.726 184.818 184.593 
273.198 279.601 251.709 273.539 140.177 156.614 186.824 185.73 271.586 276.75 248.027 269.103 139.508 155.838 184.809 184.535 
273.918 280.222 252.495 274.417 140.019 156.446 186.711 185.563 272.433 277.574 248.929 270.066 139.505 155.858 184.813 184.51 
274.673 281.033 253.257 275.115 139.982 156.493 186.705 185.51 273.057 278.176 249.575 270.667 139.496 155.78 184.774 184.501 
275.395 281.77 253.968 275.826 139.898 156.379 186.646 185.524 273.812 279.057 250.359 271.435 139.309 155.784 184.807 184.44 
275.718 282.033 254.313 276.213 139.929 156.438 186.649 185.461 274.054 279.267 250.646 271.717 139.395 155.845 184.806 184.464 
275.884 282.224 254.505 276.438 139.893 156.4 186.606 185.396 274.261 279.469 250.819 271.91 139.353 155.885 184.803 184.424 
275.941 282.294 254.525 276.424 139.867 156.502 186.654 185.383 274.282 279.474 250.859 271.983 139.37 155.891 184.823 184.415 
275.893 282.218 254.569 276.44 139.839 156.323 186.641 185.475 274.273 279.505 250.852 271.95 139.442 155.918 184.848 184.448 
275.88 282.226 254.536 276.413 139.846 156.389 186.65 185.474 274.225 279.456 250.865 271.954 139.388 155.894 184.773 184.38 
275.841 282.191 254.476 276.358 139.82 156.408 186.656 185.433 274.199 279.442 250.819 271.906 139.335 156.002 184.8 184.313 
275.849 282.207 254.465 276.364 139.838 156.42 186.621 185.401 274.226 279.432 250.785 271.907 139.357 155.995 184.791 184.328 
275.65 281.994 254.297 276.175 139.87 156.491 186.632 185.412 274 279.189 250.581 271.679 139.345 155.909 184.773 184.37 
275.272 281.628 253.911 275.78 139.913 156.431 186.671 185.524 273.612 278.851 250.187 271.232 139.368 155.868 184.808 184.411 
274.935 281.29 253.608 275.476 139.971 156.481 186.666 185.5 273.281 278.441 249.88 270.952 139.432 155.869 184.78 184.422 
274.414 280.771 253.083 274.965 139.968 156.529 186.747 185.555 272.771 277.95 249.349 270.423 139.45 155.87 184.755 184.425 
273.919 280.254 252.519 274.387 140.006 156.597 186.803 185.551 272.224 277.421 248.802 269.854 139.46 156.019 184.808 184.392 
273.035 279.291 251.621 273.522 140.122 156.676 186.84 185.634 271.281 276.413 247.853 268.967 139.385 155.893 184.846 184.489 
271.846 278.205 250.606 272.431 140.034 156.678 186.924 185.637 270.192 275.403 246.903 267.969 139.418 156.038 184.785 184.313 
270.605 276.959 249.292 271.137 140.15 156.781 187.016 185.82 268.898 274.063 245.562 266.602 139.45 155.992 184.864 184.452 
268.992 275.404 247.819 269.542 140.377 157.023 187.078 185.853 267.372 272.422 244.012 265.125 139.472 156.069 184.885 184.445 
267.349 273.752 246.174 267.959 140.46 157.17 187.242 185.975 265.645 270.817 242.443 263.505 139.423 156.086 184.943 184.496 
265.738 272.148 244.611 266.377 140.512 157.078 187.359 186.157 264.085 269.234 240.872 261.931 139.506 155.981 184.912 184.519 
264.217 270.612 243.049 264.855 140.684 157.28 187.46 186.267 262.487 267.63 239.227 260.298 139.573 156.052 184.993 184.59 
262.013 268.408 240.956 262.703 140.83 157.333 187.515 186.461 260.285 265.328 237.177 258.31 139.612 156.036 184.981 184.704 
260.466 266.844 239.246 261.046 140.865 157.499 187.704 186.504 258.696 263.891 235.429 256.508 139.574 156.084 185.108 184.708 
258.24 264.67 237.283 258.984 141.13 157.776 187.784 186.586 256.518 261.623 233.406 254.46 139.703 156.182 185.055 184.697 
256.387 262.777 235.283 257.051 141.161 157.754 187.95 186.728 254.666 259.779 231.463 252.583 139.694 156.292 185.152 184.697 
254.345 260.706 233.261 255.021 141.349 157.949 188.084 186.889 252.594 257.73 229.47 250.61 139.696 156.32 185.167 184.768 
252.026 258.446 231.04 252.736 141.516 158.252 188.263 186.984 250.274 255.408 227.258 248.361 139.804 156.299 185.18 184.849 
249.963 256.289 228.927 250.747 141.668 158.28 188.42 187.225 248.128 253.348 225.037 246.154 139.794 156.287 185.218 184.848 
247.781 254.141 226.773 248.567 141.732 158.366 188.517 187.306 245.718 251.001 222.979 243.979 139.86 156.456 185.197 184.792 
245.311 251.807 224.445 246.15 141.944 158.59 188.638 187.429 243.376 248.649 220.628 241.625 139.756 156.493 185.267 184.82 
242.933 249.382 222.049 243.773 142.098 158.801 188.849 187.64 241.149 246.371 218.149 239.32 139.825 156.468 185.341 184.903 
240.563 246.966 219.638 241.424 142.297 158.977 189.018 187.82 238.759 244.04 215.847 236.941 140.024 156.598 185.347 185.009 
238.102 244.473 217.16 238.885 142.439 159.029 189.168 188.033 236.326 241.434 213.231 234.426 140.171 156.715 185.445 185.104 
235.736 242.148 214.874 236.615 142.601 159.23 189.354 188.179 233.715 238.928 210.836 231.952 140.098 156.619 185.434 185.072 
233.317 239.834 212.511 234.217 142.709 159.396 189.536 188.284 231.606 236.779 208.676 229.844 139.894 156.629 185.444 184.91 
231.204 237.747 210.341 232.059 142.979 159.548 189.648 188.497 229.475 234.695 206.573 227.733 140.005 156.709 185.48 185.017 
228.822 235.291 208.015 229.745 143.002 159.666 189.854 188.669 227.055 232.417 204.34 225.414 140.105 156.837 185.539 185.109 
226.911 233.355 205.982 227.78 143.126 159.893 189.987 188.695 224.861 230.197 201.911 223.003 140.064 156.827 185.652 185.184 
224.759 231.235 203.888 225.733 143.418 160.083 190.091 188.839 222.998 228.195 199.934 221.088 140.05 156.814 185.694 185.199 
222.676 229.112 201.7 223.554 143.489 160.213 190.385 189.131 220.816 226.196 197.872 218.902 140.145 156.879 185.697 185.216 
220.777 227.215 199.743 221.59 143.662 160.328 190.452 189.19 218.894 224.207 195.879 217.01 140.128 156.887 185.776 185.264 
218.9 225.325 197.858 219.735 143.785 160.422 190.578 189.386 216.767 222.084 193.878 215.01 140.245 156.923 185.786 185.345 
216.852 223.429 195.915 217.715 143.902 160.697 190.733 189.419 215.069 220.365 191.932 213.049 140.147 156.889 185.89 185.349 
214.983 221.437 194.009 215.896 144.004 160.659 190.852 189.589 213.1 218.373 190.063 211.225 140.121 156.916 185.886 185.345 
213.462 219.979 192.382 214.277 144.207 160.856 191.01 189.796 211.551 216.798 188.47 209.644 140.196 156.775 185.859 185.424 
212.189 218.67 191.071 212.998 144.287 160.907 191.114 189.926 210.314 215.632 187.118 208.277 140.323 157.044 185.927 185.445 
210.781 217.323 189.59 211.473 144.341 161.239 191.305 189.902 208.82 214.112 185.721 206.863 140.243 157.063 186.002 185.431 
209.156 215.701 188.083 209.989 144.485 161.268 191.405 190.083 207.299 212.609 184.149 205.311 140.257 157.06 185.984 185.384 
207.909 214.504 186.842 208.698 144.527 161.206 191.435 190.201 206.1 211.369 182.839 204.01 140.392 156.996 185.995 185.524 
207.181 213.638 185.931 207.925 144.609 161.341 191.565 190.261 205.147 210.49 181.891 203.052 140.417 157.059 186.1 185.591 
206.05 212.563 184.864 206.845 144.658 161.43 191.609 190.314 204.21 209.436 180.857 202.106 140.494 157.055 186.09 185.642 
205.395 211.844 184.151 206.16 144.759 161.421 191.622 190.376 203.486 208.817 180.195 201.384 140.393 157.106 186.082 185.58 
204.63 211.048 183.379 205.378 144.783 161.46 191.664 190.444 202.624 207.897 179.353 200.558 140.431 157.115 186.088 185.575 
203.974 210.45 182.705 204.685 144.812 161.482 191.731 190.489 202.071 207.304 178.726 199.977 140.473 157.113 186.146 185.658 
203.56 210.113 182.305 204.301 144.886 161.669 191.817 190.55 201.659 206.952 178.358 199.611 140.557 157.182 186.109 185.651 
203.208 209.67 181.935 203.956 144.913 161.624 191.798 190.538 201.296 206.607 177.954 199.226 140.515 157.169 186.123 185.638 
202.909 209.456 181.625 203.62 144.864 161.672 191.862 190.551 201.039 206.352 177.71 198.939 140.528 157.105 186.145 185.717 
202.794 209.286 181.469 203.503 144.878 161.655 191.87 190.559 200.905 206.197 177.521 198.711 140.486 157.092 186.123 185.695 
202.793 209.26 181.446 203.491 144.899 161.661 191.848 190.524 200.875 206.155 177.431 198.671 140.446 157.05 186.179 185.761 
202.75 209.207 181.391 203.421 144.926 161.565 191.851 190.63 200.888 206.182 177.419 198.673 140.517 157.126 186.156 185.737 
202.765 209.194 181.412 203.492 144.911 161.552 191.818 190.605 200.877 206.189 177.442 198.668 140.523 157.092 186.18 185.758 
202.778 209.261 181.438 203.462 144.947 161.605 191.86 190.656 200.869 206.186 177.416 198.632 140.464 157.12 186.218 185.743 
201.769 208.405 180.63 202.558 144.989 161.723 191.965 190.713 199.798 205.084 176.594 197.823 140.55 157.162 186.133 185.638 
202.458 208.99 181.142 203.171 144.939 161.593 191.897 190.707 200.729 205.991 177.274 198.526 140.559 157.061 186.167 185.83 
203.34 209.911 182.068 204.106 144.795 161.486 191.826 190.613 201.642 207.002 178.257 199.551 140.515 157.115 186.101 185.665 
204.445 210.969 183.079 205.101 144.822 161.517 191.736 190.53 202.614 207.923 179.168 200.412 140.539 157.075 186.187 185.803 
205.561 212.191 184.315 206.273 144.703 161.443 191.687 190.405 203.768 209.054 180.339 201.676 140.462 156.99 186.12 185.715 
206.794 213.38 185.381 207.358 144.701 161.381 191.602 190.384 204.927 210.226 181.421 202.631 140.468 156.971 186.126 185.749 
207.975 214.567 186.637 208.645 144.585 161.253 191.454 190.237 206.197 211.531 182.809 204.095 140.469 157.028 186.088 185.63 
209.516 216.096 188.108 210.148 144.562 161.138 191.373 190.184 207.687 213.007 184.263 205.528 140.378 156.91 186.02 185.583 
211.167 217.646 189.669 211.778 144.382 160.952 191.278 190.13 209.342 214.652 185.831 207.123 140.405 156.91 186.073 185.692 
212.672 219.287 191.238 213.245 144.313 160.914 191.154 189.986 211.024 216.187 187.396 208.785 140.486 156.91 186.015 185.683 
214.313 220.821 192.881 214.975 144.116 160.705 191.067 189.873 212.648 217.985 189.15 210.461 140.482 156.912 185.971 185.664 
216.022 222.554 194.582 216.63 144.001 160.592 190.931 189.723 214.313 219.6 190.781 212.055 140.322 156.886 185.961 185.55 
217.982 224.512 196.497 218.567 143.786 160.375 190.85 189.621 216.328 221.533 192.746 214.085 140.292 156.682 185.897 185.592 
219.846 226.419 198.396 220.419 143.698 160.271 190.607 189.407 218.162 223.421 194.675 216.015 140.255 156.727 185.825 185.489 
221.967 228.582 200.55 222.58 143.609 160.157 190.493 189.257 220.264 225.471 196.675 218.027 140.137 156.579 185.831 185.486 
223.897 230.511 202.461 224.439 143.492 160.089 190.363 189.115 222.254 227.467 198.69 220.033 140.206 156.642 185.825 185.517 
226.245 232.791 204.614 226.728 143.34 159.79 190.19 189.028 224.509 229.781 200.971 222.258 140.023 156.555 185.783 185.41 
228.285 234.83 206.791 228.817 143.126 159.632 190.043 188.876 226.653 231.913 203.079 224.351 140.047 156.486 185.693 185.362 
230.466 236.971 208.924 230.969 143.03 159.571 189.858 188.631 229.066 234.271 205.331 226.679 140.068 156.489 185.666 185.36 
232.849 239.355 211.195 233.28 142.916 159.282 189.662 188.563 231.236 236.405 207.577 228.912 140.033 156.573 185.639 185.298 
235.107 241.627 213.414 235.533 142.82 159.37 189.609 188.411 233.39 238.515 209.761 231.082 140.025 156.369 185.553 185.291 
237.328 243.818 215.673 237.758 142.635 159.152 189.387 188.248 235.703 240.939 212.043 233.282 139.874 156.23 185.523 185.228 
239.634 246.241 217.96 239.95 142.427 158.926 189.256 188.1 237.917 243.124 214.382 235.604 139.88 156.261 185.473 185.118 
241.859 248.424 220.33 242.305 142.227 158.671 189.099 187.945 240.236 245.481 216.713 237.894 139.838 156.266 185.49 185.136 
244.158 250.702 222.655 244.664 142.115 158.473 188.873 187.742 242.548 247.721 219.029 240.3 139.812 156.092 185.368 185.093 
246.311 252.802 224.793 246.789 141.917 158.329 188.68 187.576 244.989 250.165 221.383 242.623 139.773 156.129 185.428 185.089 
248.642 255.122 227.139 249.124 141.73 158.197 188.501 187.33 247.137 252.261 223.508 244.826 139.893 156.176 185.309 185.08 
251.048 257.427 229.396 251.483 141.658 158.067 188.376 187.254 249.396 254.493 225.806 247.057 139.739 156.08 185.289 184.989 
253.133 259.566 231.591 253.623 141.551 158.07 188.235 187.053 251.521 256.611 227.939 249.212 139.726 156.117 185.277 184.953 
255.196 261.655 233.541 255.546 141.393 157.935 188.146 186.938 253.554 258.656 229.99 251.244 139.672 156.051 185.189 184.897 
257.008 263.436 235.51 257.48 141.234 157.676 187.949 186.813 255.424 260.588 231.897 253.078 139.712 156.133 185.18 184.89 
258.658 265.088 237.164 259.094 141.023 157.512 187.84 186.681 257.286 262.473 233.751 254.951 139.653 156.063 185.165 184.862 
260.676 267.059 239.114 261.163 140.876 157.356 187.632 186.462 259.104 264.343 235.583 256.787 139.661 156.097 185.097 184.747 
262.453 268.911 240.933 262.872 140.69 157.267 187.555 186.298 260.944 266.125 237.408 258.611 139.583 155.996 185.073 184.725 
264.076 270.469 242.606 264.56 140.676 157.185 187.471 186.292 262.503 267.686 238.907 260.083 139.532 155.978 185.044 184.718 
265.807 272.262 244.278 266.155 140.572 157.101 187.337 186.146 264.2 269.371 240.678 261.853 139.47 155.913 184.991 184.631 
267.407 273.872 245.924 267.787 140.536 157.054 187.276 186.158 265.865 270.954 242.26 263.467 139.522 155.935 184.966 184.705 
268.76 275.167 247.263 269.187 140.461 156.919 187.105 185.986 267.142 272.362 243.677 264.797 139.506 155.944 184.932 184.62 
269.882 276.25 248.45 270.401 140.214 156.782 187.075 185.849 268.434 273.659 244.905 266.085 139.387 155.858 184.921 184.61 
271.167 277.603 249.735 271.612 140.241 156.754 187.005 185.863 269.533 274.726 246.071 267.123 139.415 155.952 184.953 184.515 
272.234 278.587 250.819 272.724 140.045 156.545 186.827 185.631 270.711 275.879 247.179 268.332 139.46 155.904 184.872 184.554 
273.081 279.442 251.619 273.52 140.02 156.511 186.824 185.731 271.467 276.703 248.013 269.074 139.422 155.95 184.802 184.403 
273.871 280.196 252.435 274.392 140.008 156.502 186.744 185.572 272.232 277.418 248.782 269.875 139.37 155.842 184.817 184.396 
274.548 280.963 253.117 274.999 140.007 156.582 186.714 185.507 272.917 278.119 249.477 270.599 139.447 155.837 184.78 184.474 
275.017 281.378 253.582 275.47 139.948 156.477 186.695 185.521 273.39 278.525 249.916 271.016 139.327 155.849 184.833 184.465 
275.459 281.796 254.073 275.957 139.853 156.456 186.688 185.487 273.83 279.01 250.33 271.451 139.318 155.831 184.821 184.453 
275.736 282.114 254.347 276.238 139.844 156.537 186.74 185.453 274.09 279.254 250.6 271.754 139.397 155.876 184.82 184.465 
275.902 282.199 254.487 276.412 139.843 156.348 186.633 185.461 274.297 279.467 250.768 271.886 139.384 155.891 184.795 184.431 
275.924 282.248 254.594 276.517 139.843 156.407 186.657 185.452 274.29 279.444 250.854 271.971 139.354 155.882 184.787 184.409 
275.893 282.238 254.549 276.457 139.822 156.343 186.589 185.419 274.303 279.444 250.814 271.959 139.409 155.877 184.809 184.449 
275.834 282.16 254.538 276.426 139.802 156.341 186.605 185.398 274.225 279.426 250.798 271.905 139.33 155.852 184.773 184.399 
275.843 282.191 254.482 276.348 139.841 156.408 186.615 185.402 274.176 279.445 250.783 271.857 139.392 155.916 184.784 184.376 
275.813 282.093 254.447 276.371 139.782 156.399 186.616 185.383 274.166 279.389 250.77 271.873 139.296 155.882 184.772 184.321 
275.62 281.995 254.277 276.16 139.827 156.498 186.655 185.391 273.913 279.066 250.471 271.611 139.271 155.834 184.763 184.337 
275.211 281.546 253.875 275.752 139.862 156.425 186.626 185.461 273.539 278.727 250.098 271.181 139.341 155.844 184.841 184.423 
274.848 281.244 253.493 275.303 139.931 156.507 186.711 185.533 273.206 278.357 249.806 270.914 139.366 155.844 184.789 184.4 
274.406 280.738 253.034 274.877 139.941 156.542 186.717 185.492 272.763 277.92 249.36 270.452 139.455 155.925 184.782 184.408 
273.809 280.081 252.452 274.356 139.998 156.554 186.755 185.55 272.152 277.286 248.746 269.864 139.429 155.972 184.792 184.394 
272.828 279.12 251.502 273.387 140.079 156.637 186.779 185.63 271.179 276.256 247.754 268.874 139.422 155.886 184.815 184.471 
271.577 277.974 250.35 272.153 140.149 156.782 186.931 185.665 269.909 275.069 246.606 267.715 139.347 156.017 184.858 184.398 
270.428 276.879 249.192 270.946 140.204 156.898 186.994 185.721 268.765 273.888 245.375 266.459 139.42 155.926 184.898 184.526 
269.104 275.473 247.873 269.629 140.381 156.989 187.085 185.83 267.157 272.282 243.897 264.97 139.519 156.025 184.926 184.541 
267.318 273.712 246.153 267.983 140.437 157.091 187.223 186.023 265.677 270.868 242.366 263.503 139.482 156.148 184.935 184.461 
265.467 271.879 244.409 266.179 140.522 157.263 187.333 186.033 263.791 268.92 240.684 261.77 139.396 156.047 184.899 184.437 
263.389 269.796 242.437 264.185 140.669 157.336 187.429 186.169 261.793 266.981 238.781 259.851 139.513 156.179 184.998 184.557 
261.546 268.018 240.53 262.238 140.732 157.413 187.59 186.322 259.911 265.052 236.836 257.973 139.547 156.109 184.98 184.593 
259.832 266.235 238.741 260.514 140.965 157.54 187.691 186.453 258.112 263.354 235.031 256.091 139.61 156.175 185.032 184.644 
257.985 264.391 236.891 258.637 141.056 157.677 187.795 186.58 256.215 261.343 233.125 254.193 139.594 156.076 185.076 184.7 
255.649 262.026 234.638 256.328 141.173 157.828 187.953 186.754 253.867 259 230.957 252.021 139.647 156.198 185.11 184.783 
253.436 259.903 232.475 254.212 141.374 158.016 188.129 186.926 251.753 256.858 228.786 249.924 139.725 156.221 185.119 184.76 
251.518 257.912 230.468 252.276 141.512 158.097 188.309 187.092 249.574 254.799 226.656 247.709 139.742 156.379 185.192 184.74 
249.033 255.492 228.174 249.923 141.701 158.362 188.454 187.237 247.381 252.568 224.376 245.51 139.74 156.362 185.211 184.84 
246.909 253.359 225.996 247.777 141.82 158.496 188.575 187.349 245.189 250.463 222.186 243.25 139.747 156.467 185.299 184.867 
244.9 251.319 223.908 245.708 142.046 158.607 188.695 187.548 243.13 248.396 220.092 241.165 139.818 156.457 185.365 184.947 
242.711 249.182 221.779 243.561 142.149 158.792 188.882 187.672 240.976 246.164 217.856 238.977 139.975 156.384 185.294 184.99 
240.523 246.948 219.464 241.224 142.325 158.875 188.992 187.867 238.731 243.949 215.676 236.808 140.012 156.468 185.384 185.053 
237.904 244.189 216.943 238.646 142.614 158.961 189.085 188.104 236.366 241.307 213.146 234.459 140.324 156.487 185.315 185.214 
235.758 242.129 214.552 236.227 142.712 159.041 189.349 188.254 233.964 238.963 210.694 231.929 140.177 156.177 185.275 185.2 
233.37 239.733 212.266 233.921 142.938 159.122 189.479 188.502 231.666 236.677 208.551 229.673 140.328 156.111 185.305 185.306 
231.164 237.573 210.118 231.707 143.04 159.272 189.577 188.548 229.426 234.432 206.243 227.408 140.566 156.388 185.344 185.435 
228.874 235.194 207.756 229.347 143.263 159.327 189.721 188.817 226.905 231.924 203.626 224.768 140.639 156.244 185.38 185.505 
226.937 233.265 205.656 227.335 143.454 159.591 189.884 188.882 225.016 229.958 201.532 222.694 140.608 156.191 185.448 185.562 
224.767 231.073 203.541 225.157 143.593 159.643 190.047 189.098 223.085 228.077 199.638 220.831 140.657 156.28 185.462 185.598 
223.152 229.443 201.846 223.573 143.744 159.813 190.197 189.256 221.197 226.178 197.729 218.864 140.591 156.26 185.506 185.564 
221.123 227.475 199.881 221.64 143.808 159.958 190.376 189.378 219.397 224.423 195.95 217.186 140.606 156.293 185.516 185.582 
219.194 225.607 198.101 219.826 143.888 160.176 190.53 189.45 217.473 222.507 194.22 215.356 140.4 156.423 185.567 185.426 
217.095 223.504 196.086 217.882 144.048 160.416 190.679 189.585 215.32 220.396 192.276 213.385 140.378 156.547 185.658 185.49 
215.432 221.966 194.433 216.185 143.988 160.608 190.869 189.687 213.436 218.685 190.354 211.408 140.382 156.729 185.74 185.466 
213.685 220.222 192.622 214.437 144.186 160.744 191.013 189.865 211.847 216.921 188.597 209.744 140.384 156.579 185.792 185.572 
212.085 218.509 190.893 212.726 144.328 160.774 191.147 190.047 210.256 215.39 186.964 208.106 140.517 156.789 185.84 185.563 
210.945 217.328 189.649 211.591 144.387 160.967 191.199 190 208.798 213.964 185.457 206.682 140.459 156.812 185.955 185.651 
209.293 215.825 188.159 209.964 144.474 161.099 191.344 190.075 207.565 212.726 184.214 205.412 140.481 156.902 185.912 185.586 
208.184 214.708 186.928 208.751 144.653 161.068 191.369 190.259 206.386 211.528 183.006 204.167 140.629 156.785 185.931 185.727 
207.244 213.652 185.842 207.686 144.786 161.196 191.499 190.384 205.385 210.497 182.01 203.22 140.686 156.733 185.887 185.734 
206.209 212.564 184.851 206.702 144.833 161.062 191.47 190.43 204.277 209.311 180.734 201.953 140.795 156.542 185.884 185.89 
205.382 211.78 183.982 205.808 144.912 161.252 191.563 190.46 203.572 208.654 180.049 201.23 140.774 156.603 185.856 185.826 
204.556 210.845 183.033 204.903 144.978 161.129 191.581 190.573 202.745 207.685 179.16 200.374 140.879 156.538 185.837 185.888 
203.987 210.432 182.507 204.316 145.06 161.307 191.633 190.612 202.037 207 178.521 199.767 140.906 156.539 185.82 185.876 
203.51 209.908 182.023 203.826 145.061 161.306 191.65 190.641 201.666 206.687 178.104 199.367 140.894 156.63 185.882 185.905 
203.191 209.554 181.669 203.492 145.088 161.368 191.652 190.61 201.3 206.349 177.687 198.891 140.962 156.648 185.845 185.928 
202.913 209.269 181.379 203.206 145.107 161.253 191.669 190.707 201.115 206.108 177.433 198.641 140.928 156.571 185.871 185.941 
202.804 209.171 181.219 203.073 145.135 161.273 191.707 190.726 201.01 205.967 177.318 198.555 140.977 156.596 185.907 185.994 
202.769 209.167 181.184 203.014 145.155 161.355 191.723 190.725 200.983 205.921 177.264 198.517 140.909 156.564 185.92 185.941 
202.74 209.102 181.17 202.998 145.098 161.231 191.675 190.714 200.946 205.978 177.228 198.38 140.871 156.552 185.925 186.003 
202.715 209.055 181.167 203 145.143 161.198 191.678 190.732 200.97 205.937 177.257 198.483 140.966 156.614 185.934 186.034 
202.796 209.125 181.171 203 145.146 161.276 191.728 190.773 200.981 205.926 177.278 198.484 140.906 156.516 185.892 185.994 
202.017 208.488 180.63 202.397 145.242 161.381 191.787 190.846 200.172 205.194 176.636 197.824 140.941 156.618 185.901 185.937 
202.162 208.572 180.636 202.476 145.247 161.322 191.745 190.861 200.344 205.393 176.731 197.932 140.95 156.574 185.915 185.974 
202.913 209.354 181.386 203.196 145.094 161.284 191.703 190.705 201.181 206.205 177.439 198.597 140.928 156.41 185.928 186.093 
203.895 210.376 182.304 204.101 145.062 161.293 191.669 190.666 202.256 207.3 178.547 199.744 140.921 156.463 185.844 185.957 
205.007 211.421 183.376 205.178 144.947 161.113 191.527 190.541 203.233 208.19 179.452 200.683 140.855 156.253 185.846 186.073 
206.126 212.584 184.449 206.208 144.913 161.055 191.512 190.578 204.445 209.526 180.62 201.847 140.979 156.506 185.768 185.936 
207.3 213.754 185.645 207.444 144.871 160.966 191.417 190.441 205.718 210.728 181.916 203.13 140.891 156.152 185.689 185.983 
208.833 215.26 187.04 208.886 144.777 160.892 191.293 190.348 207.071 212.072 183.204 204.357 140.873 156.223 185.749 186.034 
210.25 216.718 188.583 210.287 144.702 160.786 191.2 190.293 208.542 213.521 184.641 205.86 140.831 156.183 185.698 185.967 
211.829 218.383 190.121 211.79 144.544 160.606 191.092 190.149 210.197 215.089 186.321 207.546 140.753 156.037 185.671 185.943 
213.465 219.962 191.805 213.519 144.413 160.426 190.964 190.072 211.797 216.83 188.052 209.192 140.789 156.145 185.646 185.879 
215.384 221.923 193.58 215.331 144.312 160.309 190.844 189.92 213.666 218.629 189.718 210.882 140.766 156.003 185.612 185.934 
217.18 223.635 195.319 217.079 144.236 160.264 190.681 189.791 215.661 220.536 191.688 212.893 140.747 155.936 185.532 185.893 
219.192 225.612 197.179 218.913 144.057 159.979 190.574 189.725 217.511 222.371 193.471 214.666 140.674 155.947 185.503 185.838 
221.074 227.495 199.095 220.849 143.914 159.869 190.474 189.61 219.395 224.26 195.391 216.608 140.61 155.777 185.514 185.885 
223.208 229.561 201.183 222.979 143.727 159.588 190.282 189.491 221.488 226.315 197.458 218.642 140.568 155.585 185.382 185.894 
225.257 231.678 203.367 225.104 143.684 159.55 190.091 189.238 223.718 228.548 199.589 220.75 140.596 155.683 185.42 185.805 
227.446 233.883 205.484 227.2 143.486 159.338 189.966 189.117 225.805 230.712 201.737 222.882 140.513 155.752 185.37 185.705 
229.558 236.031 207.673 229.335 143.336 159.104 189.788 188.992 228.096 232.936 204.038 225.173 140.482 155.539 185.262 185.632 
231.768 238.302 209.924 231.438 143.123 158.845 189.718 188.921 230.336 235.173 206.304 227.479 140.506 155.604 185.286 185.69 
234.217 240.62 212.254 233.886 142.967 158.68 189.485 188.683 232.705 237.441 208.641 229.822 140.412 155.353 185.202 185.649 
236.526 242.952 214.56 236.219 142.871 158.613 189.291 188.519 234.949 239.772 210.88 232.013 140.397 155.43 185.217 185.638 
238.731 245.168 216.808 238.422 142.749 158.464 189.141 188.403 237.127 241.935 213.126 234.242 140.285 155.377 185.15 185.493 
241.104 247.447 219.039 240.71 142.546 158.181 188.953 188.189 239.437 244.123 215.227 236.335 140.168 155.066 185.1 185.512 
243.386 249.754 221.37 243.021 142.397 158.24 188.85 188.003 241.732 246.526 217.669 238.796 140.162 155.348 185.082 185.397 
245.479 251.888 223.597 245.208 142.173 158.008 188.604 187.763 243.872 248.727 219.821 240.918 140.219 155.3 185.033 185.421 
247.721 254.221 225.852 247.39 142.046 157.816 188.472 187.639 246.134 250.939 222.011 243.103 140.179 155.16 184.991 185.437 
249.879 256.317 228.07 249.711 141.89 157.707 188.301 187.461 248.332 253.264 224.335 245.467 140.132 155.339 185.015 185.388 
252.02 258.459 230.16 251.776 141.697 157.565 188.223 187.373 250.451 255.337 226.502 247.6 140.105 155.198 184.97 185.358 
254.126 260.563 232.203 253.83 141.538 157.435 188.127 187.271 252.61 257.492 228.578 249.691 140.062 155.269 184.91 185.212 
256.182 262.589 234.296 255.949 141.384 157.243 187.94 187.125 254.678 259.539 230.701 251.849 139.988 155.318 184.898 185.152 
258.224 264.602 236.339 258.004 141.268 157.079 187.774 186.922 256.675 261.534 232.811 253.885 139.997 155.227 184.854 185.157 
260.052 266.385 238.276 259.958 141.071 157.092 187.65 186.731 258.488 263.427 234.607 255.693 139.969 155.378 184.858 185.057 
261.809 268.133 239.949 261.618 141.016 156.949 187.506 186.65 260.271 265.21 236.411 257.514 139.934 155.399 184.767 184.957 
263.445 269.857 241.655 263.333 141.105 157.044 187.402 186.528 261.832 266.856 238.029 259.032 139.876 155.417 184.762 184.946 
264.955 271.249 243.256 264.976 140.777 156.855 187.233 186.303 263.604 268.514 239.785 260.848 139.789 155.332 184.69 184.891 
266.653 273.051 244.904 266.513 140.621 156.771 187.142 186.166 265.139 270.057 241.33 262.391 139.86 155.331 184.764 184.949 
267.919 274.292 246.26 267.926 140.445 156.647 187.145 186.144 266.477 271.421 242.628 263.757 139.868 155.352 184.695 184.948 
269.253 275.638 247.629 269.322 140.477 156.607 187.004 185.984 267.707 272.681 243.991 265.042 139.765 155.465 184.735 184.808 
270.481 276.779 248.826 270.544 140.377 156.513 186.909 185.911 269.073 274.069 245.383 266.465 139.754 155.501 184.664 184.694 
271.658 277.919 250.003 271.731 140.299 156.312 186.795 185.921 270.11 275.014 246.351 267.424 139.752 155.236 184.622 184.775 
272.703 278.968 251.052 272.811 140.275 156.404 186.754 185.787 271.128 276.061 247.455 268.545 139.784 155.367 184.618 184.728 
273.563 279.885 251.948 273.645 140.172 156.291 186.707 185.748 272.038 276.966 248.26 269.349 139.702 155.308 184.624 184.781 
274.387 280.637 252.711 274.465 140.07 156.287 186.595 185.562 272.779 277.76 249.099 270.216 139.817 155.551 184.618 184.674 
274.819 281.134 253.259 274.965 140.086 156.278 186.582 185.534 273.251 278.16 249.622 270.713 139.735 155.407 184.593 184.653 
275.307 281.616 253.754 275.519 140.008 156.199 186.592 185.574 273.737 278.751 250.072 271.104 139.648 155.426 184.646 184.641 
275.723 281.9 254.175 275.949 139.952 156.078 186.477 185.494 274.13 279.135 250.506 271.592 139.656 155.446 184.586 184.598 
275.98 282.226 254.411 276.154 139.96 156.167 186.541 185.499 274.424 279.47 250.846 271.882 139.661 155.619 184.653 184.591 
