270.533 276.946 249.193 271.061 140.25 156.795 186.992 185.799 268.971 274.123 245.574 266.672 139.538 155.912 184.87 184.548 
271.772 278.16 250.374 272.263 140.14 156.543 186.943 185.821 270.208 275.426 246.737 267.84 139.385 155.793 184.905 184.656 
273.008 279.429 251.509 273.327 140.049 156.672 186.858 185.63 271.452 276.674 247.872 268.965 139.543 155.981 184.84 184.506 
273.654 279.96 252.242 274.158 139.965 156.388 186.767 185.628 272.187 277.363 248.666 269.697 139.303 155.702 184.804 184.527 
274.588 280.937 253.122 275.028 140.005 156.559 186.689 185.531 272.98 278.149 249.469 270.599 139.491 155.862 184.768 184.423 
275.025 281.464 253.688 275.497 139.89 156.477 186.674 185.453 273.531 278.634 249.986 271.129 139.528 155.791 184.758 184.566 
275.531 281.882 254.092 275.993 139.898 156.356 186.629 185.539 273.857 279.022 250.343 271.437 139.417 155.755 184.765 184.494 
275.771 282.072 254.352 276.272 139.836 156.438 186.621 185.369 274.168 279.343 250.679 271.779 139.357 155.815 184.802 184.46 
275.921 282.225 254.486 276.372 139.805 156.344 186.633 185.425 274.315 279.529 250.817 271.913 139.423 155.887 184.752 184.395 
275.888 282.203 254.536 276.429 139.827 156.301 186.58 185.406 274.312 279.496 250.911 272 139.391 155.881 184.743 184.375 
275.922 282.263 254.484 276.391 139.873 156.39 186.626 185.428 274.273 279.418 250.805 271.926 139.438 155.862 184.796 184.457 
275.773 282.102 254.459 276.339 139.849 156.289 186.579 185.432 274.197 279.409 250.818 271.917 139.333 155.867 184.751 184.353 
275.812 282.086 254.451 276.352 139.827 156.334 186.568 185.366 274.186 279.377 250.794 271.904 139.355 155.867 184.753 184.341 
275.771 282.121 254.355 276.181 139.875 156.416 186.649 185.456 274.134 279.238 250.655 271.816 139.359 155.784 184.775 184.412 
275.405 281.71 254.07 275.963 139.869 156.413 186.643 185.44 273.776 278.95 250.307 271.424 139.338 155.823 184.77 184.373 
274.973 281.333 253.611 275.442 139.939 156.406 186.659 185.516 273.338 278.405 249.927 271.079 139.459 155.791 184.694 184.438 
274.569 280.949 253.256 275.046 139.914 156.512 186.716 185.474 272.985 278.106 249.533 270.62 139.415 155.822 184.803 184.443 
273.974 280.237 252.567 274.492 139.979 156.502 186.783 185.574 272.319 277.44 248.964 270.061 139.461 155.853 184.75 184.381 
273.217 279.538 251.861 273.679 140.135 156.654 186.748 185.575 271.529 276.643 248.041 269.155 139.372 155.871 184.88 184.493 
271.903 278.247 250.719 272.551 140.07 156.706 186.871 185.612 270.1 275.25 246.844 267.939 139.462 155.94 184.788 184.409 
270.635 276.98 249.363 271.178 140.293 156.75 186.929 185.801 268.803 273.91 245.511 266.605 139.458 155.896 184.831 184.477 
268.631 275.053 247.586 269.287 140.304 157.136 187.092 185.787 267.075 272.216 243.804 264.93 139.527 156.028 184.891 184.531 
267.233 273.613 246.075 267.819 140.388 156.933 187.224 185.974 265.416 270.629 242.224 263.296 139.485 156.119 184.85 184.467 
265.455 271.894 244.35 266.045 140.495 157.134 187.297 186.049 263.827 268.891 240.624 261.708 139.448 155.825 184.896 184.593 
263.242 269.59 242.272 263.968 140.669 157.221 187.445 186.228 261.369 266.41 238.517 259.549 139.602 155.967 184.894 184.627 
261.282 267.661 240.33 262.059 140.806 157.452 187.571 186.347 259.627 264.698 236.552 257.647 139.592 155.934 184.971 184.659 
259.638 266.051 238.584 260.209 140.953 157.496 187.688 186.525 257.84 263.073 234.697 255.684 139.622 155.966 185.024 184.725 
257.429 263.721 236.487 258.21 141.152 157.624 187.797 186.683 255.709 260.838 232.667 253.742 139.68 156.062 184.991 184.756 
255.383 261.665 234.314 256.006 141.161 157.815 188.063 186.84 253.629 258.688 230.601 251.709 139.673 156.017 185.065 184.828 
253.163 259.588 232.228 253.839 141.291 157.94 188.154 186.925 251.5 256.67 228.601 249.617 139.753 156.195 185.127 184.814 
251.186 257.608 230.286 251.967 141.541 158.128 188.27 187.028 249.456 254.628 226.493 247.542 139.786 156.075 185.157 184.89 
248.908 255.366 228.075 249.748 141.665 158.215 188.344 187.18 247.174 252.316 224.336 245.413 139.764 156.198 185.143 184.842 
246.728 253.233 226.026 247.619 141.878 158.452 188.544 187.377 245.022 250.26 222.26 243.273 139.826 156.23 185.148 184.883 
244.579 251.111 223.802 245.496 141.926 158.563 188.752 187.465 242.626 247.874 220.033 241.024 139.838 156.45 185.247 184.836 
242.199 248.673 221.455 243.119 142.19 158.847 188.836 187.683 240.504 245.782 217.573 238.604 139.84 156.397 185.334 184.926 
240.084 246.595 219.2 240.912 142.331 159.009 189.013 187.748 238.145 243.377 215.271 236.367 140.052 156.638 185.361 184.935 
237.44 243.953 216.711 238.293 142.585 159.183 189.273 188.064 235.677 240.723 212.824 233.984 140.086 156.489 185.347 185.115 
235.258 241.686 214.429 235.966 142.711 159.323 189.417 188.18 233.46 238.612 210.496 231.601 140.025 156.436 185.401 185.063 
233.074 239.617 212.362 234.001 142.718 159.467 189.569 188.317 230.967 236.191 208.209 229.28 140.158 156.648 185.415 185.114 
230.806 237.274 210.045 231.736 142.986 159.496 189.667 188.563 229.128 234.236 206.203 227.325 140.002 156.485 185.433 185.08 
228.327 234.867 207.663 229.312 143.101 159.708 189.774 188.63 226.754 231.976 203.99 225.106 140.113 156.592 185.497 185.229 
226.582 233.081 205.775 227.508 143.271 159.991 190.019 188.757 224.548 229.927 201.779 222.845 140.183 156.794 185.563 185.133 
224.473 231.053 203.634 225.29 143.375 160.065 190.134 188.865 222.857 228.133 199.887 220.995 140.051 156.689 185.649 185.199 
222.448 229.019 201.667 223.365 143.571 160.113 190.292 189.117 220.763 225.982 197.766 218.853 140.072 156.64 185.675 185.339 
220.602 227.175 199.838 221.572 143.662 160.338 190.489 189.217 218.871 224.082 195.984 217.078 140.145 156.671 185.674 185.285 
218.851 225.482 198.032 219.746 143.756 160.432 190.622 189.406 217.085 222.332 194.023 215.057 140.136 156.781 185.722 185.319 
217.114 223.575 196.227 218.03 143.856 160.419 190.669 189.46 215.066 220.151 192.185 213.37 140.145 156.784 185.746 185.339 
215.312 221.859 194.454 216.201 143.952 160.563 190.899 189.699 213.58 218.731 190.443 211.587 140.246 156.738 185.76 185.39 
214.077 220.532 192.974 214.885 144.085 160.81 190.971 189.71 212.21 217.397 188.975 210.156 140.296 156.712 185.86 185.491 
212.735 219.237 191.644 213.586 144.272 160.874 191.057 189.881 210.537 215.87 187.467 208.537 140.253 157.066 185.976 185.378 
211.025 217.535 190.069 211.913 144.376 161.145 191.214 189.865 209.284 214.578 186.122 207.286 140.407 156.836 185.949 185.602 
209.473 216.033 188.51 210.351 144.504 161.106 191.337 190.117 207.617 212.847 184.477 205.633 140.367 156.935 185.972 185.467 
208.467 214.99 187.353 209.257 144.551 161.273 191.392 190.127 206.403 211.659 183.19 204.34 140.4 156.966 186.064 185.609 
207.232 213.71 186.082 208.003 144.721 161.327 191.463 190.28 205.452 210.718 182.16 203.36 140.484 157.133 186.056 185.567 
206.087 212.536 184.94 206.887 144.674 161.262 191.562 190.35 204.188 209.522 180.965 202.101 140.454 157.025 186.013 185.555 
205.553 212.115 184.368 206.302 144.806 161.48 191.609 190.341 203.655 208.893 180.373 201.588 140.48 157.05 186.01 185.565 
204.884 211.336 183.603 205.58 144.804 161.421 191.628 190.45 202.927 208.222 179.571 200.813 140.539 157.149 186.138 185.664 
203.968 210.519 182.76 204.67 144.823 161.5 191.794 190.582 202.055 207.237 178.744 200.001 140.598 156.853 186.01 185.819 
203.576 210.093 182.339 204.312 144.934 161.683 191.792 190.533 201.726 206.982 178.431 199.641 140.536 157.131 186.059 185.593 
203.131 209.712 181.934 203.887 144.885 161.567 191.808 190.589 201.307 206.628 177.952 199.191 140.583 157.202 186.109 185.662 
202.932 209.398 181.637 203.702 144.901 161.555 191.848 190.603 201.115 206.343 177.734 198.97 140.496 157.096 186.136 185.722 
202.799 209.328 181.574 203.53 144.988 161.696 191.833 190.554 200.993 206.265 177.556 198.791 140.596 157.081 186.144 185.757 
202.785 209.28 181.431 203.396 144.951 161.669 191.796 190.509 200.922 206.206 177.448 198.686 140.542 157.135 186.132 185.708 
202.736 209.266 181.415 203.369 144.945 161.574 191.825 190.596 200.886 206.126 177.464 198.688 140.436 157.012 186.164 185.718 
202.724 209.246 181.382 203.395 144.997 161.581 191.814 190.608 200.876 206.15 177.405 198.619 140.529 157.045 186.129 185.758 
202.772 209.263 181.429 203.46 144.906 161.617 191.853 190.6 200.909 206.123 177.461 198.722 140.596 157.015 186.068 185.684 
202.754 209.213 181.404 203.434 144.992 161.624 191.916 190.746 200.828 206.137 177.342 198.507 140.532 157.09 186.202 185.831 
201.526 208.145 180.402 202.32 145.041 161.773 191.975 190.671 199.572 204.85 176.366 197.605 140.546 157.161 186.075 185.567 
202.642 209.079 181.287 203.404 144.981 161.464 191.862 190.766 200.974 206.265 177.473 198.749 140.54 156.951 186.18 185.872 
203.583 210.206 182.311 204.284 144.924 161.576 191.752 190.574 201.834 207.13 178.398 199.669 140.481 157.114 186.138 185.685 
204.601 211.135 183.202 205.222 144.854 161.411 191.721 190.525 202.909 208.188 179.409 200.627 140.623 156.963 186.113 185.77 
205.751 212.305 184.376 206.355 144.698 161.283 191.554 190.386 204.012 209.311 180.459 201.733 140.492 157.072 186.094 185.657 
206.97 213.619 185.525 207.452 144.772 161.432 191.56 190.362 205.182 210.352 181.605 202.882 140.643 156.806 186.057 185.869 
208.213 214.808 186.829 208.808 144.59 161.307 191.453 190.169 206.505 211.899 182.988 204.288 140.5 157.116 186.025 185.583 
209.552 216.136 188.162 210.183 144.506 161.114 191.343 190.154 207.787 213.026 184.177 205.588 140.446 156.783 186.058 185.797 
211.069 217.624 189.549 211.566 144.503 161.001 191.311 190.197 209.336 214.47 185.776 207.105 140.503 156.754 185.936 185.67 
212.64 219.212 191.074 213.112 144.326 160.863 191.207 190.028 211.014 216.337 187.443 208.749 140.552 156.956 185.944 185.611 
214.212 220.882 192.784 214.799 144.192 160.836 191.095 189.87 212.523 217.802 188.916 210.228 140.32 156.677 185.885 185.585 
215.911 222.547 194.417 216.387 144.153 160.748 190.914 189.739 214.202 219.437 190.538 211.864 140.255 156.646 185.927 185.597 
217.553 224.167 196.047 218.003 143.986 160.694 190.816 189.646 216.056 221.224 192.325 213.709 140.263 156.596 185.881 185.587 
219.77 226.28 198.01 220.076 143.795 160.328 190.643 189.509 217.881 223.027 194.221 215.57 140.239 156.538 185.829 185.565 
221.238 227.799 199.647 221.57 143.714 160.227 190.504 189.35 219.671 224.883 196.036 217.314 140.368 156.811 185.728 185.437 
223.245 229.778 201.596 223.628 143.587 160.013 190.429 189.284 221.596 226.906 198.076 219.245 140.264 156.657 185.785 185.51 
225.27 231.903 203.665 225.622 143.475 159.844 190.289 189.23 223.721 228.981 199.998 221.281 140.305 156.562 185.728 185.48 
227.316 233.927 205.658 227.595 143.153 159.677 190.092 188.907 225.835 230.994 202.049 223.394 140.224 156.638 185.727 185.439 
229.515 236.079 207.798 229.801 143.173 159.71 190.003 188.745 227.678 232.896 203.957 225.217 140.302 156.559 185.665 185.466 
231.343 237.82 209.73 231.786 142.958 159.373 189.775 188.584 230.1 235.243 206.237 227.596 140.189 156.449 185.63 185.386 
233.85 240.266 212.117 234.251 142.835 159.353 189.61 188.425 232.135 237.256 208.367 229.641 140.058 156.251 185.583 185.347 
236.005 242.48 214.232 236.329 142.798 159.283 189.501 188.369 234.238 239.422 210.486 231.733 139.902 156.126 185.484 185.293 
238.187 244.651 216.533 238.605 142.444 159.034 189.307 188.083 236.458 241.567 212.76 234.038 139.798 156.028 185.377 185.194 
240.024 246.473 218.361 240.319 142.491 158.823 189.154 188.11 238.613 243.746 214.872 236.168 139.829 156.026 185.474 185.266 
242.466 249.09 220.729 242.657 142.174 158.646 189.103 187.913 240.732 245.881 217.114 238.401 139.751 156.115 185.416 185.095 
244.493 250.989 222.894 244.879 142.055 158.487 188.795 187.677 243.077 248.253 219.326 240.645 139.72 155.934 185.399 185.151 
246.889 253.428 225.23 247.174 141.891 158.265 188.686 187.547 245.316 250.373 221.599 242.925 139.849 155.983 185.312 185.148 
248.992 255.507 227.4 249.325 141.683 158.085 188.496 187.349 247.436 252.492 223.64 244.943 139.756 155.85 185.281 185.131 
251.506 257.917 229.8 251.856 141.57 157.925 188.382 187.259 249.935 255.078 226.063 247.382 139.747 156.053 185.263 184.956 
253.445 260.029 231.858 253.808 141.569 158.021 188.21 187.026 251.924 256.994 228.205 249.476 139.684 155.958 185.188 184.972 
255.634 262.092 233.894 255.892 141.406 157.836 188.052 186.936 253.992 259.219 230.395 251.614 139.769 156.041 185.165 184.894 
257.514 263.967 235.916 257.941 141.268 157.675 187.936 186.83 256.029 261.081 232.227 253.524 139.761 156.109 185.138 184.882 
258.821 265.216 237.272 259.252 141.1 157.438 187.839 186.75 257.29 262.508 233.779 254.963 139.684 156.086 185.062 184.74 
260.597 266.91 239.018 261.001 140.945 157.187 187.62 186.571 259.024 264.286 235.498 256.642 139.486 155.966 185.099 184.73 
262.016 268.437 240.593 262.514 140.83 157.328 187.558 186.411 260.39 265.605 236.836 257.94 139.599 155.972 185.057 184.776 
263.805 270.208 242.165 264.088 140.789 157.262 187.474 186.317 262.177 267.39 238.606 259.696 139.584 155.903 184.985 184.765 
265.338 271.69 243.747 265.745 140.656 157.189 187.391 186.242 263.991 269.175 240.335 261.55 139.702 155.995 185.014 184.789 
266.918 273.382 245.303 267.192 140.507 156.848 187.221 186.158 265.408 270.554 241.83 263.001 139.521 155.953 184.977 184.644 
268.178 274.564 246.662 268.558 140.316 156.929 187.218 185.938 266.577 271.736 243.061 264.192 139.4 155.756 184.89 184.609 
269.353 275.757 247.806 269.668 140.481 157.011 187.082 185.973 267.884 273.126 244.379 265.463 139.532 156.001 184.898 184.542 
270.665 277.023 249.09 270.979 140.234 156.714 187.075 185.854 269.034 274.232 245.478 266.63 139.458 155.71 184.84 184.617 
271.633 278.107 250.213 272.063 140.285 156.779 186.918 185.803 269.997 275.162 246.441 267.575 139.355 155.688 184.848 184.592 
272.661 278.921 251.106 273.041 140.107 156.58 186.893 185.709 271.207 276.342 247.694 268.856 139.56 155.811 184.769 184.487 
273.561 279.905 252.079 274.013 140.118 156.608 186.807 185.675 271.846 277.034 248.321 269.397 139.335 155.688 184.796 184.547 
274.2 280.553 252.755 274.666 139.974 156.484 186.724 185.536 272.59 277.781 249.069 270.178 139.427 155.835 184.822 184.531 
274.808 281.225 253.38 275.182 140.031 156.536 186.723 185.572 273.249 278.369 249.724 270.874 139.497 155.817 184.723 184.416 
275.25 281.555 253.794 275.696 139.938 156.399 186.662 185.526 273.658 278.858 250.177 271.236 139.273 155.731 184.776 184.462 
275.531 281.915 254.152 275.985 139.931 156.314 186.634 185.503 273.973 279.107 250.47 271.568 139.297 155.646 184.743 184.487 
275.87 282.126 254.394 276.328 139.859 156.441 186.595 185.364 274.197 279.321 250.66 271.803 139.443 155.796 184.73 184.425 
275.929 282.303 254.569 276.417 139.887 156.378 186.621 185.463 274.322 279.514 250.85 271.901 139.375 155.809 184.794 184.431 
275.926 282.177 254.545 276.451 139.891 156.332 186.606 185.491 274.26 279.451 250.853 271.946 139.436 155.789 184.745 184.424 
275.909 282.218 254.5 276.381 139.892 156.398 186.648 185.43 274.301 279.467 250.825 271.926 139.491 155.814 184.75 184.503 
275.806 282.182 254.467 276.318 139.882 156.389 186.604 185.41 274.231 279.376 250.785 271.897 139.325 155.814 184.73 184.339 
275.803 282.093 254.457 276.321 139.848 156.231 186.601 185.483 274.199 279.374 250.788 271.839 139.34 155.776 184.701 184.339 
275.761 282.073 254.34 276.194 139.806 156.285 186.625 185.453 274.136 279.319 250.701 271.838 139.366 155.791 184.782 184.43 
275.41 281.711 254.074 275.939 139.851 156.397 186.66 185.492 273.782 278.867 250.313 271.427 139.358 155.766 184.715 184.414 
274.983 281.273 253.555 275.442 139.985 156.495 186.708 185.505 273.324 278.47 249.844 270.919 139.413 155.85 184.799 184.44 
274.529 280.906 253.151 274.938 139.966 156.547 186.75 185.486 272.947 278.025 249.492 270.608 139.442 155.696 184.683 184.429 
274.012 280.329 252.624 274.48 140.094 156.543 186.738 185.586 272.329 277.528 248.955 270.026 139.49 155.909 184.73 184.387 
273.355 279.653 251.926 273.761 140.094 156.612 186.8 185.634 271.689 276.748 248.168 269.283 139.369 155.899 184.789 184.401 
271.998 278.375 250.798 272.571 140.141 156.811 186.887 185.63 270.366 275.478 247.044 268.121 139.419 155.891 184.746 184.366 
270.722 277.065 249.515 271.256 140.285 156.872 186.931 185.756 268.99 274.106 245.667 266.781 139.45 155.922 184.852 184.5 
269.169 275.533 248.047 269.775 140.346 156.782 187.042 185.922 267.329 272.475 244.068 265.14 139.34 155.972 184.836 184.415 
267.371 273.869 246.379 267.969 140.396 156.997 187.226 185.945 265.811 270.911 242.59 263.665 139.623 155.833 184.84 184.618 
265.721 272.128 244.664 266.396 140.644 157.225 187.311 186.154 263.949 268.991 240.652 261.732 139.471 155.761 184.877 184.615 
263.989 270.29 242.918 264.619 140.795 157.295 187.443 186.291 262.266 267.326 239.023 260.156 139.688 156.095 184.959 184.649 
262.086 268.43 240.952 262.695 141.009 157.498 187.534 186.337 260.389 265.53 237.095 258.169 139.536 156.274 185.011 184.492 
260.732 267.062 239.575 261.381 140.987 157.468 187.606 186.456 259.01 264.111 235.703 256.829 139.695 156.109 184.999 184.597 
258.228 264.504 237.294 258.971 141.056 157.588 187.765 186.596 256.484 261.677 233.564 254.568 139.733 156.14 184.971 184.711 
256.216 262.731 235.284 256.871 141.273 157.828 187.98 186.841 254.165 259.286 231.129 252.166 139.819 156.12 185.067 184.822 
254.029 260.398 233.081 254.723 141.472 157.86 188.057 187.031 252.416 257.58 229.232 250.3 139.847 156.256 185.139 184.796 
251.822 258.283 230.928 252.498 141.612 158.122 188.238 187.095 249.965 255.038 226.908 247.975 139.956 156.321 185.1 184.837 
249.527 255.798 228.554 250.198 141.832 158.235 188.381 187.261 247.862 252.916 224.644 245.783 139.916 156.227 185.182 184.937 
247.05 253.398 226.246 247.852 141.864 158.374 188.53 187.486 245.366 250.408 222.346 243.465 140.049 156.208 185.11 184.952 
245.363 251.686 224.335 246.128 141.911 158.448 188.708 187.457 243.518 248.625 220.41 241.525 139.736 156.087 185.24 184.915 
243.088 249.395 222.192 243.953 142.124 158.683 188.782 187.61 241.223 246.424 218.356 239.4 139.832 156.333 185.264 184.907 
240.441 246.907 219.666 241.298 142.398 158.854 188.948 187.926 238.767 244.016 216.094 237.123 140.054 156.514 185.275 184.976 
238.319 244.825 217.582 239.163 142.384 158.997 189.197 187.995 236.344 241.594 213.614 234.682 140.104 156.564 185.369 185.103 
236.066 242.419 215.171 236.91 142.625 159.303 189.43 188.216 234.311 239.574 211.3 232.311 140.049 156.521 185.428 185.056 
233.531 239.892 212.624 234.308 142.882 159.462 189.506 188.421 231.874 236.921 208.97 230.086 140.252 156.629 185.348 185.098 
231.354 237.782 210.442 232.087 142.979 159.643 189.708 188.487 229.517 234.759 206.564 227.589 140.17 156.536 185.426 185.18 
228.916 235.298 208.2 229.861 143.091 159.638 189.699 188.536 227.056 232.247 204.311 225.457 140.164 156.568 185.456 185.217 
226.966 233.434 206.095 227.788 143.143 159.753 189.916 188.667 225.139 230.294 202.24 223.296 140.04 156.505 185.568 185.26 
225.209 231.805 204.297 225.976 143.363 160.012 190.191 188.998 223.315 228.469 200.339 221.421 140.093 156.503 185.608 185.21 
223.17 229.768 202.4 224.057 143.529 160.086 190.322 189.115 221.033 226.181 198.195 219.326 140.169 156.595 185.624 185.372 
221.184 227.749 200.334 222.012 143.642 160.341 190.501 189.276 219.448 224.614 196.405 217.507 140.065 156.553 185.685 185.31 
219.255 225.815 198.427 220.198 143.906 160.439 190.606 189.457 217.424 222.62 194.456 215.558 140.302 156.679 185.689 185.382 
217.649 224.235 196.664 218.452 143.936 160.48 190.725 189.599 215.525 220.704 192.603 213.737 140.19 156.653 185.701 185.379 
215.696 222.102 194.744 216.632 144.097 160.727 190.819 189.643 213.899 219.126 190.748 211.882 140.315 156.739 185.792 185.395 
214.402 220.855 193.24 215.111 144.179 160.793 190.994 189.778 212.459 217.699 189.327 210.513 140.244 156.874 185.882 185.45 
212.841 219.295 191.765 213.649 144.223 160.832 191.052 189.871 210.771 215.966 187.67 208.86 140.274 156.902 185.892 185.386 
211.371 217.909 190.376 212.21 144.318 160.94 191.189 189.942 209.683 214.855 186.367 207.581 140.416 156.792 185.925 185.588 
209.816 216.345 188.736 210.547 144.461 161.164 191.33 190.107 207.553 212.717 184.506 205.626 140.419 156.92 185.917 185.474 
208.471 214.907 187.252 209.171 144.709 161.285 191.396 190.223 206.627 211.862 183.372 204.618 140.342 156.934 186.009 185.577 
207.196 213.734 186.077 207.944 144.584 161.256 191.5 190.245 205.345 210.637 182.185 203.374 140.39 156.994 185.981 185.529 
206.309 212.798 185.099 207.079 144.82 161.416 191.586 190.407 204.268 209.474 181.001 202.179 140.537 156.937 186.025 185.67 
205.382 211.962 184.231 206.141 144.821 161.478 191.647 190.409 203.539 208.769 180.244 201.491 140.457 156.985 186.011 185.613 
204.827 211.257 183.5 205.509 144.888 161.445 191.639 190.454 202.93 208.161 179.584 200.813 140.508 157.097 186.041 185.561 
204.064 210.513 182.774 204.772 144.876 161.435 191.776 190.596 202.203 207.436 178.756 199.968 140.627 156.974 186.029 185.706 
203.62 210.08 182.366 204.37 144.867 161.527 191.759 190.495 201.666 206.964 178.402 199.591 140.524 157.159 186.125 185.633 
203.209 209.745 181.986 203.914 144.942 161.567 191.719 190.567 201.399 206.689 178.079 199.321 140.553 157.203 186.105 185.597 
202.963 209.385 181.731 203.775 145.05 161.596 191.771 190.512 201.115 206.375 177.739 198.968 140.572 157.113 186.097 185.712 
202.822 209.343 181.549 203.534 144.982 161.631 191.839 190.651 201.033 206.237 177.548 198.793 140.566 157.055 186.151 185.8 
202.794 209.256 181.452 203.452 144.975 161.627 191.875 190.663 200.894 206.166 177.447 198.675 140.652 157.117 186.104 185.721 
202.721 209.174 181.41 203.434 144.926 161.51 191.804 190.641 200.921 206.165 177.423 198.648 140.544 157.115 186.184 185.782 
202.705 209.215 181.368 203.331 144.964 161.52 191.92 190.729 200.87 206.195 177.374 198.562 140.584 157.097 186.115 185.752 
202.776 209.204 181.358 203.413 145.026 161.573 191.836 190.687 200.857 206.165 177.418 198.609 140.594 157.065 186.129 185.817 
202.564 209.042 181.232 203.219 145.027 161.621 191.885 190.743 200.673 205.923 177.235 198.461 140.655 157.14 186.222 185.82 
201.567 208.114 180.398 202.39 144.999 161.81 191.982 190.706 199.595 204.893 176.42 197.648 140.573 157.086 186.118 185.689 
202.703 209.151 181.305 203.321 144.927 161.453 191.871 190.669 200.922 206.162 177.354 198.644 140.643 157.016 186.168 185.875 
203.495 210.047 182.216 204.246 144.908 161.482 191.8 190.629 201.735 207.074 178.35 199.647 140.584 156.963 186.113 185.851 
204.705 211.25 183.22 205.233 144.885 161.549 191.721 190.489 202.853 208.007 179.321 200.609 140.609 156.928 186.075 185.778 
205.439 211.983 184.137 206.124 144.776 161.361 191.653 190.446 203.693 208.916 180.177 201.487 140.454 156.834 186.042 185.727 
206.922 213.465 185.435 207.45 144.686 161.323 191.62 190.424 205.135 210.374 181.555 202.832 140.606 156.977 186.123 185.841 
208.112 214.625 186.708 208.664 144.543 161.149 191.442 190.262 206.315 211.664 182.921 204.177 140.436 156.949 186.01 185.569 
209.678 216.255 188.157 210.124 144.541 161.149 191.354 190.077 207.825 213.053 184.249 205.545 140.389 156.605 186.062 185.847 
211.112 217.633 189.606 211.656 144.5 161.035 191.318 190.18 209.386 214.616 185.778 207.093 140.548 156.942 185.974 185.635 
212.895 219.483 191.32 213.33 144.324 160.872 191.192 190.071 211.25 216.563 187.57 208.901 140.636 156.989 186.008 185.772 
214.233 220.787 192.75 214.807 144.296 160.919 191.083 189.874 212.709 218.017 189.163 210.399 140.293 156.782 185.931 185.513 
216.162 222.831 194.663 216.607 144.044 160.576 190.972 189.789 214.648 219.861 191.105 212.411 140.3 156.509 185.865 185.695 
218.124 224.829 196.639 218.59 143.905 160.486 190.726 189.542 216.448 221.728 192.823 214.133 140.363 156.697 185.893 185.592 
219.992 226.606 198.471 220.41 143.859 160.344 190.64 189.554 218.257 223.475 194.607 215.906 140.261 156.48 185.833 185.666 
221.932 228.587 200.302 222.228 143.782 160.305 190.514 189.358 220.444 225.617 196.739 218.015 140.207 156.387 185.793 185.578 
224.217 230.822 202.407 224.434 143.568 160.008 190.401 189.257 222.349 227.638 198.667 219.963 140.164 156.286 185.734 185.619 
226.351 233.133 204.804 226.671 143.359 159.9 190.283 189.082 224.709 229.794 201.024 222.366 140.079 156.232 185.668 185.456 
228.343 234.961 206.772 228.721 143.245 159.72 190.074 188.929 226.69 231.982 203.128 224.428 140.071 156.438 185.655 185.358 
230.534 237.193 209.064 231.04 143.097 159.535 189.856 188.71 229.176 234.261 205.455 226.765 140.031 156.08 185.599 185.491 
232.981 239.539 211.219 233.297 142.871 159.293 189.843 188.621 231.436 236.596 207.617 228.982 140.102 156.306 185.584 185.391 
235.164 241.667 213.448 235.45 142.684 159.124 189.621 188.43 233.633 238.869 209.899 231.175 140.097 156.393 185.524 185.245 
237.34 243.878 215.64 237.654 142.572 158.939 189.367 188.244 235.813 240.881 212.03 233.385 140.041 156.173 185.489 185.284 
239.6 246.128 217.871 239.877 142.528 158.942 189.252 188.083 238.199 243.275 214.399 235.671 139.904 156.113 185.465 185.201 
242.069 248.594 220.233 242.254 142.411 158.754 188.977 187.881 240.405 245.519 216.545 237.785 139.943 156.163 185.416 185.223 
244.381 250.861 222.658 244.654 142.036 158.352 188.843 187.762 242.709 247.859 218.939 240.167 139.823 156.039 185.379 185.154 
246.463 253.099 224.909 246.797 142.084 158.397 188.709 187.647 244.979 250.103 221.299 242.623 139.668 155.871 185.343 185.032 
248.856 255.402 227.256 249.265 141.798 158.251 188.585 187.371 247.185 252.327 223.618 244.853 139.837 156.022 185.289 185.026 
250.968 257.448 229.347 251.349 141.635 157.94 188.387 187.309 249.624 254.733 225.907 247.175 139.708 155.929 185.266 184.998 
253.33 259.882 231.625 253.641 141.497 157.941 188.284 187.145 252.036 257.081 228.28 249.608 139.804 155.982 185.248 185.02 
255.543 262.114 233.879 255.805 141.367 157.632 188.119 187.111 254.102 259.187 230.287 251.577 139.79 155.953 185.143 184.962 
257.768 264.162 236.035 258.082 141.206 157.561 187.928 186.825 256.238 261.368 232.435 253.669 139.667 155.972 185.207 184.974 
259.428 265.769 237.838 259.867 141.025 157.444 187.791 186.682 258.07 263.154 234.493 255.707 139.704 155.903 185.036 184.835 
261.529 267.986 239.972 261.873 141.002 157.434 187.633 186.54 260.226 265.269 236.468 257.778 139.669 155.86 185.05 184.869 
263.231 269.721 241.589 263.473 140.739 157.224 187.541 186.369 261.839 267.024 238.261 259.393 139.495 155.907 185.039 184.668 
264.843 271.34 243.305 265.185 140.655 157.053 187.424 186.292 263.285 268.501 239.812 260.946 139.537 155.957 184.932 184.623 
266.539 272.952 245.021 266.934 140.53 157.051 187.314 186.145 264.947 270.1 241.348 262.492 139.484 155.684 184.908 184.73 
267.779 274.207 246.295 268.163 140.576 156.883 187.153 186.125 266.386 271.614 242.874 263.946 139.415 155.746 184.983 184.72 
269.397 275.855 247.796 269.646 140.433 156.956 187.127 186.018 267.776 272.956 244.208 265.378 139.637 156.043 184.901 184.63 
270.645 276.939 249.14 271.062 140.338 156.692 187.015 185.882 269.073 274.246 245.581 266.716 139.532 155.773 184.833 184.621 
271.703 278.144 250.208 272.073 140.251 156.677 186.941 185.829 270.163 275.253 246.47 267.628 139.35 155.608 184.837 184.595 
272.733 279.09 251.146 273.095 140.099 156.648 186.913 185.7 271.212 276.419 247.745 268.864 139.443 155.737 184.835 184.576 
273.527 279.984 252.082 273.914 140.065 156.584 186.806 185.67 271.886 277.013 248.326 269.415 139.424 155.709 184.826 184.575 
274.201 280.455 252.723 274.67 140.02 156.484 186.737 185.562 272.785 277.906 249.26 270.437 139.437 155.785 184.736 184.45 
274.781 281.197 253.371 275.178 139.964 156.409 186.703 185.605 273.197 278.372 249.746 270.821 139.432 155.786 184.806 184.504 
275.271 281.712 253.874 275.648 139.854 156.468 186.693 185.501 273.685 278.871 250.184 271.252 139.389 155.808 184.797 184.48 
275.581 281.991 254.174 276.002 139.92 156.389 186.698 185.552 274.053 279.209 250.505 271.624 139.444 155.826 184.835 184.502 
275.89 282.171 254.4 276.312 139.792 156.309 186.598 185.41 274.22 279.36 250.775 271.901 139.434 155.874 184.747 184.413 
275.952 282.318 254.586 276.46 139.96 156.442 186.659 185.494 274.306 279.528 250.895 271.997 139.396 155.879 184.765 184.343 
275.913 282.225 254.508 276.377 139.867 156.347 186.676 185.521 274.29 279.41 250.801 271.949 139.386 155.787 184.762 184.447 
275.9 282.283 254.502 276.322 139.923 156.42 186.637 185.484 274.293 279.392 250.831 271.938 139.404 155.751 184.717 184.409 
275.841 282.146 254.454 276.33 139.893 156.374 186.637 185.486 274.168 279.383 250.77 271.873 139.396 155.777 184.657 184.331 
275.83 282.119 254.443 276.338 139.863 156.352 186.587 185.427 274.225 279.388 250.786 271.903 139.321 155.834 184.767 184.403 
275.705 282.035 254.286 276.11 139.855 156.326 186.631 185.441 274.082 279.26 250.613 271.723 139.394 155.823 184.718 184.377 
275.355 281.694 254.045 275.918 139.894 156.379 186.661 185.504 273.763 278.924 250.321 271.406 139.393 155.813 184.761 184.435 
275.009 281.375 253.636 275.456 139.947 156.451 186.677 185.54 273.362 278.459 249.92 271.04 139.431 155.844 184.81 184.447 
274.665 281.025 253.263 275.057 139.979 156.508 186.755 185.566 272.977 278.083 249.508 270.613 139.441 155.771 184.708 184.438 
273.993 280.391 252.709 274.521 139.943 156.535 186.824 185.604 272.354 277.472 248.904 270.043 139.606 155.988 184.749 184.404 
273.32 279.617 251.907 273.749 140.108 156.607 186.752 185.585 271.648 276.772 248.165 269.242 139.432 155.975 184.851 184.454 
272.005 278.403 250.673 272.396 140.161 156.712 187.002 185.807 270.199 275.277 246.877 267.976 139.488 155.78 184.785 184.488 
270.752 277.039 249.519 271.36 140.337 156.775 186.94 185.832 269.069 274.175 245.688 266.807 139.414 155.961 184.846 184.419 
269.073 275.488 247.924 269.635 140.307 156.936 187.125 185.841 267.431 272.589 244.213 265.262 139.469 156.002 184.899 184.522 
267.539 274.021 246.443 268.135 140.411 157.154 187.184 185.864 265.936 270.995 242.66 263.743 139.525 155.859 184.801 184.498 
266.191 272.557 244.999 266.788 140.644 157.057 187.327 186.184 264.499 269.578 241.224 262.33 139.504 155.95 184.923 184.578 
264.412 270.765 243.272 264.986 140.72 157.385 187.402 186.149 262.627 267.778 239.491 260.593 139.618 156.15 184.984 184.596 
262.28 268.772 241.307 262.947 140.93 157.454 187.513 186.396 260.292 265.543 237.343 258.388 139.721 156.188 184.929 184.645 
260.632 267.022 239.566 261.272 140.986 157.458 187.634 186.466 259.047 264.122 235.772 256.907 139.653 156.137 184.993 184.557 
258.18 264.779 237.366 258.913 141.038 157.769 187.802 186.542 256.553 261.786 233.556 254.553 139.686 156.308 185.093 184.698 
256.33 262.635 235.287 257.014 141.301 157.768 187.965 186.877 254.15 259.355 231.289 252.329 139.785 156.206 185.075 184.778 
253.963 260.361 232.972 254.564 141.486 158.074 188.156 186.993 252.245 257.311 229.125 250.255 139.747 156.218 185.16 184.836 
251.964 258.408 231.01 252.747 141.597 158.114 188.248 187.102 249.975 255.069 226.916 248.014 139.812 156.314 185.13 184.798 
249.563 255.995 228.815 250.408 141.666 158.246 188.342 187.206 247.992 253.139 224.85 245.919 139.991 156.314 185.251 184.96 
247.486 253.93 226.585 248.208 141.949 158.473 188.565 187.391 245.704 250.812 222.693 243.73 139.876 156.172 185.236 185.016 
245.521 251.913 224.471 246.173 142.027 158.546 188.711 187.565 243.657 248.698 220.562 241.694 139.832 156.238 185.237 184.91 
243.506 249.943 222.577 244.3 142.078 158.659 188.789 187.567 241.717 246.854 218.662 239.74 139.805 156.252 185.307 184.986 
241.326 247.687 220.384 242.055 142.222 158.732 188.981 187.85 239.195 244.348 216.388 237.51 140.072 156.417 185.288 185.033 
238.727 245.281 217.878 239.511 142.574 159.218 189.128 188.012 236.749 242.011 214.104 235.091 140.032 156.708 185.35 184.962 
236.317 242.802 215.544 237.155 142.585 159.309 189.363 188.107 234.759 239.952 211.834 232.874 139.943 156.497 185.41 185.062 
234.237 240.727 213.391 235.091 142.68 159.418 189.492 188.219 232.428 237.644 209.641 230.721 139.977 156.57 185.509 185.097 
232.132 238.635 211.263 232.991 142.923 159.56 189.649 188.428 230.385 235.647 207.374 228.467 139.988 156.629 185.493 185.091 
229.822 236.175 208.92 230.705 143.067 159.653 189.824 188.627 228.017 233.231 205.173 226.217 140.171 156.689 185.521 185.178 
227.582 234.028 206.743 228.4 143.316 159.879 189.976 188.785 225.775 230.995 202.822 223.946 140.083 156.829 185.603 185.12 
225.759 232.171 204.791 226.583 143.339 159.85 190.175 189.055 223.867 229.132 200.806 221.958 140.106 156.676 185.623 185.224 
223.881 230.31 202.873 224.704 143.572 160.139 190.263 189.059 221.803 226.913 198.778 219.911 140.167 156.604 185.583 185.304 
221.782 228.178 200.892 222.656 143.746 160.322 190.43 189.272 219.954 225.214 196.953 218.04 140.179 156.732 185.696 185.317 
220.238 226.722 199.209 221.053 143.816 160.428 190.566 189.365 217.997 223.22 194.894 215.993 140.13 156.74 185.75 185.316 
217.987 224.42 196.941 218.694 143.877 160.494 190.677 189.509 215.921 221.228 192.925 214.02 140.102 156.911 185.817 185.305 
216.188 222.676 195.203 217.039 144.056 160.66 190.764 189.563 214.448 219.68 191.314 212.487 140.265 156.908 185.896 185.415 
214.888 221.345 193.844 215.76 144.104 160.833 190.918 189.652 212.862 218.106 189.725 210.88 140.273 156.846 185.865 185.42 
213.032 219.527 192.052 213.891 144.184 160.798 191.024 189.793 211.006 216.229 188.005 209.089 140.157 156.734 185.837 185.394 
211.625 218.193 190.667 212.491 144.366 161.068 191.202 189.98 209.893 215.079 186.664 207.832 140.463 156.948 185.93 185.534 
210.519 216.95 189.368 211.312 144.456 161.128 191.213 189.982 208.285 213.546 185.03 206.212 140.441 156.995 185.974 185.557 
208.603 215.068 187.586 209.493 144.587 161.189 191.404 190.208 206.82 212.13 183.726 204.844 140.325 157.088 186.024 185.421 
207.761 214.329 186.517 208.37 144.635 161.372 191.509 190.208 205.897 211.016 182.56 203.825 140.486 156.84 185.998 185.672 
206.672 213.227 185.501 207.417 144.677 161.402 191.482 190.181 204.783 210.064 181.56 202.746 140.441 157.146 186.053 185.516 
205.729 212.231 184.508 206.473 144.834 161.393 191.614 190.438 203.868 209.131 180.546 201.738 140.48 156.941 186.042 185.642 
205.012 211.486 183.784 205.747 144.859 161.505 191.705 190.471 203.113 208.376 179.784 200.982 140.473 157.069 186.075 185.585 
204.277 210.799 183.027 204.97 144.878 161.508 191.708 190.539 202.433 207.65 179.006 200.247 140.638 157.103 186.099 185.748 
203.875 210.421 182.625 204.599 144.871 161.624 191.775 190.49 201.975 207.167 178.626 199.882 140.508 157.06 186.084 185.678 
203.361 209.892 182.099 204.036 144.93 161.649 191.81 190.557 201.533 206.851 178.244 199.461 140.53 157.1 186.062 185.633 
203.101 209.547 181.843 203.867 144.932 161.604 191.787 190.507 201.146 206.459 177.779 199.019 140.567 157.218 186.153 185.677 
202.818 209.305 181.49 203.475 144.967 161.597 191.856 190.601 201.028 206.301 177.577 198.78 140.532 157.149 186.167 185.686 
202.791 209.251 181.465 203.491 144.978 161.588 191.822 190.603 200.916 206.175 177.499 198.743 140.54 157.07 186.109 185.712 
202.792 209.269 181.414 203.45 144.956 161.638 191.87 190.644 200.94 206.223 177.486 198.694 140.569 157.037 186.129 185.796 
202.779 209.213 181.411 203.44 144.933 161.538 191.868 190.663 200.885 206.209 177.453 198.663 140.522 157.056 186.166 185.78 
202.774 209.232 181.416 203.477 144.976 161.549 191.864 190.686 200.907 206.201 177.448 198.627 140.497 157.037 186.166 185.766 
202.785 209.308 181.447 203.412 144.926 161.631 191.888 190.663 200.924 206.232 177.427 198.639 140.612 157.107 186.209 185.82 
202.063 208.626 180.849 202.814 144.962 161.727 191.972 190.691 200.044 205.299 176.772 198.014 140.615 156.978 186.097 185.784 
202.062 208.542 180.817 202.849 145.013 161.61 191.866 190.717 200.312 205.546 176.911 198.142 140.644 157.082 186.147 185.746 
203.188 209.676 181.804 203.859 144.989 161.5 191.794 190.618 201.371 206.571 177.877 199.188 140.587 156.997 186.148 185.849 
204.114 210.652 182.736 204.727 144.877 161.462 191.776 190.602 202.396 207.677 178.894 200.229 140.529 157.092 186.095 185.693 
205.142 211.625 183.747 205.824 144.813 161.447 191.667 190.454 203.455 208.639 179.905 201.249 140.471 156.781 186.142 185.857 
206.489 213.056 184.989 206.977 144.683 161.364 191.572 190.323 204.677 210.047 181.207 202.434 140.635 157.109 186.049 185.686 
207.791 214.422 186.386 208.317 144.678 161.28 191.499 190.355 206.042 211.323 182.555 203.814 140.443 156.819 186.017 185.699 
209.338 215.828 187.802 209.896 144.586 161.119 191.397 190.237 207.47 212.727 183.883 205.109 140.478 156.7 186.042 185.871 
210.738 217.302 189.269 211.295 144.511 160.985 191.363 190.225 209.011 214.325 185.522 206.82 140.46 156.933 186.027 185.652 
212.185 218.728 190.706 212.716 144.337 160.983 191.223 189.986 210.508 215.794 186.948 208.265 140.449 156.822 186.01 185.657 
213.877 220.589 192.378 214.317 144.31 160.976 191.121 189.919 212.29 217.61 188.734 209.904 140.21 156.635 185.935 185.573 
215.826 222.403 194.201 216.183 144.115 160.496 191.006 189.882 213.986 219.184 190.315 211.571 140.352 156.64 185.92 185.681 
217.884 224.471 196.173 218.151 144.077 160.527 190.779 189.704 216.027 221.25 192.365 213.664 140.237 156.472 185.893 185.67 
219.64 226.221 197.991 219.927 143.908 160.324 190.638 189.508 218.205 223.386 194.386 215.675 140.208 156.494 185.866 185.606 
221.879 228.291 200.179 222.335 143.732 160.134 190.491 189.389 220.092 225.28 196.317 217.617 140.316 156.529 185.799 185.658 
223.736 230.265 202.128 224.093 143.545 159.998 190.313 189.18 222.253 227.431 198.492 219.777 140.183 156.295 185.667 185.525 
225.97 232.409 204.224 226.296 143.38 159.798 190.208 189.084 224.456 229.601 200.69 221.978 140.125 156.299 185.714 185.513 
228.233 234.83 206.497 228.513 143.301 159.677 190.081 188.945 226.429 231.61 202.803 224.018 139.956 156.204 185.656 185.377 
230.269 236.879 208.648 230.656 143.197 159.588 189.868 188.771 228.576 233.792 204.947 226.151 140.014 156.228 185.598 185.422 
232.314 238.998 210.734 232.625 142.923 159.331 189.708 188.585 230.873 236.096 207.257 228.528 139.847 156.147 185.565 185.287 
234.774 241.409 213.081 235.125 142.717 159.165 189.689 188.515 233.16 238.316 209.578 230.911 139.849 156.162 185.503 185.271 
236.988 243.511 215.317 237.391 142.648 159.004 189.41 188.337 235.443 240.551 211.694 233.089 140.006 156.24 185.497 185.24 
239.178 245.655 217.529 239.644 142.436 158.897 189.233 188.07 237.612 242.736 213.873 235.233 140.05 156.266 185.496 185.314 
241.335 247.844 219.59 241.642 142.31 158.821 189.174 187.949 239.84 245.014 216.062 237.341 139.829 156.323 185.456 185.055 
243.812 250.148 222.029 244.251 142.181 158.601 188.93 187.782 242.091 247.114 218.353 239.656 139.819 156.066 185.416 185.165 
246.152 252.474 224.431 246.636 141.965 158.352 188.735 187.613 244.394 249.509 220.587 241.885 139.783 156.052 185.352 185.084 
248.432 254.878 226.745 248.818 141.849 158.225 188.536 187.38 246.723 251.746 223.048 244.339 139.719 155.925 185.296 185.04 
250.13 256.576 228.582 250.597 141.804 158.177 188.429 187.376 248.716 254.003 225.12 246.34 139.834 156.132 185.274 184.996 
252.438 259 230.894 252.87 141.5 158.025 188.278 187.063 250.73 255.918 227.143 248.407 139.74 156.002 185.218 184.988 
254.411 260.916 232.875 254.868 141.353 157.877 188.171 186.985 252.711 257.921 229.243 250.468 139.65 155.931 185.181 184.909 
256.68 263.173 235.148 257.13 141.156 157.599 188.022 186.849 255.117 260.217 231.361 252.743 139.665 155.842 185.218 185.01 
258.4 264.843 236.842 258.834 141.02 157.518 187.855 186.678 256.784 262.082 233.181 254.339 139.553 156.075 185.207 184.795 
260.408 266.877 238.809 260.821 140.993 157.517 187.76 186.576 258.754 263.993 235.121 256.29 139.487 155.867 185.118 184.745 
262.161 268.709 240.628 262.507 140.884 157.525 187.578 186.371 260.517 265.675 236.977 258.162 139.581 155.894 185.033 184.778 
263.988 270.402 242.393 264.306 140.748 157.204 187.491 186.357 262.392 267.571 238.802 259.963 139.537 155.994 185.054 184.799 
265.234 271.612 243.729 265.649 140.649 157.204 187.335 186.134 263.823 268.999 240.313 261.511 139.521 156.007 185.019 184.608 
266.918 273.334 245.412 267.362 140.519 156.979 187.28 186.13 265.303 270.499 241.78 262.961 139.557 155.784 184.917 184.683 
267.923 274.354 246.481 268.346 140.409 156.889 187.143 186.004 266.369 271.473 242.816 263.952 139.419 155.671 184.858 184.627 
269.486 275.83 247.829 269.714 140.33 156.779 187.051 185.972 268.068 273.202 244.444 265.596 139.594 155.943 184.886 184.658 
270.716 277.107 249.15 271.022 140.258 156.738 187.051 185.85 269.027 274.148 245.495 266.632 139.502 155.651 184.82 184.602 
271.664 277.975 250.132 272.021 140.24 156.592 186.883 185.79 270.071 275.237 246.465 267.525 139.481 155.763 184.873 184.68 
272.656 279.043 251.118 272.965 140.076 156.511 186.836 185.67 271.08 276.193 247.472 268.614 139.58 155.694 184.805 184.582 
273.428 279.837 251.912 273.745 140.191 156.609 186.814 185.747 271.81 276.989 248.23 269.3 139.489 155.856 184.809 184.528 
274.115 280.402 252.688 274.633 139.981 156.408 186.683 185.523 272.669 277.8 249.156 270.32 139.509 155.858 184.812 184.507 
274.867 281.239 253.445 275.291 139.968 156.486 186.698 185.493 273.225 278.345 249.732 270.811 139.492 155.744 184.767 184.512 
275.594 281.971 254.145 276.012 139.877 156.335 186.628 185.529 274.022 279.3 250.561 271.635 139.267 155.778 184.813 184.43 
275.811 282.134 254.407 276.309 139.932 156.459 186.652 185.443 274.132 279.339 250.713 271.783 139.411 155.829 184.804 184.484 
275.924 282.269 254.544 276.486 139.883 156.386 186.595 185.382 274.31 279.514 250.856 271.956 139.338 155.889 184.802 184.414 
275.959 282.315 254.531 276.423 139.863 156.528 186.663 185.38 274.288 279.484 250.87 271.997 139.375 155.894 184.829 184.412 
275.882 282.199 254.577 276.442 139.831 156.275 186.638 185.497 274.269 279.516 250.848 271.939 139.458 155.925 184.855 184.456 
275.877 282.222 254.53 276.411 139.851 156.402 186.651 185.479 274.213 279.432 250.868 271.959 139.374 155.886 184.752 184.363 
275.831 282.2 254.462 276.332 139.819 156.424 186.657 185.424 274.189 279.434 250.805 271.893 139.318 156.028 184.807 184.294 
275.848 282.211 254.461 276.361 139.84 156.426 186.615 185.393 274.232 279.425 250.777 271.91 139.363 155.993 184.785 184.329 
275.598 281.926 254.25 276.127 139.871 156.505 186.641 185.419 273.944 279.128 250.531 271.624 139.341 155.889 184.769 184.379 
275.174 281.533 253.815 275.678 139.927 156.415 186.678 185.55 273.511 278.754 250.097 271.132 139.368 155.861 184.817 184.413 
274.853 281.198 253.541 275.413 139.99 156.493 186.668 185.506 273.196 278.341 249.801 270.876 139.448 155.886 184.777 184.423 
274.273 280.632 252.949 274.829 139.969 156.545 186.768 185.566 272.632 277.805 249.208 270.286 139.455 155.867 184.748 184.423 
273.781 280.117 252.375 274.238 140.003 156.6 186.818 185.557 272.073 277.278 248.664 269.707 139.458 156.057 184.821 184.383 
272.804 279.037 251.398 273.301 140.159 156.703 186.848 185.651 271.037 276.139 247.617 268.752 139.376 155.874 184.851 184.505 
271.54 277.918 250.345 272.148 140.015 156.718 186.944 185.614 269.895 275.123 246.659 267.714 139.426 156.088 184.775 184.264 
270.253 276.625 248.965 270.795 140.172 156.804 187.037 185.86 268.544 273.705 245.24 266.26 139.457 155.987 184.879 184.477 
268.547 274.975 247.437 269.119 140.437 157.084 187.096 185.866 266.945 271.954 243.609 264.747 139.473 156.097 184.889 184.438 
266.898 273.307 245.779 267.546 140.49 157.227 187.279 185.995 265.182 270.364 242.059 263.108 139.418 156.128 184.951 184.482 
265.275 271.717 244.23 265.945 140.534 157.088 187.397 186.201 263.646 268.793 240.506 261.552 139.515 155.965 184.896 184.505 
263.761 270.156 242.651 264.443 140.72 157.342 187.494 186.29 262.019 267.155 238.815 259.879 139.575 156.066 185.008 184.592 
261.399 267.803 240.424 262.135 140.863 157.364 187.539 186.513 259.668 264.679 236.661 257.796 139.607 156.022 184.973 184.725 
260.007 266.396 238.843 260.612 140.889 157.56 187.746 186.523 258.223 263.431 235.01 256.072 139.561 156.095 185.127 184.705 
257.623 264.08 236.793 258.438 141.201 157.863 187.809 186.604 255.912 260.999 232.892 253.926 139.719 156.222 185.052 184.687 
255.857 262.254 234.813 256.547 141.189 157.78 187.98 186.754 254.138 259.23 231.004 252.127 139.681 156.333 185.165 184.681 
253.768 260.148 232.763 254.472 141.391 158.026 188.124 186.916 252.01 257.135 228.982 250.119 139.693 156.329 185.169 184.784 
251.379 257.822 230.5 252.14 141.566 158.349 188.303 186.997 249.627 254.756 226.737 247.825 139.823 156.327 185.182 184.85 
249.379 255.684 228.412 250.213 141.704 158.318 188.461 187.276 247.526 252.755 224.526 245.624 139.791 156.29 185.213 184.844 
247.163 253.541 226.248 248.002 141.763 158.428 188.545 187.324 245.027 250.343 222.468 243.426 139.883 156.501 185.185 184.782 
244.605 251.149 223.878 245.513 141.996 158.663 188.664 187.448 242.697 247.99 220.13 241.078 139.733 156.518 185.26 184.805 
242.24 248.711 221.484 243.155 142.155 158.88 188.894 187.698 240.529 245.761 217.661 238.833 139.839 156.504 185.337 184.884 
239.896 246.304 219.078 240.822 142.347 159.057 189.055 187.847 238.091 243.395 215.312 236.386 140.068 156.652 185.336 185.008 
237.422 243.781 216.59 238.267 142.464 159.08 189.195 188.055 235.653 240.753 212.672 233.861 140.23 156.797 185.458 185.11 
235.074 241.499 214.342 236.03 142.643 159.293 189.388 188.208 233.053 238.261 210.302 231.404 140.118 156.644 185.42 185.065 
232.619 239.172 211.969 233.602 142.723 159.439 189.569 188.298 231.007 236.166 208.213 229.374 139.878 156.638 185.426 184.879 
230.555 237.136 209.823 231.477 143.033 159.593 189.666 188.528 228.858 234.075 206.088 227.23 140.017 156.718 185.468 185.021 
228.12 234.609 207.46 229.119 143.018 159.716 189.88 188.694 226.376 231.772 203.845 224.882 140.115 156.878 185.531 185.103 
226.333 232.792 205.514 227.274 143.132 159.957 190.014 188.676 224.237 229.611 201.432 222.486 140.067 156.885 185.655 185.162 
224.144 230.636 203.387 225.199 143.467 160.145 190.112 188.845 222.465 227.65 199.504 220.649 140.038 156.826 185.693 185.174 
222.078 228.511 201.192 223.011 143.504 160.262 190.445 189.181 220.217 225.642 197.415 218.403 140.162 156.937 185.688 185.185 
220.236 226.686 199.285 221.095 143.693 160.38 190.472 189.192 218.35 223.677 195.455 216.572 140.119 156.927 185.78 185.239 
218.369 224.786 197.406 219.262 143.815 160.456 190.597 189.417 216.183 221.509 193.424 214.539 140.271 156.973 185.78 185.331 
216.275 222.893 195.447 217.196 143.926 160.769 190.772 189.421 214.581 219.904 191.537 212.621 140.11 156.943 185.903 185.296 
214.435 220.881 193.551 215.417 144.029 160.662 190.88 189.617 212.554 217.833 189.634 210.781 140.093 156.949 185.877 185.308 
213.015 219.553 191.988 213.85 144.261 160.903 191.041 189.847 211.099 216.337 188.106 209.267 140.187 156.747 185.842 185.413 
211.799 218.284 190.747 212.656 144.307 160.923 191.129 189.947 209.939 215.261 186.779 207.917 140.33 157.075 185.934 185.449 
210.382 216.947 189.228 211.081 144.354 161.317 191.349 189.894 208.402 213.699 185.381 206.507 140.218 157.09 186.013 185.411 
208.714 215.264 187.713 209.61 144.52 161.298 191.431 190.111 206.87 212.196 183.798 204.947 140.229 157.074 185.975 185.338 
207.547 214.15 186.532 208.359 144.533 161.189 191.442 190.228 205.757 211.019 182.536 203.696 140.404 156.989 185.989 185.532 
206.947 213.385 185.708 207.715 144.623 161.38 191.596 190.269 204.857 210.223 181.653 202.795 140.408 157.072 186.12 185.595 
205.756 212.282 184.602 206.574 144.676 161.464 191.623 190.323 203.958 209.159 180.618 201.875 140.509 157.066 186.085 185.638 
205.194 211.641 183.972 205.971 144.782 161.419 191.624 190.389 203.271 208.627 180.024 201.19 140.357 157.114 186.081 185.56 
204.421 210.831 183.19 205.178 144.789 161.472 191.675 190.459 202.393 207.649 179.151 200.355 140.433 157.11 186.083 185.568 
203.794 210.283 182.542 204.508 144.82 161.499 191.748 190.493 201.913 207.138 178.587 199.839 140.474 157.126 186.161 185.664 
203.442 210.013 182.207 204.206 144.911 161.715 191.836 190.568 201.533 206.836 178.264 199.511 140.573 157.199 186.098 185.643 
203.108 209.55 181.842 203.861 144.918 161.616 191.796 190.534 201.199 206.513 177.855 199.13 140.499 157.16 186.123 185.633 
202.836 209.398 181.554 203.544 144.851 161.685 191.877 190.555 200.968 206.288 177.657 198.874 140.539 157.108 186.152 185.728 
202.762 209.24 181.434 203.476 144.886 161.654 191.868 190.557 200.868 206.153 177.478 198.656 140.475 157.093 186.117 185.687 
202.789 209.249 181.441 203.489 144.907 161.664 191.842 190.514 200.867 206.142 177.411 198.665 140.437 157.042 186.194 185.777 
202.739 209.194 181.377 203.403 144.932 161.544 191.852 190.656 200.891 206.188 177.417 198.676 140.535 157.144 186.151 185.732 
202.768 209.19 181.419 203.51 144.908 161.551 191.81 190.599 200.875 206.19 177.446 198.666 140.523 157.084 186.185 185.761 
202.78 209.278 181.447 203.457 144.956 161.619 191.873 190.67 200.867 206.185 177.41 198.626 140.449 157.126 186.229 185.739 
201.517 208.189 180.428 202.332 144.999 161.751 191.989 190.727 199.53 204.809 176.388 197.622 140.572 157.172 186.111 185.612 
202.605 209.122 181.269 203.307 144.932 161.571 191.882 190.712 200.926 206.175 177.442 198.692 140.549 157.027 186.169 185.865 
203.579 210.157 182.299 204.344 144.761 161.462 191.809 190.59 201.896 207.283 178.505 199.817 140.505 157.124 186.093 185.634 
204.731 211.247 183.322 205.349 144.823 161.507 191.716 190.517 202.876 208.173 179.386 200.634 140.546 157.045 186.207 185.85 
205.871 212.525 184.62 206.57 144.674 161.424 191.675 190.376 204.082 209.368 180.637 202.005 140.445 156.972 186.109 185.703 
207.115 213.697 185.643 207.631 144.697 161.35 191.579 190.384 205.242 210.531 181.689 202.886 140.46 156.931 186.121 185.768 
208.306 214.905 186.949 208.974 144.561 161.214 191.416 190.204 206.554 211.899 183.163 204.471 140.477 157.036 186.083 185.62 
209.92 216.506 188.472 210.521 144.55 161.103 191.348 190.164 208.095 213.425 184.638 205.904 140.355 156.885 186.006 185.576 
211.605 218.071 190.037 212.171 144.347 160.891 191.26 190.136 209.785 215.087 186.218 207.521 140.399 156.858 186.085 185.742 
213.093 219.746 191.623 213.621 144.299 160.903 191.13 189.963 211.487 216.596 187.777 209.216 140.509 156.868 186.007 185.713 
214.769 221.261 193.295 215.414 144.074 160.65 191.045 189.848 213.127 218.501 189.606 210.924 140.502 156.916 185.965 185.682 
216.488 223.036 194.997 217.049 143.966 160.543 190.902 189.698 214.792 220.092 191.218 212.497 140.305 156.892 185.963 185.54 
218.497 225.041 196.958 219.049 143.721 160.294 190.836 189.607 216.879 222.069 193.24 214.605 140.281 156.615 185.888 185.622 
220.332 226.938 198.842 220.867 143.653 160.207 190.562 189.371 218.669 223.93 195.149 216.515 140.232 156.692 185.816 185.49 
222.518 229.169 201.061 223.101 143.576 160.11 190.472 189.23 220.836 226.014 197.167 218.549 140.105 156.503 185.836 185.511 
224.399 231.055 202.916 224.888 143.463 160.051 190.337 189.088 222.789 227.981 199.164 220.539 140.2 156.583 185.83 185.562 
226.849 233.419 205.132 227.274 143.312 159.706 190.151 189.019 225.109 230.383 201.521 222.821 139.954 156.479 185.781 185.417 
228.832 235.399 207.287 229.329 143.068 159.57 190.02 188.849 227.238 232.485 203.598 224.889 140.023 156.421 185.683 185.383 
231.044 237.573 209.435 231.485 142.991 159.526 189.819 188.585 229.722 234.916 205.901 227.288 140.044 156.453 185.667 185.376 
233.493 240.014 211.751 233.861 142.877 159.186 189.626 188.552 231.851 236.994 208.128 229.496 140.006 156.562 185.647 185.305 
235.721 242.267 213.937 236.079 142.805 159.363 189.603 188.395 234.002 239.09 210.318 231.675 140.01 156.311 185.536 185.305 
237.951 244.451 216.202 238.314 142.601 159.1 189.351 188.229 236.344 241.579 212.609 233.859 139.832 156.154 185.521 185.24 
240.287 246.939 218.518 240.512 142.384 158.872 189.226 188.072 238.505 243.699 214.928 236.163 139.86 156.194 185.458 185.114 
242.476 249.068 220.874 242.851 142.184 158.589 189.071 187.928 240.858 246.094 217.289 238.475 139.805 156.189 185.492 185.161 
244.749 251.329 223.185 245.199 142.078 158.397 188.833 187.707 243.161 248.305 219.59 240.89 139.785 155.971 185.339 185.114 
246.869 253.384 225.299 247.305 141.876 158.277 188.64 187.55 245.636 250.802 221.96 243.227 139.738 156.059 185.431 185.108 
249.257 255.752 227.701 249.706 141.673 158.128 188.454 187.269 247.739 252.845 224.06 245.414 139.891 156.138 185.289 185.097 
251.691 258.069 229.938 252.054 141.625 158.005 188.33 187.223 250.049 255.111 226.398 247.676 139.708 156.003 185.273 184.995 
253.721 260.173 232.122 254.177 141.538 158.055 188.198 187.015 252.121 257.171 228.502 249.817 139.705 156.07 185.269 184.955 
255.79 262.259 234.033 256.063 141.364 157.921 188.119 186.898 254.138 259.221 230.53 251.809 139.654 156.013 185.169 184.894 
257.539 263.976 235.992 257.982 141.207 157.629 187.908 186.784 255.96 261.121 232.399 253.581 139.7 156.119 185.17 184.885 
259.137 265.574 237.587 259.519 140.972 157.464 187.813 186.656 257.826 263.007 234.255 255.476 139.633 156.047 185.157 184.853 
261.23 267.605 239.602 261.693 140.831 157.299 187.581 186.413 259.622 264.874 236.081 257.3 139.645 156.086 185.085 184.726 
262.945 269.435 241.382 263.311 140.637 157.203 187.524 186.261 261.471 266.662 237.901 259.121 139.564 155.967 185.07 184.727 
264.517 270.927 243.02 264.983 140.654 157.16 187.452 186.278 262.961 268.14 239.313 260.498 139.509 155.953 185.037 184.727 
266.269 272.75 244.693 266.556 140.549 157.061 187.296 186.116 264.664 269.827 241.114 262.301 139.427 155.857 184.988 184.626 
267.838 274.332 246.327 268.175 140.528 157.027 187.254 186.17 266.322 271.387 242.663 263.885 139.532 155.907 184.961 184.739 
269.153 275.558 247.613 269.559 140.453 156.89 187.059 185.948 267.523 272.762 244.062 265.174 139.493 155.932 184.923 184.605 
270.212 276.564 248.758 270.728 140.154 156.746 187.06 185.811 268.804 274.033 245.243 266.447 139.349 155.83 184.917 184.609 
271.498 277.963 250.053 271.912 140.232 156.728 186.984 185.862 269.835 275.021 246.341 267.379 139.411 155.938 184.965 184.514 
272.556 278.904 251.107 273.021 140.01 156.504 186.783 185.584 271.04 276.208 247.471 268.642 139.471 155.883 184.851 184.569 
273.32 279.692 251.829 273.717 140.01 156.501 186.811 185.739 271.7 276.958 248.221 269.268 139.413 155.957 184.789 184.382 
274.09 280.406 252.636 274.614 140.007 156.495 186.723 185.536 272.445 277.62 248.975 270.078 139.359 155.808 184.816 184.394 
274.723 281.152 253.277 275.159 140.001 156.562 186.698 185.496 273.098 278.3 249.645 270.78 139.454 155.813 184.772 184.501 
275.153 281.513 253.701 275.583 139.933 156.459 186.692 185.523 273.537 278.662 250.038 271.135 139.298 155.858 184.848 184.465 
275.581 281.902 254.193 276.085 139.816 156.415 186.668 185.472 273.96 279.144 250.433 271.57 139.316 155.831 184.821 184.45 
275.808 282.206 254.414 276.301 139.837 156.543 186.751 185.45 274.164 279.329 250.672 271.83 139.413 155.871 184.818 184.475 
275.945 282.221 254.519 276.458 139.841 156.307 186.606 185.46 274.347 279.515 250.802 271.913 139.38 155.882 184.781 184.423 
275.933 282.261 254.625 276.549 139.841 156.426 186.662 185.445 274.294 279.438 250.87 271.994 139.352 155.884 184.786 184.406 
275.886 282.232 254.537 276.445 139.815 156.332 186.577 185.409 274.303 279.434 250.801 271.957 139.424 155.877 184.815 184.46 
275.817 282.151 254.537 276.416 139.787 156.332 186.6 185.391 274.21 279.429 250.794 271.89 139.303 155.842 184.762 184.385 
275.842 282.199 254.467 276.326 139.849 156.427 186.62 185.403 274.162 279.45 250.78 271.844 139.41 155.932 184.787 184.372 
275.808 282.075 254.437 276.375 139.77 156.396 186.612 185.369 274.161 279.376 250.77 271.876 139.268 155.872 184.769 184.305 
275.571 281.969 254.237 276.108 139.839 156.523 186.665 185.396 273.85 278.984 250.397 271.547 139.266 155.823 184.76 184.34 
275.105 281.437 253.778 275.645 139.87 156.41 186.618 185.472 273.444 278.638 250.013 271.08 139.359 155.849 184.86 184.44 
274.756 281.166 253.404 275.197 139.952 156.538 186.729 185.547 273.116 278.272 249.727 270.832 139.375 155.852 184.776 184.393 
274.283 280.601 252.913 274.761 139.944 156.551 186.724 185.484 272.645 277.816 249.246 270.33 139.483 155.945 184.78 184.412 
273.65 279.91 252.307 274.224 140.015 156.556 186.76 185.561 271.985 277.126 248.596 269.713 139.425 155.985 184.793 184.392 
272.567 278.865 251.266 273.137 140.102 156.661 186.799 185.661 270.919 275.975 247.505 268.629 139.415 155.874 184.819 184.478 
271.241 277.663 250.06 271.836 140.17 156.828 186.968 185.669 269.564 274.739 246.302 267.412 139.328 156.052 184.868 184.375 
270.103 276.588 248.911 270.626 140.221 156.949 187.012 185.726 268.445 273.566 245.096 266.173 139.435 155.93 184.904 184.535 
268.729 275.093 247.54 269.277 140.429 157.026 187.113 185.857 266.714 271.837 243.516 264.579 139.541 156.052 184.934 184.54 
266.845 273.243 245.739 267.563 140.467 157.138 187.254 186.063 265.254 270.46 241.988 263.13 139.475 156.199 184.933 184.425 
264.936 271.385 243.989 265.701 140.542 157.331 187.367 186.033 263.284 268.395 240.284 261.361 139.382 156.057 184.886 184.406 
262.78 269.209 241.942 263.641 140.698 157.371 187.457 186.192 261.221 266.417 238.32 259.37 139.522 156.207 185.01 184.563 
260.975 267.49 240.061 261.711 140.746 157.437 187.63 186.355 259.368 264.498 236.414 257.548 139.543 156.102 184.958 184.577 
259.31 265.737 238.299 260.035 141.018 157.59 187.72 186.482 257.588 262.846 234.609 255.64 139.614 156.199 185.036 184.635 
257.438 263.868 236.425 258.131 141.075 157.734 187.823 186.589 255.662 260.757 232.668 253.727 139.574 156.045 185.082 184.703 
254.989 261.375 234.077 255.725 141.206 157.901 188.006 186.792 253.194 258.328 230.427 251.472 139.649 156.211 185.106 184.795 
252.804 259.297 231.947 253.648 141.423 158.093 188.166 186.957 251.136 256.215 228.281 249.432 139.754 156.216 185.112 184.764 
250.928 257.346 229.971 251.738 141.541 158.131 188.351 187.125 248.943 254.185 226.163 247.185 139.754 156.414 185.194 184.726 
248.312 254.816 227.602 249.287 141.739 158.445 188.496 187.263 246.747 251.929 223.883 245.011 139.725 156.372 185.197 184.831 
246.279 252.759 225.485 247.222 141.85 158.556 188.605 187.365 244.579 249.876 221.709 242.746 139.731 156.51 185.306 184.847 
244.312 250.755 223.419 245.178 142.092 158.667 188.727 187.575 242.544 247.819 219.619 240.676 139.823 156.483 185.379 184.945 
242.097 248.599 221.272 243.007 142.18 158.873 188.93 187.686 240.374 245.552 217.353 238.466 140.005 156.375 185.266 184.987 
239.895 246.339 218.918 240.624 142.365 158.927 189.02 187.896 238.104 243.347 215.181 236.293 140.028 156.512 185.393 185.046 
237.175 243.443 216.328 237.97 142.694 159.005 189.102 188.155 235.707 240.582 212.56 233.912 140.403 156.508 185.29 185.241 
235.161 241.548 214.026 235.632 142.764 159.081 189.394 188.299 233.361 238.339 210.15 231.391 140.224 156.138 185.245 185.23 
232.69 239.051 211.691 233.295 142.998 159.141 189.518 188.572 231.001 235.995 207.998 229.097 140.368 156.059 185.292 185.338 
230.499 236.935 209.581 231.085 143.078 159.288 189.592 188.573 228.773 233.767 205.704 226.859 140.644 156.408 185.334 185.488 
228.181 234.496 207.175 228.709 143.317 159.334 189.753 188.879 226.245 231.256 203.054 224.188 140.731 156.265 185.367 185.52 
226.351 232.71 205.147 226.767 143.502 159.646 189.916 188.897 224.489 229.419 201.057 222.217 140.655 156.187 185.444 185.58 
224.161 230.473 203.02 224.572 143.627 159.665 190.085 189.14 222.56 227.557 199.193 220.38 140.697 156.318 185.454 185.592 
222.677 228.96 201.438 223.143 143.784 159.85 190.226 189.288 220.683 225.662 197.278 218.4 140.604 156.29 185.508 185.54 
220.565 226.931 199.408 221.154 143.841 160.006 190.418 189.4 218.894 223.939 195.527 216.767 140.619 156.319 185.509 185.564 
218.622 225.06 197.653 219.342 143.907 160.22 190.571 189.465 216.936 221.97 193.789 214.904 140.367 156.457 185.574 185.381 
216.468 222.892 195.592 217.368 144.088 160.467 190.714 189.616 214.716 219.797 191.813 212.896 140.37 156.557 185.67 185.501 
214.902 221.477 194.029 215.723 143.977 160.648 190.91 189.709 212.877 218.162 189.909 210.918 140.367 156.741 185.742 185.449 
213.156 219.719 192.182 213.973 144.226 160.794 191.045 189.89 211.369 216.398 188.18 209.319 140.381 156.507 185.79 185.605 
211.595 218.012 190.461 212.265 144.355 160.782 191.174 190.078 209.775 214.915 186.547 207.665 140.537 156.812 185.843 185.558 
210.606 216.976 189.342 211.283 144.401 161.016 191.211 189.986 208.364 213.538 185.081 206.306 140.436 156.809 185.976 185.666 
208.85 215.415 187.797 209.558 144.498 161.151 191.378 190.076 207.211 212.371 183.915 205.099 140.474 156.928 185.902 185.557 
207.84 214.376 186.629 208.431 144.695 161.053 191.374 190.299 206.056 211.188 182.714 203.851 140.658 156.757 185.932 185.751 
206.972 213.354 185.578 207.414 144.824 161.232 191.529 190.41 205.089 210.193 181.758 202.963 140.686 156.716 185.875 185.729 
205.93 212.27 184.61 206.459 144.856 161.048 191.467 190.437 203.973 208.988 180.432 201.646 140.817 156.509 185.883 185.916 
205.148 211.549 183.772 205.585 144.93 161.296 191.584 190.465 203.369 208.449 179.862 201.039 140.769 156.613 185.851 185.812 
204.329 210.589 182.803 204.683 144.991 161.102 191.587 190.593 202.524 207.428 178.947 200.163 140.899 156.521 185.832 185.898 
203.825 210.305 182.38 204.17 145.081 161.353 191.647 190.616 201.844 206.806 178.37 199.62 140.915 156.547 185.816 185.865 
203.383 209.775 181.906 203.703 145.067 161.316 191.654 190.643 201.545 206.576 178 199.259 140.883 156.638 185.895 185.91 
203.099 209.45 181.588 203.416 145.098 161.376 191.649 190.603 201.208 206.263 177.589 198.782 140.981 156.669 185.837 185.926 
202.849 209.2 181.314 203.139 145.112 161.235 191.674 190.725 201.063 206.043 177.375 198.583 140.923 156.559 185.88 185.939 
202.774 209.141 181.183 203.043 145.141 161.282 191.715 190.725 200.982 205.933 177.301 198.544 140.994 156.606 185.914 186.008 
202.758 209.164 181.181 203.004 145.161 161.378 191.727 190.723 200.975 205.909 177.252 198.509 140.894 156.556 185.923 185.926 
202.734 209.085 181.168 202.995 145.083 161.195 191.662 190.712 200.938 205.992 177.222 198.349 140.864 156.551 185.924 186.017 
202.708 209.044 181.167 203 145.152 161.19 191.68 190.736 200.976 205.926 177.266 198.512 140.988 156.627 185.935 186.041 
202.815 209.143 181.173 203.001 145.145 161.296 191.741 190.781 200.983 205.923 177.283 198.482 140.888 156.491 185.882 185.983 
201.823 208.328 180.495 202.248 145.269 161.408 191.8 190.864 199.97 205.014 176.476 197.658 140.951 156.648 185.906 185.924 
202.185 208.583 180.644 202.499 145.249 161.313 191.733 190.856 200.363 205.409 176.752 197.956 140.95 156.554 185.916 185.984 
203.104 209.549 181.572 203.378 145.054 161.273 191.694 190.667 201.395 206.415 177.616 198.764 140.922 156.377 185.932 186.12 
204.138 210.648 182.516 204.295 145.055 161.272 191.661 190.673 202.531 207.585 178.806 200.009 140.911 156.446 185.821 185.937 
205.288 211.697 183.618 205.414 144.909 161.06 191.495 190.511 203.492 208.446 179.671 200.898 140.831 156.188 185.851 186.111 
206.415 212.9 184.697 206.435 144.901 161.041 191.517 190.597 204.761 209.866 180.891 202.12 141.002 156.524 185.743 185.922 
207.611 214.072 185.924 207.724 144.854 160.928 191.394 190.414 206.072 211.075 182.218 203.432 140.874 156.057 185.674 186.011 
209.216 215.657 187.356 209.202 144.747 160.86 191.267 190.336 207.434 212.423 183.485 204.633 140.871 156.18 185.753 186.084 
210.629 217.121 188.925 210.589 144.694 160.754 191.178 190.297 208.936 213.919 184.983 206.216 140.821 156.139 185.681 185.976 
212.251 218.84 190.486 212.136 144.506 160.545 191.063 190.125 210.654 215.523 186.705 207.932 140.734 155.971 185.661 185.957 
213.865 220.391 192.155 213.848 144.359 160.342 190.943 190.076 212.21 217.255 188.426 209.544 140.765 156.056 185.624 185.898 
215.872 222.459 193.972 215.715 144.29 160.263 190.824 189.903 214.15 219.096 190.106 211.267 140.746 155.897 185.597 185.98 
217.643 224.122 195.688 217.433 144.222 160.228 190.657 189.797 216.174 221.023 192.122 213.328 140.733 155.833 185.506 185.924 
219.721 226.16 197.594 219.31 144.024 159.906 190.562 189.737 218.001 222.829 193.845 215.046 140.64 155.859 185.487 185.863 
221.569 228.028 199.486 221.217 143.881 159.824 190.464 189.605 219.901 224.75 195.805 217.025 140.586 155.666 185.502 185.924 
223.768 230.122 201.611 223.417 143.678 159.501 190.257 189.497 222.044 226.841 197.923 219.095 140.546 155.438 185.33 185.933 
225.791 232.233 203.808 225.533 143.667 159.491 190.06 189.215 224.284 229.089 200.027 221.178 140.581 155.575 185.413 185.836 
228.025 234.482 205.93 227.635 143.443 159.248 189.946 189.122 226.334 231.237 202.169 223.3 140.488 155.65 185.349 185.738 
230.097 236.616 208.118 229.744 143.308 159.009 189.766 189.007 228.679 233.49 204.524 225.647 140.463 155.376 185.223 185.656 
232.325 238.922 210.385 231.828 143.089 158.737 189.719 188.957 230.897 235.682 206.723 227.903 140.498 155.464 185.275 185.754 
234.784 241.218 212.715 234.307 142.915 158.551 189.45 188.684 233.315 237.984 209.109 230.302 140.381 155.16 185.165 185.694 
237.089 243.559 215.009 236.627 142.846 158.515 189.263 188.531 235.528 240.318 211.332 232.461 140.378 155.301 185.2 185.686 
239.294 245.763 217.266 238.853 142.731 158.367 189.11 188.419 237.696 242.484 213.607 234.711 140.244 155.243 185.123 185.508 
241.721 248.054 219.518 241.185 142.511 158.06 188.908 188.174 240.044 244.674 215.692 236.796 140.105 154.87 185.071 185.543 
243.963 250.332 221.823 243.46 142.362 158.187 188.841 188.002 242.294 247.042 218.131 239.262 140.113 155.215 185.048 185.409 
246.024 252.471 224.055 245.636 142.123 157.919 188.56 187.748 244.426 249.257 220.291 241.373 140.198 155.165 185.002 185.454 
248.286 254.851 226.332 247.819 142.013 157.71 188.442 187.644 246.714 251.486 222.474 243.558 140.163 155.009 184.963 185.488 
250.395 256.881 228.524 250.135 141.836 157.63 188.269 187.43 248.86 253.786 224.773 245.91 140.098 155.203 184.998 185.441 
252.542 259.028 230.598 252.167 141.632 157.467 188.208 187.378 250.991 255.853 226.951 248.044 140.102 155.052 184.954 185.422 
254.652 261.124 232.634 254.235 141.482 157.339 188.107 187.278 253.152 258.025 229.009 250.117 140.026 155.156 184.893 185.233 
256.695 263.144 234.732 256.36 141.336 157.147 187.906 187.122 255.21 260.04 231.137 252.301 139.941 155.215 184.889 185.176 
258.749 265.159 236.782 258.422 141.228 157.003 187.742 186.899 257.203 262.027 233.269 254.335 139.964 155.1 184.833 185.19 
260.523 266.876 238.691 260.36 141.02 157.044 187.622 186.715 258.959 263.889 235 256.085 139.935 155.297 184.847 185.072 
262.257 268.602 240.319 261.964 140.989 156.872 187.473 186.65 260.732 265.654 236.802 257.911 139.893 155.302 184.74 184.969 
263.867 270.324 242.038 263.699 141.124 157.019 187.375 186.526 262.242 267.284 238.394 259.372 139.845 155.334 184.75 184.976 
265.37 271.662 243.628 265.352 140.709 156.8 187.189 186.265 264.081 268.978 240.227 261.288 139.75 155.268 184.665 184.891 
267.113 273.549 245.297 266.874 140.582 156.737 187.117 186.137 265.557 270.47 241.696 262.752 139.848 155.274 184.77 184.97 
268.269 274.66 246.57 268.231 140.404 156.6 187.144 186.151 266.849 271.795 242.955 264.095 139.858 155.302 184.67 184.966 
269.585 275.995 247.939 269.628 140.455 156.568 186.974 185.953 268.036 273.005 244.294 265.336 139.722 155.435 184.74 184.801 
270.816 277.113 249.115 270.827 140.35 156.492 186.889 185.895 269.44 274.46 245.734 266.806 139.734 155.492 184.643 184.67 
271.981 278.239 250.284 272.013 140.274 156.251 186.771 185.936 270.405 275.296 246.598 267.668 139.746 155.14 184.607 184.809 
272.966 279.253 251.296 273.052 140.249 156.409 186.747 185.758 271.391 276.34 247.72 268.805 139.772 155.355 184.611 184.728 
273.812 280.145 252.165 273.854 140.157 156.253 186.693 185.752 272.301 277.231 248.463 269.555 139.692 155.284 184.623 184.808 
274.593 280.848 252.885 274.646 140.034 156.269 186.568 185.524 272.979 277.975 249.301 270.421 139.837 155.576 184.611 184.661 
274.955 281.276 253.386 275.086 140.089 156.264 186.575 185.53 273.394 278.284 249.751 270.842 139.717 155.368 184.584 184.653 
275.434 281.747 253.874 275.656 139.984 156.178 186.593 185.583 273.863 278.901 250.181 271.201 139.619 155.421 184.656 184.638 
275.835 281.984 254.274 276.049 139.935 156.042 186.449 185.479 274.24 279.241 250.614 271.712 139.651 155.433 184.57 184.595 
276.039 282.308 254.458 276.194 139.954 156.183 186.562 185.502 274.497 279.552 250.926 271.95 139.665 155.644 184.666 184.6 
