270.533 276.946 249.193 271.061 140.25 156.795 186.992 185.799 268.971 274.123 245.574 266.672 139.538 155.912 184.87 184.548 
271.029 277.432 249.665 271.542 140.206 156.694 186.972 185.808 269.466 274.644 246.039 267.139 139.477 155.865 184.884 184.591 
272.11 278.459 250.673 272.561 140.137 156.649 186.915 185.737 270.511 275.722 247.037 268.142 139.497 155.948 184.874 184.555 
272.983 279.348 251.62 273.468 140.032 156.557 186.834 185.638 271.456 276.631 247.975 269.044 139.432 155.855 184.828 184.514 
273.863 280.174 252.444 274.349 140.009 156.516 186.758 185.593 272.311 277.469 248.847 269.937 139.422 155.855 184.793 184.451 
274.548 280.935 253.202 275.049 139.954 156.518 186.707 185.513 272.999 278.134 249.531 270.647 139.491 155.845 184.77 184.469 
275.108 281.499 253.753 275.601 139.91 156.451 186.667 185.498 273.525 278.661 250.037 271.146 139.471 155.795 184.763 184.511 
275.509 281.843 254.122 276.012 139.872 156.423 186.638 185.448 273.887 279.044 250.404 271.506 139.406 155.813 184.781 184.467 
275.784 282.094 254.378 276.273 139.835 156.408 186.631 185.411 274.171 279.358 250.689 271.784 139.392 155.869 184.778 184.418 
275.87 282.188 254.487 276.373 139.822 156.347 186.611 185.409 274.275 279.465 250.839 271.932 139.401 155.875 184.752 184.39 
275.896 282.224 254.504 276.398 139.842 156.352 186.607 185.415 274.286 279.457 250.855 271.955 139.414 155.869 184.764 184.414 
275.853 282.184 254.481 276.375 139.855 156.341 186.608 185.431 274.245 279.427 250.822 271.926 139.392 155.864 184.771 184.409 
275.813 282.121 254.461 276.353 139.843 156.325 186.584 185.405 274.208 279.4 250.808 271.916 139.355 155.862 184.751 184.36 
275.796 282.109 254.417 276.287 139.851 156.366 186.608 185.416 274.172 279.329 250.745 271.875 139.358 155.833 184.757 184.37 
275.63 281.951 254.25 276.113 139.867 156.389 186.632 185.441 273.998 279.146 250.53 271.664 139.348 155.799 184.771 184.396 
275.278 281.601 253.912 275.778 139.892 156.387 186.64 185.47 273.645 278.767 250.186 271.323 139.388 155.799 184.739 184.405 
274.891 281.258 253.533 275.36 139.921 156.438 186.675 185.492 273.285 278.392 249.835 270.957 139.432 155.785 184.744 184.446 
274.433 280.76 253.047 274.906 139.941 156.494 186.731 185.516 272.812 277.938 249.377 270.478 139.446 155.828 184.767 184.421 
273.788 280.088 252.378 274.25 140.032 156.546 186.749 185.565 272.127 277.252 248.669 269.777 139.421 155.827 184.806 184.452 
272.825 279.138 251.492 273.351 140.068 156.625 186.797 185.596 271.1 276.229 247.671 268.776 139.405 155.848 184.82 184.463 
271.693 278.007 250.337 272.211 140.171 156.696 186.875 185.697 269.902 275.04 246.493 267.607 139.491 155.92 184.817 184.471 
270.121 276.482 248.839 270.652 140.244 156.845 186.974 185.78 268.429 273.56 245.035 266.152 139.473 155.897 184.854 184.524 
268.502 274.875 247.203 269.019 140.321 156.938 187.122 185.889 266.772 271.942 243.371 264.48 139.48 155.964 184.872 184.533 
266.95 273.306 245.616 267.435 140.441 157.014 187.225 186.002 265.176 270.325 241.775 262.864 139.461 155.956 184.887 184.53 
265.047 271.392 243.791 265.587 140.556 157.121 187.336 186.127 263.256 268.367 240.031 261.118 139.574 155.936 184.898 184.622 
263.037 269.358 241.797 263.634 140.713 157.272 187.456 186.255 261.278 266.378 237.925 259.059 139.607 156.009 184.966 184.633 
261.173 267.523 239.897 261.714 140.854 157.389 187.591 186.413 259.446 264.609 236.099 257.192 139.645 156.003 185.01 184.698 
259.251 265.55 237.99 259.816 141.019 157.502 187.698 186.57 257.489 262.647 234.176 255.28 139.685 156.044 185.005 184.715 
257.164 263.46 235.885 257.745 141.127 157.656 187.888 186.728 255.435 260.546 232.128 253.261 139.689 156.067 185.046 184.766 
255.034 261.384 233.806 255.582 141.215 157.785 188.054 186.857 253.332 258.499 230.104 251.175 139.734 156.163 185.111 184.797 
252.982 259.317 231.728 253.569 141.399 157.953 188.186 186.969 251.265 256.408 227.981 249.102 139.791 156.149 185.158 184.857 
250.869 257.248 229.662 251.494 141.582 158.109 188.297 187.101 249.122 254.28 225.909 247.024 139.794 156.184 185.166 184.847 
248.677 255.085 227.539 249.341 141.735 158.245 188.434 187.276 246.931 252.127 223.746 244.853 139.767 156.213 185.189 184.871 
246.53 252.93 225.356 247.228 141.855 158.402 188.61 187.409 244.674 249.897 221.521 242.607 139.832 156.331 185.247 184.899 
244.281 250.675 223.135 244.996 142.034 158.599 188.746 187.569 242.344 247.541 219.067 240.192 139.821 156.298 185.324 184.952 
241.976 248.384 220.798 242.661 142.221 158.78 188.896 187.724 240.116 245.338 216.848 237.973 139.937 156.463 185.371 184.982 
239.588 246.03 218.488 240.281 142.418 158.931 189.097 187.941 237.696 242.808 214.442 235.609 139.999 156.445 185.391 185.063 
237.22 243.599 216.053 237.867 142.557 159.113 189.307 188.111 235.274 240.446 212.002 233.152 140.018 156.414 185.422 185.096 
234.963 241.392 213.837 235.66 142.676 159.278 189.459 188.244 233.04 238.241 209.86 231.001 140.086 156.534 185.435 185.104 
232.789 239.218 211.66 233.51 142.822 159.409 189.595 188.427 230.878 236.048 207.637 228.812 140.05 156.576 185.479 185.101 
230.471 236.922 209.39 231.223 142.996 159.544 189.711 188.573 228.753 233.965 205.577 226.747 140.119 156.638 185.515 185.18 
228.332 234.75 207.184 229.053 143.129 159.731 189.874 188.685 226.427 231.687 203.194 224.373 140.123 156.667 185.576 185.181 
226.31 232.781 205.152 226.999 143.307 159.943 190.05 188.825 224.417 229.68 201.154 222.335 140.114 156.71 185.634 185.191 
224.276 230.742 203.124 224.957 143.472 159.998 190.185 189.02 222.483 227.713 199.208 220.379 140.123 156.677 185.669 185.295 
222.326 228.822 201.206 223.065 143.608 160.187 190.365 189.158 220.525 225.756 197.3 218.452 140.178 156.692 185.688 185.334 
220.506 227.039 199.373 221.225 143.724 160.359 190.52 189.302 218.686 223.912 195.36 216.52 140.201 156.77 185.733 185.336 
218.727 225.2 197.549 219.449 143.807 160.407 190.629 189.425 216.798 222.006 193.558 214.739 140.216 156.848 185.757 185.341 
216.93 223.403 195.752 217.649 143.906 160.499 190.769 189.57 215.029 220.198 191.695 212.926 140.266 156.794 185.787 185.41 
215.344 221.771 194.089 216.043 144.013 160.638 190.912 189.698 213.497 218.688 190.125 211.343 140.3 156.761 185.827 185.463 
213.887 220.378 192.649 214.603 144.133 160.763 191.005 189.805 211.902 217.152 188.573 209.732 140.322 156.858 185.904 185.5 
212.369 218.878 191.204 213.136 144.259 160.945 191.117 189.874 210.45 215.704 187.069 208.267 140.394 156.895 185.965 185.566 
210.859 217.373 189.666 211.577 144.414 161.073 191.251 190.001 208.981 214.254 185.656 206.857 140.42 156.933 185.972 185.547 
209.505 216.008 188.258 210.214 144.513 161.173 191.346 190.106 207.565 212.812 184.202 205.409 140.435 156.949 186.01 185.567 
208.239 214.746 186.991 208.947 144.594 161.241 191.418 190.206 206.326 211.574 182.936 204.142 140.468 156.984 186.047 185.641 
207.087 213.546 185.813 207.799 144.672 161.285 191.496 190.298 205.214 210.518 181.851 203.037 140.507 157.077 186.043 185.604 
206.142 212.651 184.869 206.844 144.721 161.358 191.57 190.342 204.255 209.52 180.86 202.077 140.495 156.985 186.027 185.634 
205.45 211.942 184.163 206.134 144.771 161.408 191.604 190.386 203.552 208.827 180.137 201.39 140.526 157.085 186.072 185.64 
204.645 211.146 183.349 205.311 144.793 161.433 191.692 190.49 202.726 207.946 179.314 200.583 140.54 156.939 186.071 185.759 
204 210.521 182.692 204.672 144.859 161.564 191.779 190.544 202.124 207.342 178.745 199.992 140.571 156.979 186.044 185.726 
203.526 210.065 182.259 204.233 144.896 161.607 191.79 190.563 201.675 206.967 178.297 199.543 140.59 157.16 186.083 185.658 
203.13 209.67 181.873 203.871 144.882 161.568 191.821 190.581 201.318 206.579 177.922 199.159 140.54 157.113 186.109 185.698 
202.925 209.429 181.646 203.656 144.93 161.601 191.841 190.595 201.119 206.369 177.689 198.932 140.541 157.072 186.132 185.742 
202.828 209.337 181.53 203.507 144.963 161.66 191.819 190.549 200.994 206.268 177.527 198.77 140.567 157.098 186.138 185.741 
202.776 209.288 181.448 203.415 144.949 161.626 191.811 190.552 200.92 206.189 177.469 198.699 140.503 157.075 186.146 185.721 
202.742 209.264 181.404 203.386 144.968 161.586 191.82 190.597 200.886 206.143 177.439 198.662 140.482 157.034 186.143 185.733 
202.748 209.255 181.404 203.419 144.955 161.595 191.83 190.603 200.891 206.139 177.434 198.668 140.547 157.032 186.108 185.723 
202.758 209.242 181.413 203.435 144.952 161.615 191.876 190.662 200.873 206.129 177.41 198.63 140.561 157.05 186.13 185.751 
202.264 208.792 181.005 202.989 145.004 161.677 191.933 190.701 200.336 205.622 176.963 198.168 140.544 157.11 186.132 185.704 
202.184 208.696 180.885 202.914 145.001 161.636 191.924 190.716 200.371 205.662 176.939 198.204 140.568 157.071 186.141 185.749 
202.885 209.426 181.62 203.65 144.961 161.551 191.828 190.67 201.146 206.442 177.74 198.992 140.536 157.076 186.147 185.738 
203.836 210.374 182.548 204.556 144.908 161.534 191.752 190.544 202.093 207.387 178.694 199.917 140.562 157.098 186.128 185.709 
204.839 211.373 183.543 205.531 144.805 161.397 191.66 190.467 203.113 208.396 179.668 200.891 140.538 157.029 186.102 185.691 
206.026 212.588 184.702 206.669 144.757 161.408 191.577 190.369 204.245 209.492 180.78 202.028 140.564 157.017 186.084 185.716 
207.18 213.777 185.874 207.821 144.673 161.359 191.52 190.273 205.434 210.719 181.979 203.239 140.553 156.993 186.043 185.69 
208.515 215.068 187.19 209.178 144.59 161.274 191.432 190.19 206.712 211.992 183.241 204.548 140.457 156.961 186.037 185.657 
209.89 216.428 188.555 210.55 144.506 161.125 191.346 190.155 208.121 213.364 184.673 205.953 140.485 156.893 186 185.664 
211.354 217.89 189.966 211.976 144.412 160.968 191.264 190.098 209.633 214.888 186.183 207.455 140.508 156.874 185.949 185.619 
212.932 219.493 191.576 213.583 144.312 160.897 191.157 189.966 211.192 216.447 187.742 209.004 140.41 156.783 185.906 185.58 
214.586 221.165 193.244 215.234 144.201 160.828 191.022 189.825 212.829 218.109 189.347 210.609 140.344 156.787 185.898 185.533 
216.239 222.802 194.898 216.857 144.082 160.771 190.871 189.663 214.582 219.817 191.082 212.364 140.296 156.795 185.9 185.502 
218.058 224.584 196.612 218.597 143.912 160.544 190.742 189.559 216.373 221.586 192.867 214.142 140.269 156.718 185.855 185.497 
219.858 226.369 198.447 220.404 143.791 160.348 190.577 189.415 218.165 223.414 194.696 215.951 140.322 156.775 185.781 185.45 
221.643 228.146 200.171 222.157 143.668 160.178 190.487 189.314 219.953 225.212 196.513 217.707 140.291 156.694 185.753 185.449 
223.633 230.163 202.208 224.19 143.584 160.027 190.36 189.237 221.965 227.217 198.444 219.658 140.297 156.621 185.738 185.459 
225.638 232.188 204.236 226.187 143.384 159.879 190.207 189.065 224.027 229.213 200.453 221.725 140.202 156.56 185.711 185.405 
227.748 234.256 206.293 228.269 143.237 159.749 190.054 188.861 226.011 231.255 202.493 223.702 140.232 156.615 185.672 185.387 
229.768 236.236 208.335 230.321 143.086 159.611 189.895 188.679 228.104 233.317 204.515 225.767 140.203 156.537 185.647 185.358 
231.892 238.318 210.443 232.472 142.93 159.444 189.713 188.527 230.346 235.526 206.796 228.029 140.091 156.429 185.61 185.302 
234.172 240.645 212.709 234.711 142.864 159.372 189.566 188.422 232.462 237.666 208.93 230.131 140.002 156.318 185.535 185.269 
236.355 242.806 214.921 236.909 142.635 159.204 189.421 188.237 234.634 239.84 211.135 232.344 139.944 156.288 185.456 185.193 
238.395 244.821 216.979 238.941 142.511 159.008 189.247 188.113 236.833 242.028 213.307 234.535 139.909 156.27 185.451 185.172 
240.526 247.003 219.053 240.988 142.343 158.825 189.149 187.986 238.987 244.202 215.511 236.724 139.865 156.343 185.445 185.074 
242.814 249.227 221.374 243.356 142.185 158.678 188.937 187.788 241.26 246.468 217.698 238.939 139.83 156.264 185.417 185.049 
245.054 251.5 223.597 245.545 142.027 158.505 188.77 187.619 243.569 248.718 220.058 241.273 139.897 156.205 185.346 185.071 
247.289 253.716 225.86 247.766 141.85 158.305 188.61 187.467 245.684 250.792 222.133 243.374 139.854 156.099 185.301 185.062 
249.562 255.943 228.068 250.058 141.733 158.158 188.474 187.341 247.944 253.097 224.349 245.586 139.832 156.142 185.27 184.982 
251.765 258.199 230.35 252.29 141.599 158.103 188.324 187.151 250.157 255.326 226.62 247.792 139.791 156.144 185.226 184.949 
253.866 260.302 232.376 254.327 141.522 158.001 188.172 187.02 252.217 257.404 228.733 249.881 139.756 156.086 185.188 184.903 
255.863 262.307 234.435 256.353 141.335 157.821 188.02 186.886 254.299 259.437 230.74 251.945 139.758 156.119 185.157 184.874 
257.562 263.948 236.146 258.092 141.206 157.625 187.905 186.788 255.985 261.175 232.496 253.652 139.709 156.123 185.122 184.801 
259.177 265.501 237.742 259.695 141.071 157.402 187.76 186.671 257.587 262.793 234.146 255.279 139.649 156.071 185.088 184.746 
260.818 267.177 239.435 261.357 140.949 157.382 187.639 186.512 259.183 264.394 235.758 256.864 139.626 156.054 185.056 184.717 
262.424 268.798 240.992 262.911 140.848 157.359 187.556 186.39 260.79 266.005 237.295 258.399 139.65 156.07 185.039 184.734 
263.995 270.339 242.537 264.484 140.734 157.238 187.464 186.303 262.477 267.684 238.965 260.101 139.64 156.001 185.018 184.744 
265.572 271.955 244.115 266.036 140.602 157.065 187.343 186.219 264.09 269.289 240.606 261.735 139.586 156.01 184.996 184.669 
267.052 273.456 245.628 267.502 140.473 156.991 187.258 186.074 265.468 270.629 241.993 263.113 139.49 155.916 184.946 184.615 
268.378 274.75 246.938 268.814 140.43 157.022 187.18 185.974 266.826 272.028 243.378 264.479 139.529 155.999 184.912 184.557 
269.57 275.942 248.119 269.987 140.347 156.881 187.108 185.92 268.021 273.222 244.561 265.676 139.489 155.89 184.876 184.555 
270.753 277.139 249.335 271.192 140.292 156.789 187.017 185.848 269.129 274.313 245.655 266.774 139.441 155.791 184.856 184.574 
271.8 278.143 250.383 272.274 140.204 156.704 186.928 185.769 270.246 275.417 246.771 267.904 139.473 155.85 184.836 184.524 
272.774 279.115 251.351 273.243 140.142 156.636 186.864 185.696 271.181 276.336 247.719 268.827 139.454 155.779 184.796 184.502 
273.606 279.942 252.199 274.103 140.068 156.567 186.782 185.614 271.974 277.151 248.493 269.585 139.407 155.791 184.807 184.517 
274.298 280.673 252.905 274.757 140.02 156.534 186.747 185.574 272.712 277.879 249.236 270.353 139.478 155.877 184.781 184.467 
274.834 281.188 253.443 275.29 139.966 156.478 186.713 185.546 273.251 278.422 249.778 270.87 139.407 155.801 184.757 184.441 
275.253 281.602 253.868 275.726 139.939 156.383 186.669 185.522 273.672 278.821 250.209 271.299 139.324 155.728 184.757 184.46 
275.604 281.919 254.195 276.074 139.911 156.396 186.629 185.449 273.978 279.116 250.491 271.601 139.371 155.747 184.744 184.45 
275.838 282.166 254.442 276.318 139.888 156.42 186.617 185.425 274.206 279.362 250.717 271.812 139.402 155.8 184.755 184.422 
275.905 282.214 254.529 276.409 139.889 156.373 186.615 185.462 274.268 279.454 250.832 271.906 139.408 155.797 184.764 184.429 
275.913 282.203 254.525 276.413 139.892 156.375 186.625 185.456 274.281 279.455 250.836 271.932 139.447 155.792 184.754 184.461 
275.868 282.204 254.493 276.363 139.889 156.386 186.619 185.426 274.268 279.421 250.81 271.916 139.413 155.806 184.74 184.424 
275.822 282.151 254.467 276.33 139.867 156.323 186.61 185.448 274.226 279.391 250.791 271.874 139.344 155.795 184.719 184.357 
275.792 282.107 254.412 276.268 139.837 156.284 186.612 185.462 274.179 279.359 250.753 271.842 139.352 155.783 184.739 184.383 
275.63 281.935 254.248 276.11 139.833 156.329 186.636 185.472 274.008 279.149 250.553 271.676 139.363 155.78 184.743 184.412 
275.286 281.572 253.886 275.768 139.898 156.407 186.668 185.489 273.641 278.761 250.159 271.259 139.379 155.785 184.755 184.435 
274.878 281.217 253.471 275.31 139.952 156.49 186.717 185.498 273.262 278.382 249.783 270.88 139.406 155.759 184.742 184.438 
274.434 280.758 253.017 274.857 140.015 156.531 186.737 185.532 272.794 277.93 249.344 270.439 139.451 155.793 184.714 184.417 
273.855 280.163 252.418 274.273 140.075 156.557 186.762 185.596 272.193 277.318 248.708 269.812 139.438 155.852 184.755 184.423 
272.943 279.261 251.557 273.399 140.1 156.672 186.826 185.623 271.289 276.375 247.797 268.904 139.404 155.872 184.772 184.408 
271.789 278.13 250.449 272.255 140.195 156.807 186.887 185.681 270.1 275.214 246.66 267.775 139.458 155.916 184.799 184.442 
270.374 276.738 249.074 270.869 140.262 156.783 186.977 185.825 268.63 273.765 245.22 266.324 139.403 155.878 184.827 184.484 
268.84 275.216 247.579 269.35 140.36 156.851 187.106 185.925 267.122 272.237 243.676 264.778 139.528 155.894 184.844 184.563 
267.202 273.576 245.916 267.718 140.52 157.046 187.222 186.044 265.48 270.585 242.071 263.164 139.576 155.826 184.853 184.618 
265.493 271.802 244.207 266.036 140.664 157.182 187.343 186.185 263.761 268.844 240.339 261.46 139.625 155.94 184.909 184.64 
263.665 269.992 242.357 264.183 140.788 157.303 187.463 186.28 261.966 267.099 238.522 259.616 139.612 156.1 184.972 184.599 
262.008 268.335 240.671 262.517 140.899 157.382 187.546 186.379 260.288 265.415 236.813 257.911 139.609 156.067 185.006 184.615 
260.066 266.375 238.821 260.635 140.985 157.452 187.66 186.518 258.335 263.482 235.029 256.106 139.66 156.012 184.994 184.703 
257.96 264.346 236.726 258.488 141.136 157.594 187.831 186.713 256.102 261.213 232.744 253.831 139.743 156.027 185.047 184.807 
255.847 262.218 234.638 256.417 141.316 157.722 187.975 186.913 254.046 259.169 230.64 251.755 139.809 156.168 185.118 184.806 
253.675 260.055 232.451 254.24 141.469 157.897 188.134 187.053 251.907 257.015 228.535 249.651 139.866 156.177 185.133 184.862 
251.473 257.803 230.228 252.014 141.668 158.075 188.291 187.191 249.644 254.726 226.22 247.379 139.873 156.165 185.167 184.906 
249.122 255.431 227.922 249.705 141.754 158.226 188.428 187.312 247.378 252.493 224.072 245.218 139.968 156.205 185.159 184.93 
246.984 253.313 225.701 247.58 141.878 158.333 188.604 187.45 245.197 250.34 221.851 242.976 139.839 156.176 185.228 184.925 
244.974 251.27 223.767 245.638 142.007 158.496 188.703 187.538 243.155 248.333 219.933 241.048 139.86 156.295 185.267 184.918 
242.613 248.96 221.437 243.286 142.223 158.656 188.859 187.76 240.874 246.068 217.727 238.843 139.949 156.423 185.297 184.949 
240.268 246.663 219.156 240.954 142.322 158.844 189.056 187.927 238.404 243.598 215.184 236.318 139.985 156.481 185.379 185.031 
238.028 244.366 216.804 238.675 142.497 159.064 189.274 188.101 236.055 241.245 212.7 233.825 140.015 156.404 185.438 185.121 
235.603 241.958 214.367 236.209 142.703 159.239 189.449 188.317 233.842 238.968 210.549 231.687 140.105 156.459 185.42 185.14 
233.211 239.602 211.99 233.826 142.873 159.42 189.593 188.436 231.39 236.574 208.103 229.224 140.117 156.468 185.462 185.183 
230.925 237.322 209.803 231.62 143.014 159.558 189.7 188.528 229.103 234.286 205.893 227.065 140.14 156.513 185.483 185.215 
228.787 235.185 207.583 229.442 143.103 159.646 189.835 188.648 226.923 232.097 203.709 224.864 140.081 156.515 185.542 185.235 
226.875 233.332 205.656 227.509 143.262 159.837 190.036 188.833 225.024 230.201 201.783 222.918 140.147 156.566 185.599 185.262 
224.934 231.424 203.77 225.606 143.42 159.98 190.233 189.037 222.966 228.15 199.771 220.938 140.199 156.599 185.628 185.324 
222.947 229.443 201.78 223.63 143.568 160.156 190.394 189.191 221.036 226.238 197.765 218.945 140.177 156.656 185.681 185.342 
220.978 227.478 199.833 221.698 143.737 160.308 190.53 189.348 219.162 224.365 195.892 217.064 140.242 156.685 185.717 185.387 
219.17 225.663 197.949 219.867 143.87 160.423 190.655 189.498 217.22 222.416 193.998 215.2 140.275 156.728 185.727 185.393 
217.333 223.775 196.132 218.071 143.972 160.551 190.746 189.595 215.411 220.628 192.085 213.276 140.323 156.731 185.779 185.446 
215.657 222.087 194.362 216.326 144.065 160.66 190.89 189.712 213.779 219.004 190.423 211.62 140.332 156.789 185.845 185.469 
214.115 220.566 192.829 214.764 144.166 160.733 191.012 189.851 212.164 217.369 188.815 210.037 140.323 156.824 185.897 185.508 
212.636 219.128 191.425 213.345 144.262 160.875 191.106 189.905 210.74 215.935 187.32 208.551 140.398 156.838 185.926 185.547 
211.167 217.648 189.921 211.831 144.376 161.008 191.23 190.011 209.169 214.348 185.842 207.044 140.453 156.883 185.929 185.56 
209.68 216.157 188.345 210.296 144.551 161.17 191.346 190.152 207.69 212.907 184.295 205.528 140.446 156.944 185.993 185.592 
208.278 214.766 186.984 208.905 144.595 161.183 191.419 190.228 206.409 211.644 183.017 204.268 140.419 156.908 186.003 185.623 
207.179 213.665 185.872 207.847 144.69 161.305 191.514 190.308 205.245 210.505 181.888 203.103 140.494 157.002 186.016 185.619 
206.17 212.68 184.869 206.856 144.777 161.384 191.601 190.4 204.236 209.454 180.826 202.053 140.498 156.902 186.02 185.683 
205.389 211.879 184.072 206.059 144.822 161.442 191.634 190.423 203.51 208.754 180.099 201.349 140.521 157.046 186.031 185.627 
204.64 211.099 183.301 205.305 144.859 161.413 191.697 190.519 202.778 208.004 179.337 200.566 140.54 156.958 186.03 185.667 
204.04 210.497 182.715 204.731 144.876 161.479 191.751 190.537 202.146 207.391 178.744 199.956 140.576 157.027 186.065 185.685 
203.585 210.066 182.295 204.275 144.896 161.522 191.736 190.539 201.698 207.003 178.336 199.563 140.575 157.187 186.111 185.633 
203.191 209.671 181.931 203.928 144.973 161.567 191.745 190.536 201.352 206.618 177.98 199.213 140.554 157.124 186.097 185.663 
202.961 209.434 181.682 203.696 145.001 161.588 191.798 190.584 201.143 206.381 177.699 198.945 140.564 157.072 186.121 185.756 
202.847 209.334 181.531 203.532 144.979 161.618 191.849 190.647 201.003 206.245 177.523 198.763 140.6 157.077 186.131 185.768 
202.778 209.245 181.449 203.462 144.955 161.578 191.845 190.655 200.93 206.189 177.45 198.677 140.604 157.113 186.145 185.759 
202.729 209.206 181.397 203.397 144.945 161.524 191.858 190.68 200.902 206.182 177.408 198.618 140.568 157.108 186.145 185.76 
202.739 209.212 181.368 203.378 144.983 161.548 191.884 190.706 200.871 206.181 177.397 198.589 140.586 157.086 186.128 185.782 
202.68 209.136 181.31 203.327 145.015 161.581 191.862 190.712 200.787 206.072 177.339 198.544 140.619 157.1 186.165 185.812 
202.196 208.697 180.911 202.909 145.015 161.69 191.921 190.726 200.268 205.535 176.928 198.152 140.618 157.104 186.166 185.768 
202.193 208.69 180.865 202.865 144.968 161.634 191.929 190.705 200.34 205.623 176.904 198.175 140.643 157.099 186.162 185.8 
202.875 209.391 181.578 203.587 144.927 161.514 191.856 190.657 201.074 206.36 177.665 198.933 140.611 157.017 186.135 185.825 
203.837 210.364 182.521 204.538 144.917 161.545 191.767 190.545 202.025 207.277 178.631 199.899 140.6 157.016 186.104 185.779 
204.743 211.293 183.446 205.418 144.836 161.462 191.702 190.477 202.951 208.146 179.5 200.781 140.523 156.882 186.066 185.747 
205.877 212.401 184.55 206.548 144.754 161.406 191.65 190.42 204.083 209.326 180.635 201.896 140.526 156.967 186.087 185.741 
207.086 213.616 185.772 207.735 144.629 161.265 191.544 190.338 205.281 210.559 181.887 203.128 140.501 156.952 186.062 185.69 
208.506 215.027 187.115 209.079 144.575 161.218 191.436 190.194 206.649 211.932 183.243 204.494 140.464 156.874 186.044 185.695 
209.928 216.448 188.565 210.543 144.497 161.131 191.353 190.11 208.154 213.409 184.692 205.96 140.506 156.918 186.013 185.667 
211.472 218.028 190.081 212.072 144.407 160.986 191.268 190.102 209.748 215.018 186.242 207.514 140.551 156.932 185.984 185.668 
213.03 219.56 191.669 213.681 144.323 160.927 191.152 189.975 211.357 216.619 187.911 209.153 140.435 156.845 185.94 185.583 
214.727 221.275 193.332 215.328 144.21 160.814 191.051 189.845 213.115 218.372 189.674 210.915 140.368 156.741 185.887 185.572 
216.616 223.171 195.24 217.203 144.013 160.592 190.855 189.671 214.978 220.247 191.514 212.779 140.398 156.779 185.877 185.568 
218.527 225.056 197.132 219.104 143.899 160.476 190.697 189.533 216.778 222.058 193.312 214.555 140.332 156.762 185.857 185.523 
220.4 226.924 198.977 220.934 143.811 160.365 190.594 189.431 218.742 223.989 195.254 216.495 140.25 156.651 185.813 185.483 
222.425 228.968 200.907 222.866 143.67 160.183 190.473 189.311 220.77 226.04 197.293 218.552 140.246 156.626 185.752 185.455 
224.598 231.213 203.211 225.124 143.504 160.07 190.333 189.115 222.889 228.094 199.421 220.679 140.156 156.511 185.698 185.397 
226.766 233.301 205.343 227.296 143.361 159.895 190.167 188.983 225.063 230.328 201.625 222.872 140.165 156.624 185.678 185.318 
228.852 235.388 207.501 229.459 143.215 159.702 189.959 188.816 227.292 232.479 203.803 225.045 140.111 156.444 185.624 185.327 
231.121 237.61 209.666 231.669 143.009 159.517 189.856 188.66 229.626 234.784 206.059 227.345 140.146 156.422 185.589 185.336 
233.419 239.831 211.932 233.929 142.828 159.308 189.69 188.502 231.785 237.001 208.264 229.487 140.137 156.465 185.558 185.264 
235.572 242.033 214.101 236.086 142.714 159.171 189.506 188.339 233.936 239.125 210.428 231.665 140.104 156.378 185.508 185.242 
237.772 244.26 216.311 238.279 142.622 159.086 189.359 188.207 236.208 241.366 212.634 233.853 140.002 156.306 185.474 185.185 
240.084 246.567 218.603 240.568 142.471 158.94 189.15 187.992 238.556 243.749 214.966 236.173 139.967 156.333 185.448 185.158 
242.439 248.898 220.998 242.925 142.217 158.625 188.928 187.826 240.778 245.993 217.22 238.38 139.899 156.259 185.411 185.125 
244.741 251.215 223.356 245.281 142.108 158.537 188.777 187.652 243.158 248.352 219.671 240.893 139.794 156.211 185.361 184.985 
247.032 253.467 225.585 247.566 141.925 158.412 188.665 187.482 245.481 250.671 222.058 243.232 139.862 156.215 185.301 184.964 
249.25 255.667 227.787 249.764 141.767 158.202 188.516 187.36 247.705 252.899 224.219 245.408 139.848 156.192 185.291 184.949 
251.456 257.898 229.994 251.958 141.619 158.079 188.37 187.22 250.061 255.214 226.514 247.73 139.837 156.165 185.266 184.941 
253.711 260.172 232.231 254.155 141.477 157.882 188.229 187.132 252.289 257.447 228.722 249.909 139.813 156.096 185.209 184.939 
255.983 262.352 234.487 256.461 141.338 157.696 188.044 186.97 254.41 259.568 230.824 252.007 139.733 156.047 185.183 184.924 
257.931 264.296 236.505 258.475 141.171 157.591 187.881 186.775 256.404 261.566 232.92 254.081 139.688 156.036 185.132 184.852 
259.824 266.205 238.412 260.345 141.015 157.503 187.747 186.615 258.438 263.564 234.888 256.071 139.698 155.983 185.077 184.839 
261.718 268.134 240.269 262.143 140.866 157.367 187.637 186.479 260.314 265.471 236.821 257.964 139.616 155.976 185.06 184.761 
263.431 269.874 242.023 263.903 140.736 157.244 187.522 186.342 261.963 267.177 238.516 259.615 139.572 156.039 185.013 184.657 
265.154 271.561 243.764 265.64 140.671 157.15 187.389 186.241 263.569 268.739 240.121 261.25 139.575 155.93 184.935 184.652 
266.696 273.063 245.293 267.187 140.598 157.048 187.273 186.144 265.163 270.357 241.722 262.823 139.52 155.931 184.945 184.634 
268.138 274.529 246.694 268.573 140.497 156.978 187.188 186.064 266.615 271.821 243.133 264.265 139.573 156.027 184.944 184.624 
269.515 275.865 248.101 269.988 140.394 156.85 187.098 185.966 267.934 273.116 244.469 265.591 139.554 155.913 184.891 184.619 
270.768 277.123 249.355 271.236 140.32 156.75 187.018 185.879 269.188 274.321 245.694 266.819 139.494 155.82 184.842 184.565 
271.875 278.207 250.41 272.323 140.205 156.675 186.941 185.78 270.303 275.464 246.805 267.925 139.438 155.759 184.849 184.568 
272.792 279.184 251.378 273.25 140.101 156.632 186.872 185.692 271.221 276.38 247.745 268.842 139.447 155.75 184.832 184.567 
273.609 279.958 252.204 274.092 140.07 156.568 186.795 185.635 272.081 277.205 248.592 269.726 139.45 155.776 184.792 184.51 
274.296 280.645 252.897 274.758 140.021 156.494 186.742 185.599 272.761 277.907 249.324 270.433 139.442 155.814 184.779 184.466 
274.831 281.229 253.463 275.27 139.917 156.456 186.712 185.546 273.27 278.435 249.812 270.888 139.416 155.805 184.793 184.48 
275.285 281.69 253.907 275.719 139.909 156.434 186.699 185.535 273.719 278.875 250.232 271.328 139.423 155.827 184.811 184.477 
275.645 281.994 254.219 276.08 139.873 156.384 186.657 185.48 274.042 279.19 250.556 271.672 139.449 155.88 184.8 184.452 
275.859 282.198 254.454 276.331 139.883 156.388 186.639 185.465 274.221 279.393 250.798 271.911 139.419 155.889 184.765 184.386 
275.911 282.253 254.529 276.4 139.91 156.4 186.662 185.497 274.274 279.44 250.841 271.965 139.397 155.84 184.761 184.393 
275.907 282.257 254.508 276.353 139.9 156.389 186.654 185.502 274.286 279.41 250.823 271.948 139.395 155.781 184.745 184.425 
275.879 282.219 254.485 276.338 139.906 156.391 186.644 185.492 274.242 279.395 250.803 271.915 139.402 155.772 184.706 184.387 
275.849 282.158 254.459 276.338 139.885 156.373 186.621 185.463 274.212 279.382 250.782 271.893 139.365 155.803 184.717 184.369 
275.785 282.096 254.386 276.249 139.863 156.353 186.616 185.438 274.159 279.333 250.717 271.821 139.352 155.813 184.73 184.378 
275.585 281.913 254.21 276.065 139.869 156.359 186.64 185.461 273.975 279.142 250.508 271.607 139.383 155.812 184.743 184.406 
275.26 281.602 253.897 275.751 139.904 156.396 186.664 185.509 273.639 278.776 250.191 271.294 139.414 155.814 184.775 184.442 
274.936 281.304 253.545 275.363 139.95 156.45 186.701 185.545 273.286 278.399 249.826 270.932 139.427 155.787 184.756 184.449 
274.48 280.852 253.112 274.924 139.954 156.51 186.767 185.573 272.823 277.942 249.342 270.455 139.511 155.867 184.739 184.432 
273.849 280.194 252.463 274.3 140.017 156.553 186.785 185.592 272.19 277.312 248.696 269.806 139.522 155.938 184.789 184.447 
272.927 279.266 251.512 273.324 140.106 156.617 186.859 185.684 271.197 276.3 247.729 268.823 139.47 155.846 184.806 184.489 
271.791 278.126 250.407 272.217 140.214 156.722 186.939 185.786 270.055 275.161 246.588 267.704 139.496 155.864 184.816 184.49 
270.345 276.692 249.041 270.858 140.257 156.772 187.013 185.846 268.678 273.832 245.303 266.387 139.436 155.93 184.857 184.491 
268.861 275.226 247.574 269.389 140.331 156.97 187.126 185.855 267.211 272.313 243.765 264.871 139.524 155.898 184.853 184.559 
267.43 273.787 246.1 267.93 140.496 157.043 187.228 186.009 265.759 270.864 242.331 263.443 139.56 155.919 184.874 184.576 
265.847 272.192 244.534 266.352 140.614 157.162 187.323 186.125 264.137 269.262 240.762 261.877 139.587 156.031 184.943 184.594 
263.96 270.346 242.704 264.482 140.74 157.28 187.419 186.256 262.132 267.311 238.835 259.927 139.658 156.073 184.97 184.666 
262.115 268.477 240.836 262.647 140.89 157.346 187.547 186.416 260.326 265.473 236.909 258.02 139.649 156.046 184.99 184.665 
260.083 266.511 238.921 260.674 140.984 157.51 187.674 186.515 258.393 263.561 235.07 256.169 139.649 156.129 185.052 184.683 
258.015 264.395 236.769 258.556 141.135 157.628 187.837 186.718 256.116 261.288 232.853 253.934 139.708 156.126 185.105 184.796 
255.862 262.193 234.623 256.398 141.313 157.788 188.015 186.911 253.945 259.088 230.595 251.719 139.736 156.158 185.156 184.856 
253.705 260.093 232.476 254.291 141.474 158 188.181 187.029 251.843 256.964 228.483 249.607 139.775 156.221 185.159 184.845 
251.521 257.908 230.387 252.174 141.559 158.126 188.274 187.122 249.696 254.834 226.314 247.437 139.844 156.229 185.218 184.896 
249.352 255.727 228.149 249.95 141.76 158.27 188.44 187.298 247.571 252.706 224.252 245.343 139.884 156.2 185.235 184.97 
247.243 253.611 225.98 247.81 141.904 158.377 188.603 187.467 245.435 250.555 222.081 243.209 139.868 156.23 185.255 184.95 
245.242 251.632 223.998 245.826 142.002 158.521 188.722 187.541 243.434 248.571 220.109 241.243 139.881 156.283 185.289 184.961 
243.182 249.519 221.979 243.832 142.14 158.656 188.853 187.685 241.257 246.405 218.036 239.187 139.99 156.351 185.307 185.029 
240.85 247.245 219.66 241.502 142.37 158.887 189.021 187.896 238.83 244.033 215.678 236.788 139.997 156.504 185.358 185.011 
238.417 244.84 217.265 239.076 142.48 159.099 189.211 188.025 236.497 241.698 213.194 234.325 139.955 156.488 185.421 185.056 
236.162 242.6 214.993 236.796 142.633 159.272 189.388 188.174 234.341 239.54 211.123 232.259 139.989 156.52 185.487 185.125 
233.957 240.364 212.763 234.627 142.8 159.363 189.538 188.366 232.16 237.368 208.822 229.987 139.986 156.52 185.526 185.147 
231.76 238.149 210.574 232.454 142.936 159.507 189.689 188.512 229.959 235.147 206.671 227.822 140.083 156.566 185.528 185.198 
229.484 235.895 208.326 230.181 143.154 159.698 189.858 188.685 227.663 232.873 204.352 225.51 140.119 156.695 185.596 185.19 
227.403 233.801 206.191 228.098 143.294 159.828 190.064 188.89 225.534 230.766 202.201 223.377 140.143 156.647 185.631 185.241 
225.482 231.891 204.234 226.144 143.435 159.913 190.191 189.065 223.534 228.704 200.231 221.415 140.15 156.607 185.619 185.293 
223.495 229.903 202.295 224.201 143.595 160.118 190.321 189.172 221.561 226.768 198.255 219.398 140.198 156.637 185.656 185.335 
221.636 228.075 200.404 222.322 143.67 160.223 190.473 189.308 219.647 224.853 196.316 217.479 140.24 156.689 185.72 185.386 
219.738 226.18 198.505 220.394 143.78 160.362 190.589 189.427 217.644 222.882 194.319 215.465 140.199 156.775 185.796 185.402 
217.766 224.231 196.527 218.422 143.922 160.476 190.692 189.542 215.814 221.068 192.501 213.672 140.249 156.847 185.872 185.446 
216.125 222.601 194.898 216.822 144.025 160.645 190.817 189.625 214.211 219.435 190.841 212.045 140.317 156.81 185.886 185.498 
214.521 221.006 193.349 215.271 144.121 160.782 190.944 189.716 212.501 217.74 189.209 210.376 140.259 156.792 185.877 185.462 
212.977 219.466 191.76 213.676 144.256 160.894 191.085 189.877 211.041 216.282 187.679 208.885 140.382 156.922 185.914 185.493 
211.587 218.079 190.341 212.285 144.378 161.046 191.188 189.97 209.6 214.822 186.207 207.415 140.471 156.917 185.952 185.591 
210.04 216.498 188.824 210.788 144.498 161.093 191.283 190.107 208.065 213.318 184.712 205.91 140.45 156.978 185.985 185.563 
208.688 215.194 187.391 209.336 144.591 161.252 191.418 190.178 206.815 212.027 183.396 204.632 140.477 156.94 186.011 185.618 
207.598 214.125 186.279 208.217 144.643 161.34 191.483 190.209 205.729 210.948 182.343 203.577 140.492 156.985 186.023 185.619 
206.532 213.044 185.227 207.194 144.714 161.337 191.544 190.316 204.67 209.919 181.263 202.487 140.477 156.99 186.052 185.635 
205.676 212.161 184.366 206.354 144.823 161.425 191.627 190.418 203.811 209.059 180.398 201.622 140.504 156.999 186.058 185.643 
204.885 211.389 183.585 205.564 144.849 161.485 191.694 190.486 203.019 208.262 179.57 200.804 140.562 157.065 186.085 185.685 
204.279 210.815 182.964 204.945 144.871 161.545 191.739 190.518 202.395 207.611 178.958 200.203 140.577 157.054 186.092 185.733 
203.777 210.305 182.486 204.45 144.893 161.612 191.78 190.523 201.935 207.187 178.548 199.799 140.543 157.074 186.076 185.686 
203.379 209.873 182.074 204.065 144.927 161.626 191.792 190.534 201.474 206.783 178.108 199.351 140.559 157.16 186.106 185.662 
203.037 209.51 181.733 203.734 144.943 161.591 191.815 190.555 201.183 206.466 177.754 198.982 140.544 157.133 186.144 185.698 
202.861 209.335 181.518 203.527 144.96 161.578 191.839 190.601 201.02 206.288 177.564 198.796 140.538 157.105 186.14 185.707 
202.811 209.279 181.456 203.487 144.964 161.605 191.842 190.617 200.948 206.218 177.501 198.73 140.555 157.061 186.123 185.751 
202.791 209.249 181.421 203.455 144.946 161.587 191.864 190.646 200.921 206.214 177.473 198.687 140.55 157.046 186.142 185.782 
202.779 209.232 181.414 203.456 144.955 161.557 191.867 190.671 200.901 206.207 177.454 198.651 140.518 157.049 186.162 185.774 
202.78 209.263 181.428 203.445 144.952 161.584 191.876 190.675 200.912 206.214 177.44 198.636 140.548 157.068 186.184 185.791 
202.495 209.024 181.204 203.179 144.945 161.657 191.917 190.675 200.57 205.856 177.167 198.388 140.604 157.049 186.159 185.801 
202.168 208.688 180.903 202.905 144.977 161.67 191.922 190.696 200.316 205.559 176.91 198.157 140.639 157.03 186.138 185.794 
202.548 209.035 181.229 203.267 144.997 161.575 191.846 190.676 200.738 205.965 177.299 198.565 140.622 157.041 186.145 185.797 
203.4 209.9 182.078 204.102 144.931 161.51 191.796 190.607 201.621 206.877 178.198 199.493 140.571 157.086 186.125 185.745 
204.363 210.851 183.022 205.052 144.865 161.489 191.734 190.531 202.59 207.831 179.142 200.457 140.514 156.965 186.121 185.763 
205.466 211.988 184.109 206.119 144.752 161.423 191.643 190.404 203.724 209.009 180.296 201.567 140.566 157.03 186.106 185.736 
206.74 213.293 185.38 207.337 144.7 161.345 191.556 190.352 204.942 210.232 181.525 202.76 140.54 156.955 186.05 185.707 
208.158 214.694 186.782 208.789 144.646 161.266 191.47 190.278 206.318 211.602 182.901 204.112 140.48 156.889 186.037 185.715 
209.561 216.076 188.209 210.23 144.529 161.102 191.397 190.21 207.764 213.056 184.338 205.583 140.471 156.881 186.027 185.707 
210.994 217.51 189.627 211.63 144.435 161.031 191.31 190.11 209.226 214.491 185.812 207.07 140.435 156.84 186.004 185.647 
212.596 219.157 191.217 213.19 144.359 161.028 191.197 189.976 210.873 216.198 187.463 208.671 140.358 156.864 185.985 185.572 
214.315 220.871 192.94 214.906 144.204 160.778 191.056 189.859 212.627 217.918 189.14 210.347 140.36 156.852 185.928 185.542 
216.25 222.754 194.779 216.759 144.093 160.567 190.896 189.768 214.437 219.667 190.93 212.184 140.311 156.692 185.897 185.585 
218.133 224.641 196.688 218.645 143.968 160.451 190.721 189.585 216.486 221.698 192.943 214.196 140.25 156.647 185.865 185.547 
220.134 226.587 198.677 220.703 143.811 160.302 190.575 189.413 218.478 223.687 194.938 216.187 140.261 156.64 185.826 185.544 
222.15 228.62 200.758 222.742 143.666 160.173 190.407 189.25 220.491 225.724 196.968 218.191 140.239 156.583 185.747 185.487 
224.189 230.644 202.735 224.726 143.486 159.974 190.283 189.126 222.675 227.888 199.162 220.379 140.185 156.507 185.692 185.43 
226.38 232.859 204.926 226.919 143.376 159.824 190.134 188.99 224.762 230.002 201.32 222.508 140.097 156.503 185.677 185.349 
228.584 235.104 207.19 229.188 143.242 159.746 189.957 188.785 226.862 232.132 203.412 224.593 140.074 156.527 185.653 185.301 
230.668 237.213 209.274 231.23 143.064 159.555 189.798 188.636 229.075 234.355 205.628 226.827 139.996 156.509 185.603 185.23 
232.937 239.45 211.462 233.47 142.839 159.368 189.705 188.5 231.412 236.62 207.971 229.207 140.005 156.443 185.551 185.217 
235.263 241.709 213.806 235.826 142.714 159.209 189.529 188.368 233.619 238.788 210.105 231.389 140.043 156.398 185.512 185.221 
237.416 243.848 215.988 238.025 142.587 159.044 189.339 188.201 235.776 240.963 212.279 233.523 140.052 156.397 185.495 185.207 
239.555 246 218.105 240.115 142.428 158.911 189.215 188.046 237.961 243.133 214.419 235.658 139.964 156.394 185.466 185.131 
241.842 248.221 220.344 242.411 142.272 158.757 189.064 187.896 240.152 245.278 216.622 237.865 139.887 156.288 185.432 185.092 
244.196 250.549 222.744 244.805 142.085 158.545 188.846 187.724 242.482 247.674 218.927 240.149 139.866 156.268 185.38 185.058 
246.509 252.906 225.08 247.096 141.947 158.397 188.66 187.508 244.8 249.967 221.315 242.524 139.791 156.192 185.337 184.996 
248.6 254.99 227.233 249.217 141.839 158.298 188.509 187.372 247.038 252.341 223.573 244.743 139.867 156.325 185.303 184.956 
250.618 257.067 229.268 251.226 141.659 158.163 188.38 187.207 249.099 254.329 225.634 246.835 139.774 156.224 185.263 184.919 
252.776 259.207 231.409 253.379 141.489 158.035 188.251 187.045 251.1 256.305 227.69 248.887 139.716 156.115 185.206 184.88 
254.918 261.341 233.507 255.473 141.329 157.816 188.129 186.957 253.324 258.476 229.773 251.051 139.705 156.151 185.213 184.866 
256.948 263.301 235.534 257.526 141.119 157.629 187.954 186.773 255.339 260.579 231.866 253.014 139.642 156.178 185.191 184.795 
258.835 265.21 237.402 259.398 141.032 157.587 187.832 186.618 257.193 262.449 233.697 254.84 139.59 156.088 185.152 184.743 
260.701 267.095 239.282 261.223 140.932 157.522 187.69 186.472 259.069 264.293 235.623 256.754 139.597 156.069 185.091 184.725 
262.471 268.878 241.068 262.978 140.81 157.361 187.562 186.377 260.858 266.058 237.378 258.511 139.602 156.078 185.064 184.75 
264.036 270.394 242.634 264.551 140.719 157.249 187.446 186.26 262.512 267.713 239.05 260.18 139.57 156.066 185.047 184.695 
265.543 271.944 244.154 266.049 140.606 157.116 187.359 186.174 264.03 269.217 240.59 261.738 139.567 155.934 184.985 184.678 
266.937 273.306 245.551 267.439 140.497 156.987 187.262 186.087 265.351 270.5 241.913 263.044 139.529 155.823 184.906 184.644 
268.321 274.668 246.86 268.749 140.412 156.915 187.153 186.001 266.794 271.957 243.301 264.423 139.56 155.953 184.883 184.596 
269.604 275.981 248.153 270.007 140.3 156.79 187.075 185.92 268.079 273.184 244.577 265.711 139.596 155.833 184.857 184.616 
270.791 277.134 249.356 271.226 140.276 156.733 186.994 185.831 269.177 274.314 245.68 266.771 139.539 155.778 184.845 184.615 
271.843 278.171 250.388 272.258 140.199 156.611 186.881 185.752 270.238 275.356 246.699 267.813 139.561 155.785 184.839 184.615 
272.736 279.124 251.297 273.126 140.148 156.605 186.84 185.703 271.136 276.271 247.621 268.712 139.548 155.807 184.812 184.55 
273.523 279.865 252.107 273.982 140.097 156.524 186.767 185.645 271.97 277.118 248.474 269.576 139.509 155.869 184.816 184.514 
274.289 280.624 252.888 274.768 140.015 156.502 186.716 185.542 272.712 277.835 249.267 270.372 139.513 155.856 184.788 184.486 
274.991 281.355 253.606 275.453 139.937 156.442 186.679 185.514 273.39 278.567 249.95 271.028 139.393 155.788 184.795 184.466 
275.537 281.862 254.137 276.029 139.929 156.423 186.649 185.488 273.897 279.126 250.51 271.585 139.36 155.878 184.809 184.422 
275.804 282.13 254.427 276.342 139.912 156.426 186.626 185.422 274.161 279.376 250.745 271.823 139.384 155.878 184.8 184.44 
275.905 282.253 254.513 276.424 139.882 156.456 186.636 185.395 274.264 279.458 250.843 271.951 139.357 155.891 184.815 184.415 
275.912 282.253 254.546 276.43 139.854 156.408 186.645 185.431 274.275 279.483 250.855 271.968 139.406 155.906 184.835 184.429 
275.891 282.229 254.548 276.421 139.844 156.366 186.646 185.47 274.248 279.479 250.859 271.954 139.416 155.906 184.811 184.413 
275.862 282.207 254.505 276.387 139.831 156.399 186.654 185.452 274.215 279.446 250.843 271.935 139.363 155.948 184.788 184.349 
275.848 282.204 254.471 276.362 139.831 156.414 186.636 185.416 274.213 279.438 250.801 271.908 139.347 155.998 184.796 184.321 
275.749 282.1 254.38 276.265 139.854 156.453 186.63 185.412 274.111 279.309 250.685 271.794 139.349 155.948 184.781 184.348 
275.467 281.81 254.1 275.977 139.883 156.457 186.653 185.467 273.81 279.025 250.373 271.443 139.356 155.882 184.791 184.397 
275.106 281.462 253.752 275.626 139.936 156.449 186.669 185.511 273.453 278.645 250.034 271.1 139.396 155.852 184.791 184.42 
274.697 281.051 253.356 275.236 139.97 156.499 186.704 185.533 273.056 278.229 249.627 270.702 139.441 155.87 184.77 184.43 
274.195 280.526 252.804 274.694 139.993 156.563 186.767 185.542 272.523 277.704 249.076 270.146 139.465 155.942 184.78 184.415 
273.498 279.801 252.067 273.961 140.05 156.621 186.824 185.602 271.78 276.948 248.324 269.41 139.411 155.929 184.829 184.456 
272.464 278.785 251.113 272.974 140.065 156.657 186.871 185.629 270.778 275.953 247.388 268.477 139.396 155.928 184.804 184.41 
271.308 277.638 249.945 271.812 140.102 156.733 186.971 185.732 269.609 274.791 246.209 267.283 139.442 155.995 184.834 184.41 
269.884 276.261 248.582 270.386 140.259 156.898 187.042 185.83 268.227 273.358 244.816 265.896 139.468 156.048 184.882 184.453 
268.253 274.643 246.964 268.785 140.401 157.049 187.168 185.938 266.565 271.712 243.207 264.299 139.425 156.004 184.928 184.519 
266.666 273.016 245.371 267.232 140.476 157.07 187.291 186.075 264.965 270.12 241.602 262.691 139.487 156.009 184.942 184.551 
265.128 271.506 243.844 265.684 140.609 157.166 187.394 186.214 263.424 268.578 240.053 261.145 139.572 156.029 184.963 184.582 
263.244 269.605 242.009 263.833 140.754 157.273 187.475 186.362 261.522 266.624 238.215 259.342 139.623 156.079 184.999 184.659 
261.385 267.741 240.051 261.907 140.823 157.377 187.62 186.47 259.639 264.805 236.267 257.378 139.599 156.064 185.071 184.714 
259.475 265.853 238.268 260.078 140.991 157.603 187.729 186.546 257.733 262.882 234.438 255.528 139.669 156.123 185.072 184.719 
257.446 263.815 236.216 258.053 141.104 157.689 187.881 186.669 255.721 260.878 232.383 253.499 139.72 156.217 185.126 184.722 
255.496 261.837 234.257 256.111 141.257 157.809 188.007 186.83 253.762 258.922 230.448 251.593 139.702 156.301 185.165 184.736 
253.324 259.698 232.119 253.93 141.418 158.061 188.186 186.958 251.565 256.701 228.309 249.443 139.759 156.24 185.175 184.841 
251.139 257.507 229.951 251.816 141.593 158.209 188.341 187.122 249.331 254.534 226.064 247.213 139.788 156.28 185.223 184.846 
249.021 255.356 227.832 249.702 141.692 158.275 188.46 187.27 247.101 252.329 224.005 245.08 139.833 156.363 185.216 184.822 
246.717 253.121 225.579 247.418 141.834 158.44 188.588 187.385 244.729 249.97 221.637 242.72 139.8 156.437 185.279 184.85 
244.321 250.728 223.183 245.014 142.017 158.651 188.762 187.559 242.386 247.591 219.127 240.292 139.795 156.397 185.349 184.941 
241.899 248.3 220.764 242.621 142.199 158.818 188.946 187.767 240.095 245.328 216.92 238.057 139.94 156.487 185.37 185.014 
239.456 245.858 218.296 240.115 142.384 158.923 189.116 187.994 237.673 242.805 214.348 235.553 140.05 156.561 185.425 185.093 
237.061 243.449 215.939 237.781 142.513 159.105 189.287 188.117 235.033 240.262 211.911 233.05 140.047 156.571 185.465 185.082 
234.709 241.166 213.596 235.443 142.672 159.313 189.475 188.254 232.804 238.006 209.605 230.787 139.94 156.61 185.478 184.978 
232.504 238.976 211.383 233.228 142.871 159.461 189.608 188.426 230.711 235.938 207.544 228.743 139.982 156.69 185.503 185.012 
230.224 236.661 209.128 230.982 142.973 159.601 189.773 188.58 228.414 233.709 205.339 226.488 140.088 156.757 185.55 185.121 
228.044 234.475 206.917 228.779 143.113 159.76 189.935 188.731 226.101 231.362 202.872 224.04 140.06 156.718 185.647 185.228 
225.986 232.428 204.886 226.797 143.322 159.957 190.045 188.826 224.061 229.282 200.792 221.967 140.068 156.761 185.686 185.246 
223.871 230.303 202.714 224.639 143.443 160.09 190.264 189.031 222.013 227.307 198.788 219.901 140.112 156.765 185.714 185.275 
221.864 228.289 200.658 222.578 143.588 160.227 190.416 189.183 219.981 225.264 196.728 217.885 140.14 156.784 185.767 185.319 
219.964 226.402 198.767 220.681 143.732 160.35 190.525 189.326 217.935 223.235 194.786 215.955 140.187 156.821 185.799 185.368 
218.008 224.492 196.853 218.758 143.851 160.537 190.655 189.419 216.045 221.293 192.724 213.904 140.214 156.788 185.866 185.449 
216.079 222.548 194.93 216.856 143.954 160.653 190.801 189.531 214.189 219.457 190.924 212.114 140.175 156.856 185.906 185.415 
214.358 220.836 193.172 215.132 144.094 160.764 190.944 189.69 212.463 217.722 189.198 210.403 140.216 156.836 185.893 185.443 
212.971 219.444 191.721 213.682 144.254 160.881 191.078 189.882 211.066 216.373 187.799 209.001 140.307 156.982 185.912 185.436 
211.582 218.076 190.317 212.262 144.322 161.082 191.214 189.919 209.666 214.944 186.402 207.58 140.305 157.017 185.976 185.475 
210.042 216.583 188.824 210.745 144.418 161.215 191.352 190.024 208.158 213.435 184.848 206.043 140.315 157.033 186.001 185.476 
208.633 215.213 187.469 209.38 144.514 161.248 191.423 190.146 206.782 212.067 183.451 204.64 140.371 157.012 186.005 185.508 
207.649 214.154 186.382 208.35 144.581 161.29 191.503 190.238 205.724 211.022 182.369 203.564 140.434 157.033 186.059 185.583 
206.643 213.136 185.393 207.389 144.628 161.373 191.582 190.292 204.717 209.993 181.337 202.571 140.464 157.03 186.096 185.647 
205.796 212.252 184.509 206.541 144.712 161.425 191.615 190.347 203.911 209.193 180.538 201.766 140.457 157.085 186.087 185.62 
205.049 211.486 183.758 205.78 144.769 161.437 191.644 190.418 203.082 208.388 179.757 200.965 140.429 157.125 186.094 185.586 
204.336 210.788 183.036 205.042 144.792 161.454 191.697 190.476 202.387 207.637 179.006 200.253 140.475 157.092 186.119 185.647 
203.796 210.306 182.504 204.499 144.834 161.574 191.776 190.512 201.912 207.181 178.547 199.811 140.524 157.145 186.129 185.668 
203.411 209.909 182.122 204.146 144.902 161.639 191.805 190.549 201.491 206.798 178.151 199.419 140.547 157.191 186.123 185.644 
203.054 209.567 181.768 203.777 144.884 161.644 191.83 190.54 201.18 206.482 177.819 199.071 140.508 157.099 186.132 185.695 
202.859 209.378 181.539 203.558 144.864 161.653 191.871 190.563 200.981 206.287 177.608 198.823 140.51 157.094 186.135 185.712 
202.798 209.281 181.454 203.498 144.889 161.654 191.858 190.545 200.89 206.18 177.472 198.684 140.462 157.068 186.152 185.733 
202.773 209.237 181.42 203.458 144.914 161.611 191.849 190.581 200.882 206.171 177.427 198.671 140.483 157.088 186.164 185.746 
202.76 209.204 181.402 203.459 144.919 161.562 191.835 190.615 200.883 206.187 177.431 198.67 140.523 157.11 186.17 185.75 
202.771 209.227 181.424 203.475 144.93 161.58 191.838 190.63 200.875 206.188 177.428 198.651 140.496 157.107 186.197 185.749 
202.273 208.83 181.034 203.013 144.97 161.665 191.914 190.686 200.333 205.635 177.003 198.226 140.505 157.14 186.174 185.689 
202.169 208.734 180.886 202.888 144.957 161.665 191.934 190.709 200.334 205.625 176.938 198.192 140.58 157.13 186.16 185.758 
202.861 209.423 181.607 203.629 144.862 161.539 191.859 190.654 201.137 206.444 177.755 199.009 140.533 157.089 186.125 185.73 
203.871 210.411 182.594 204.609 144.819 161.536 191.775 190.548 202.085 207.421 178.729 199.964 140.525 157.128 186.148 185.71 
204.938 211.514 183.701 205.675 144.757 161.467 191.708 190.464 203.131 208.425 179.743 201.012 140.496 157.027 186.143 185.737 
206.154 212.75 184.856 206.813 144.712 161.441 191.649 190.387 204.297 209.612 180.884 202.122 140.48 157.046 186.135 185.713 
207.313 213.888 186.017 208 144.627 161.303 191.52 190.294 205.483 210.795 182.1 203.344 140.453 157.011 186.097 185.649 
208.708 215.274 187.378 209.396 144.589 161.221 191.419 190.212 206.868 212.167 183.512 204.775 140.423 156.962 186.047 185.599 
210.29 216.792 188.931 210.988 144.45 161.073 191.313 190.118 208.455 213.777 185.057 206.328 140.414 157.009 186.049 185.592 
211.827 218.363 190.465 212.49 144.335 160.925 191.205 190.037 210.093 215.358 186.627 207.922 140.435 156.988 186.034 185.627 
213.401 219.942 192.052 214.094 144.198 160.813 191.113 189.922 211.691 216.96 188.237 209.531 140.448 156.912 185.982 185.628 
215.088 221.59 193.749 215.791 144.073 160.69 190.989 189.773 213.348 218.626 189.904 211.162 140.365 156.884 185.956 185.571 
216.948 223.451 195.574 217.606 143.909 160.528 190.877 189.648 215.224 220.465 191.756 213.038 140.317 156.812 185.915 185.534 
218.871 225.377 197.502 219.524 143.787 160.398 190.699 189.479 217.15 222.406 193.724 215.018 140.302 156.797 185.843 185.483 
220.864 227.403 199.522 221.534 143.673 160.253 190.536 189.312 219.117 224.381 195.688 216.977 140.199 156.727 185.82 185.436 
222.892 229.421 201.548 223.539 143.547 160.164 190.414 189.166 221.185 226.44 197.741 219.019 140.221 156.758 185.815 185.429 
225.034 231.537 203.579 225.633 143.402 159.967 190.263 189.044 223.305 228.581 199.871 221.126 140.154 156.702 185.788 185.395 
227.187 233.69 205.8 227.795 143.243 159.758 190.09 188.931 225.481 230.773 202.039 223.271 140.096 156.616 185.714 185.327 
229.309 235.766 207.898 229.929 143.106 159.641 189.929 188.73 227.753 232.975 204.2 225.467 140.116 156.55 185.657 185.331 
231.558 238.039 210.088 232.121 142.992 159.474 189.741 188.586 230.008 235.228 206.475 227.741 140.09 156.592 185.623 185.288 
233.876 240.348 212.365 234.43 142.851 159.38 189.62 188.446 232.165 237.363 208.646 229.898 140.053 156.487 185.584 185.261 
236.079 242.553 214.614 236.641 142.704 159.252 189.465 188.298 234.419 239.657 210.91 232.129 139.956 156.382 185.53 185.203 
238.327 244.857 216.844 238.82 142.515 159.062 189.323 188.15 236.741 241.971 213.289 234.483 139.917 156.396 185.5 185.118 
240.623 247.138 219.242 241.208 142.306 158.839 189.151 187.97 238.984 244.255 215.561 236.726 139.899 156.418 185.485 185.083 
242.976 249.436 221.591 243.591 142.192 158.621 188.947 187.803 241.317 246.552 217.905 239.12 139.865 156.325 185.418 185.05 
245.197 251.632 223.785 245.768 142.006 158.466 188.763 187.619 243.707 248.89 220.219 241.428 139.858 156.245 185.4 185.054 
247.407 253.832 226.011 247.974 141.837 158.318 188.591 187.441 245.933 251.09 222.406 243.654 139.894 156.257 185.349 185.045 
249.75 256.14 228.3 250.32 141.715 158.19 188.441 187.282 248.094 253.252 224.624 245.826 139.811 156.2 185.301 184.98 
251.952 258.348 230.528 252.512 141.585 158.092 188.31 187.135 250.321 255.492 226.816 248.01 139.768 156.201 185.291 184.954 
254.015 260.438 232.551 254.524 141.437 157.982 188.195 186.996 252.386 257.529 228.907 250.112 139.713 156.13 185.23 184.905 
255.945 262.377 234.532 256.448 141.292 157.788 188.038 186.882 254.35 259.514 230.892 252.072 139.728 156.153 185.197 184.894 
257.688 264.109 236.318 258.235 141.124 157.6 187.887 186.732 256.206 261.407 232.736 253.889 139.689 156.105 185.174 184.862 
259.563 265.944 238.128 260.104 140.966 157.47 187.734 186.556 258.068 263.277 234.587 255.764 139.685 156.12 185.124 184.783 
261.455 267.848 240.029 261.983 140.783 157.327 187.589 186.371 259.887 265.055 236.42 257.593 139.624 156.055 185.079 184.721 
263.192 269.552 241.775 263.711 140.719 157.239 187.508 186.31 261.591 266.77 238.097 259.257 139.59 156.03 185.056 184.707 
264.884 271.287 243.445 265.348 140.622 157.187 187.416 186.203 263.27 268.459 239.802 260.952 139.54 156.032 185.015 184.637 
266.541 272.963 245.118 267.001 140.552 157.103 187.321 186.143 264.949 270.083 241.451 262.631 139.501 155.986 184.975 184.635 
267.969 274.38 246.563 268.452 140.487 156.981 187.195 186.065 266.378 271.566 242.906 264.036 139.532 155.963 184.949 184.649 
269.215 275.611 247.836 269.743 140.324 156.842 187.107 185.93 267.693 272.907 244.232 265.36 139.461 155.916 184.93 184.61 
270.499 276.885 249.103 271.013 140.259 156.806 187.043 185.863 268.924 274.121 245.524 266.607 139.422 155.978 184.93 184.52 
271.615 277.999 250.24 272.13 140.131 156.634 186.918 185.748 270.054 275.232 246.601 267.712 139.441 155.953 184.913 184.523 
272.607 278.966 251.207 273.1 140.053 156.56 186.833 185.689 271.014 276.22 247.586 268.671 139.456 155.96 184.832 184.457 
273.435 279.778 252.025 273.943 140.015 156.517 186.785 185.643 271.811 277.016 248.389 269.47 139.397 155.914 184.815 184.398 
274.196 280.568 252.787 274.696 140.014 156.567 186.732 185.532 272.557 277.752 249.14 270.242 139.431 155.89 184.799 184.421 
274.733 281.11 253.33 275.208 139.98 156.53 186.702 185.505 273.1 278.254 249.669 270.777 139.389 155.838 184.804 184.467 
275.217 281.564 253.828 275.713 139.9 156.472 186.69 185.491 273.597 278.754 250.123 271.233 139.325 155.852 184.83 184.453 
275.586 281.928 254.21 276.103 139.848 156.496 186.711 185.462 273.941 279.103 250.455 271.599 139.365 155.885 184.826 184.448 
275.818 282.159 254.427 276.327 139.844 156.452 186.686 185.452 274.195 279.363 250.694 271.83 139.395 155.893 184.805 184.445 
275.906 282.229 254.545 276.459 139.847 156.391 186.649 185.456 274.283 279.446 250.816 271.933 139.368 155.89 184.788 184.416 
275.907 282.238 254.571 276.487 139.832 156.373 186.623 185.435 274.298 279.445 250.835 271.965 139.38 155.878 184.799 184.43 
275.865 282.202 254.548 276.445 139.815 156.349 186.602 185.412 274.26 279.437 250.806 271.927 139.37 155.863 184.795 184.428 
275.843 282.182 254.509 276.387 139.819 156.375 186.609 185.399 274.203 279.438 250.792 271.884 139.358 155.887 184.78 184.384 
275.827 282.14 254.463 276.358 139.808 156.403 186.617 185.392 274.174 279.42 250.777 271.868 139.35 155.902 184.777 184.35 
275.718 282.049 254.362 276.263 139.804 156.446 186.634 185.385 274.04 279.231 250.622 271.74 139.281 155.853 184.769 184.333 
275.422 281.768 254.074 275.96 139.843 156.455 186.637 185.424 273.727 278.9 250.274 271.384 139.305 155.832 184.801 184.383 
275.029 281.407 253.673 275.516 139.892 156.459 186.673 185.501 273.38 278.549 249.961 271.059 139.346 155.825 184.809 184.411 
274.652 281.011 253.274 275.111 139.935 156.519 186.705 185.509 273.01 278.171 249.599 270.695 139.407 155.883 184.785 184.402 
274.126 280.423 252.743 274.618 139.965 156.546 186.738 185.524 272.474 277.622 249.048 270.158 139.454 155.954 184.791 184.407 
273.344 279.641 251.974 273.875 140.032 156.586 186.771 185.599 271.698 276.817 248.254 269.366 139.432 155.903 184.807 184.462 
272.249 278.599 250.933 272.791 140.106 156.69 186.852 185.65 270.598 275.728 247.209 268.319 139.384 155.935 184.829 184.439 
271.077 277.462 249.753 271.582 140.169 156.803 186.956 185.706 269.403 274.53 245.935 267.038 139.389 155.918 184.883 184.504 
269.855 276.244 248.546 270.335 140.287 156.927 187.038 185.777 268.044 273.178 244.659 265.745 139.473 155.968 184.912 184.544 
268.266 274.644 246.982 268.826 140.379 156.988 187.157 185.941 266.516 271.681 243.119 264.241 139.497 156.034 184.937 184.537 
266.53 272.872 245.254 267.142 140.481 157.135 187.273 186.037 264.807 269.961 241.482 262.589 139.426 156.028 184.926 184.499 
264.608 270.973 243.422 265.263 140.616 157.253 187.372 186.132 262.934 268.105 239.707 260.815 139.491 156.122 184.973 184.542 
262.687 269.069 241.467 263.291 140.702 157.351 187.513 186.261 260.999 266.157 237.684 258.83 139.554 156.125 185.025 184.625 
260.879 267.243 239.631 261.471 140.855 157.433 187.63 186.398 259.162 264.375 235.885 256.999 139.604 156.144 185.027 184.658 
259.074 265.445 237.818 259.642 141.008 157.578 187.733 186.527 257.319 262.507 234.042 255.128 139.629 156.128 185.076 184.707 
256.975 263.345 235.77 257.552 141.111 157.726 187.875 186.676 255.213 260.357 232.014 253.12 139.645 156.166 185.119 184.764 
254.706 261.115 233.535 255.36 141.282 157.885 188.051 186.852 252.998 258.138 229.78 250.911 139.679 156.238 185.143 184.76 
252.695 259.047 231.461 253.35 141.456 158.029 188.225 187.027 250.837 256.027 227.644 248.76 139.715 156.311 185.189 184.768 
250.471 256.849 229.325 251.194 141.613 158.204 188.376 187.177 248.648 253.843 225.362 246.512 139.767 156.343 185.24 184.857 
248.169 254.546 227.012 248.888 141.748 158.351 188.515 187.318 246.407 251.637 223.141 244.26 139.774 156.378 185.286 184.905 
246.071 252.451 224.892 246.769 141.951 158.489 188.633 187.492 244.3 249.552 221.035 242.131 139.806 156.413 185.346 184.958 
243.942 250.351 222.795 244.67 142.09 158.635 188.787 187.642 242.179 247.388 218.856 239.991 139.917 156.403 185.353 185.004 
241.782 248.168 220.555 242.421 142.23 158.767 188.936 187.802 239.987 245.151 216.671 237.845 139.973 156.384 185.363 185.062 
239.366 245.691 218.18 240 142.454 158.872 189.048 188.003 237.694 242.766 214.319 235.556 140.177 156.448 185.363 185.159 
236.955 243.287 215.597 237.405 142.609 158.961 189.266 188.18 235.167 240.209 211.781 233.003 140.092 156.247 185.334 185.147 
234.731 241.097 213.413 235.172 142.814 159.091 189.417 188.363 232.997 238.039 209.659 230.827 140.25 156.214 185.329 185.244 
232.498 238.855 211.196 232.948 142.974 159.232 189.535 188.503 230.732 235.762 207.328 228.507 140.409 156.35 185.363 185.326 
230.258 236.592 208.919 230.624 143.151 159.308 189.658 188.697 228.221 233.258 204.767 225.921 140.454 156.2 185.405 185.471 
228.108 234.392 206.676 228.461 143.358 159.49 189.818 188.847 226.077 231.037 202.484 223.651 140.518 156.199 185.455 185.527 
225.978 232.272 204.583 226.326 143.52 159.592 189.974 189.017 224.136 229.118 200.529 221.731 140.578 156.208 185.48 185.609 
224.104 230.403 202.661 224.435 143.663 159.739 190.141 189.19 222.225 227.21 198.633 219.797 140.564 156.194 185.499 185.613 
222.24 228.566 200.826 222.61 143.741 159.862 190.291 189.333 220.394 225.383 196.798 218.025 140.574 156.243 185.528 185.613 
220.341 226.696 198.999 220.8 143.85 160.091 190.45 189.423 218.543 223.568 195.077 216.26 140.464 156.343 185.554 185.522 
218.351 224.728 197.076 218.913 143.965 160.311 190.607 189.526 216.531 221.601 193.207 214.369 140.398 156.53 185.635 185.467 
216.492 222.941 195.239 217.11 144.006 160.515 190.784 189.645 214.553 219.716 191.246 212.395 140.409 156.688 185.732 185.497 
214.756 221.23 193.504 215.38 144.112 160.649 190.948 189.813 212.803 217.967 189.435 210.595 140.393 156.721 185.795 185.505 
213.059 219.491 191.755 213.651 144.266 160.751 191.091 189.979 211.207 216.345 187.8 208.982 140.479 156.739 185.832 185.574 
211.623 218.035 190.263 212.206 144.359 160.868 191.176 190.028 209.648 214.812 186.213 207.429 140.501 156.823 185.916 185.615 
210.177 216.648 188.88 210.768 144.431 161.003 191.277 190.068 208.275 213.437 184.815 206.043 140.491 156.851 185.936 185.643 
208.875 215.368 187.527 209.397 144.567 161.08 191.359 190.183 207.042 212.202 183.591 204.801 140.577 156.839 185.928 185.678 
207.786 214.249 186.371 208.224 144.711 161.124 191.438 190.326 205.967 211.094 182.51 203.721 140.676 156.754 185.912 185.747 
206.764 213.158 185.335 207.185 144.794 161.101 191.476 190.415 204.881 209.953 181.341 202.568 140.746 156.61 185.883 185.833 
205.853 212.24 184.405 206.258 144.875 161.163 191.522 190.453 203.993 209.069 180.415 201.615 140.797 156.583 185.866 185.861 
205.012 211.354 183.495 205.349 144.947 161.185 191.57 190.525 203.186 208.203 179.584 200.791 140.836 156.573 185.847 185.869 
204.311 210.688 182.763 204.61 145.017 161.214 191.605 190.601 202.421 207.38 178.822 200.057 140.888 156.517 185.826 185.899 
203.767 210.183 182.257 204.067 145.053 161.284 191.64 190.638 201.91 206.913 178.314 199.584 140.916 156.62 185.857 185.894 
203.377 209.767 181.832 203.642 145.069 161.353 191.657 190.626 201.483 206.524 177.883 199.107 140.921 156.612 185.862 185.928 
203.043 209.407 181.509 203.338 145.098 161.289 191.658 190.669 201.221 206.242 177.552 198.76 140.941 156.598 185.852 185.942 
202.866 209.23 181.291 203.136 145.122 161.257 191.692 190.727 201.067 206.036 177.354 198.582 140.944 156.575 185.89 185.968 
202.791 209.172 181.195 203.04 145.145 161.312 191.716 190.728 200.997 205.943 177.286 198.533 140.94 156.576 185.914 185.971 
202.755 209.135 181.176 203.004 145.126 161.293 191.7 190.719 200.963 205.952 177.244 198.445 140.888 156.556 185.925 185.974 
202.729 209.079 181.168 202.998 145.122 161.215 191.676 190.724 200.958 205.96 177.242 198.427 140.92 156.587 185.93 186.021 
202.757 209.09 181.17 203.001 145.146 161.235 191.702 190.753 200.976 205.931 177.269 198.488 140.939 156.564 185.911 186.015 
202.403 208.805 180.901 202.698 145.191 161.329 191.761 190.81 200.576 205.554 176.955 198.155 140.92 156.555 185.893 185.965 
202.115 208.552 180.622 202.432 145.243 161.339 191.767 190.872 200.307 205.364 176.69 197.882 140.95 156.615 185.914 185.956 
202.528 208.959 181.012 202.833 145.171 161.301 191.723 190.781 200.758 205.793 177.084 198.264 140.939 156.489 185.921 186.035 
203.401 209.856 181.89 203.697 145.071 161.317 191.682 190.655 201.707 206.735 178.027 199.212 140.936 156.494 185.891 185.995 
204.444 210.867 182.89 204.706 145.02 161.217 191.59 190.598 202.712 207.679 179.015 200.252 140.908 156.387 185.838 185.994 
205.545 211.959 183.963 205.754 144.932 161.089 191.512 190.542 203.812 208.844 180.078 201.299 140.932 156.469 185.815 185.962 
206.686 213.121 185.087 206.887 144.903 161.043 191.464 190.494 205.013 210.035 181.308 202.526 140.924 156.343 185.721 185.926 
208.065 214.466 186.405 208.25 144.836 160.953 191.346 190.376 206.351 211.372 182.643 203.807 140.884 156.307 185.739 185.94 
209.487 215.913 187.897 209.677 144.718 160.849 191.245 190.285 207.754 212.723 183.954 205.146 140.848 156.27 185.733 185.945 
210.987 217.485 189.393 211.094 144.625 160.744 191.15 190.193 209.282 214.22 185.548 206.768 140.794 156.168 185.691 185.918 
212.67 219.107 191.102 212.863 144.525 160.593 191.007 190.068 210.969 215.979 187.303 208.487 140.838 156.324 185.687 185.84 
214.407 220.847 192.793 214.564 144.353 160.389 190.878 189.953 212.696 217.688 188.938 210.114 140.809 156.211 185.638 185.84 
216.254 222.663 194.577 216.364 144.262 160.333 190.729 189.781 214.635 219.563 190.82 212.023 140.775 156.141 185.582 185.83 
218.135 224.516 196.35 218.119 144.123 160.127 190.6 189.701 216.533 221.451 192.716 213.902 140.737 156.117 185.535 185.792 
220.086 226.429 198.313 220.113 143.985 159.96 190.494 189.62 218.384 223.284 194.563 215.771 140.656 156.001 185.54 185.809 
222.088 228.44 200.326 222.105 143.824 159.761 190.33 189.478 220.378 225.266 196.523 217.732 140.617 155.892 185.487 185.818 
224.189 230.571 202.487 224.251 143.72 159.674 190.152 189.28 222.589 227.472 198.706 219.887 140.631 155.9 185.431 185.747 
226.289 232.681 204.591 226.328 143.572 159.511 190.005 189.111 224.749 229.666 200.874 222.044 140.563 155.958 185.412 185.638 
228.481 234.859 206.785 228.518 143.394 159.291 189.833 188.968 226.927 231.829 203.064 224.22 140.518 155.863 185.342 185.585 
230.653 237.063 209.002 230.658 143.191 159.064 189.713 188.845 229.22 234.154 205.458 226.628 140.519 155.892 185.314 185.556 
233.082 239.422 211.324 233.041 143.066 158.934 189.561 188.685 231.49 236.364 207.7 228.867 140.477 155.748 185.277 185.556 
235.398 241.74 213.661 235.396 142.924 158.804 189.346 188.5 233.789 238.683 209.979 231.115 140.433 155.692 185.253 185.541 
237.603 243.974 215.888 237.559 142.783 158.652 189.203 188.368 235.984 240.837 212.162 233.299 140.368 155.644 185.201 185.459 
239.866 246.224 218.079 239.759 142.61 158.415 189.042 188.217 238.219 243.023 214.297 235.409 140.288 155.459 185.158 185.444 
242.232 248.587 220.458 242.145 142.463 158.332 188.869 188.012 240.605 245.49 216.742 237.862 140.259 155.611 185.151 185.375 
244.388 250.722 222.682 244.355 142.274 158.191 188.692 187.79 242.763 247.661 218.885 240.013 140.256 155.566 185.093 185.348 
246.592 252.962 224.891 246.533 142.112 158.031 188.532 187.623 244.978 249.845 221.085 242.2 140.216 155.465 185.046 185.336 
248.848 255.186 227.161 248.866 141.997 157.861 188.364 187.521 247.277 252.225 223.458 244.581 140.207 155.622 185.049 185.283 
250.973 257.318 229.286 250.995 141.824 157.758 188.253 187.363 249.372 254.303 225.613 246.718 140.112 155.486 185.001 185.233 
253.08 259.442 231.338 253.021 141.656 157.631 188.165 187.258 251.525 256.426 227.719 248.842 140.132 155.493 184.943 185.163 
255.157 261.48 233.422 255.124 141.48 157.437 188.008 187.127 253.613 258.533 229.828 250.948 140.086 155.521 184.915 185.104 
257.174 263.489 235.448 257.163 141.347 157.227 187.842 186.974 255.622 260.547 231.893 252.978 140.065 155.476 184.897 185.093 
259.108 265.404 237.445 259.151 141.169 157.186 187.706 186.764 257.548 262.499 233.818 254.906 140.03 155.539 184.88 185.023 
260.915 267.187 239.203 260.928 141.074 157.106 187.571 186.651 259.346 264.326 235.628 256.719 140.018 155.591 184.82 184.936 
262.603 268.931 240.892 262.597 141.065 157.104 187.463 186.529 261.013 266.002 237.298 258.349 139.941 155.577 184.786 184.886 
264.124 270.424 242.51 264.226 140.911 156.964 187.321 186.38 262.65 267.581 238.897 259.965 139.862 155.448 184.737 184.892 
265.733 272.056 244.118 265.787 140.702 156.838 187.197 186.226 264.299 269.225 240.592 261.658 139.884 155.446 184.753 184.906 
267.219 273.557 245.64 267.314 140.53 156.744 187.146 186.128 265.733 270.671 241.97 263.079 139.887 155.45 184.746 184.913 
268.588 274.919 247.009 268.712 140.519 156.68 187.064 186.046 267.042 272.034 243.389 264.455 139.851 155.54 184.728 184.817 
269.814 276.114 248.245 269.98 140.432 156.561 186.954 185.943 268.34 273.29 244.681 265.779 139.792 155.514 184.704 184.743 
271.012 277.281 249.44 271.167 140.348 156.442 186.844 185.889 269.517 274.454 245.856 266.931 139.765 155.427 184.653 184.709 
272.18 278.399 250.564 272.33 140.324 156.394 186.771 185.843 270.6 275.501 246.925 268.027 139.806 155.389 184.631 184.728 
273.066 279.362 251.512 273.228 140.201 156.368 186.733 185.737 271.515 276.441 247.855 268.94 139.728 155.357 184.628 184.731 
273.974 280.214 252.361 274.103 140.143 156.322 186.652 185.642 272.377 277.331 248.696 269.803 139.776 155.499 184.633 184.7 
274.549 280.852 253.005 274.724 140.077 156.305 186.596 185.538 272.968 277.914 249.364 270.459 139.772 155.486 184.611 184.652 
275.056 281.36 253.515 275.245 140.054 156.248 186.59 185.554 273.483 278.446 249.85 270.906 139.7 155.435 184.626 184.644 
275.5 281.729 253.975 275.747 139.986 156.151 186.534 185.527 273.91 278.917 250.289 271.353 139.666 155.468 184.617 184.606 
275.858 282.066 254.322 276.071 139.971 156.151 186.514 185.491 274.279 279.306 250.684 271.744 139.656 155.571 184.631 184.579 
